88,-1,803.51,495.5,434.11,142.85,27.6,-1,-1
150,-1,1769.6,698.42,150.4,196.89,31.7,-1,-1
151,-1,1771.26,699.01,148.74,198.78,37.2,-1,-1
152,-1,1772.04,696.27,147.96,201.02,28.6,-1,-1
153,-1,1773.06,698.12,146.94,197.58,28.9,-1,-1
154,-1,1776.23,704.23,143.75,189.4,36.3,-1,-1
155,-1,1775.8,705.19,144.2,190.7,33.4,-1,-1
279,-1,1306.2,730.4,612.4,331.86,26.7,-1,-1
281,-1,1328.85,743.31,591.15,323.74,43.7,-1,-1
282,-1,1326.42,727.47,592.81,342.36,46.8,-1,-1
283,-1,1333.16,737.25,586.1,331.95,28.4,-1,-1
284,-1,1337.63,740.36,581.59,327.45,25.0,-1,-1
304,-1,1615.78,572.58,304.22,324.74,29.5,-1,-1
306,-1,1604.93,486.47,314.41,427.46,38.6,-1,-1
307,-1,1618.14,513.27,301.25,419.72,31.4,-1,-1
308,-1,1620.28,467.38,299.01,471.98,26.3,-1,-1
309,-1,1617.59,460.71,301.72,472.26,27.0,-1,-1
310,-1,807.13,512.17,380.47,202.37,31.2,-1,-1
311,-1,813.55,471.79,370.85,244.7,31.5,-1,-1
311,-1,1630.14,510.11,289.15,431.14,26.7,-1,-1
312,-1,800.27,516.88,381.34,199.48,31.1,-1,-1
312,-1,1635.39,537.71,283.93,406.87,30.2,-1,-1
312,-1,813.04,573.25,368.52,137.08,25.4,-1,-1
315,-1,781.23,487.07,404.45,235.54,28.4,-1,-1
316,-1,782.29,480.65,400.16,243.79,38.6,-1,-1
316,-1,804.17,552.93,378.23,167.13,33.4,-1,-1
316,-1,1637.11,519.0,282.23,427.56,28.8,-1,-1
317,-1,781.6,515.41,399.13,208.2,25.6,-1,-1
318,-1,776.54,514.11,401.23,213.09,37.7,-1,-1
318,-1,798.72,574.4,377.83,153.26,33.8,-1,-1
319,-1,779.18,575.75,397.25,154.94,37.9,-1,-1
319,-1,777.11,500.85,400.68,227.53,30.7,-1,-1
320,-1,777.28,504.02,400.7,223.53,36.3,-1,-1
320,-1,777.62,572.1,396.55,155.5,26.9,-1,-1
321,-1,780.55,511.92,399.41,214.72,30.1,-1,-1
327,-1,771.64,547.02,1148.36,211.93,25.0,-1,-1
329,-1,774.73,553.61,1145.27,200.88,32.3,-1,-1
331,-1,796.23,552.06,1123.77,213.65,36.1,-1,-1
331,-1,1644.41,654.85,275.59,320.67,32.6,-1,-1
334,-1,1634.14,645.57,285.86,340.41,26.1,-1,-1
335,-1,1649.67,650.08,270.33,369.18,25.3,-1,-1
336,-1,1648.78,657.05,271.22,349.52,33.4,-1,-1
337,-1,1655.25,678.4,264.75,327.71,48.2,-1,-1
338,-1,1652.76,703.52,267.24,307.21,52.3,-1,-1
338,-1,1657.46,764.84,262.43,198.82,34.4,-1,-1
339,-1,1652.15,721.11,267.85,278.46,50.4,-1,-1
339,-1,1658.13,769.73,261.87,196.98,44.4,-1,-1
340,-1,1658.19,744.01,261.81,244.24,52.6,-1,-1
340,-1,1662.42,781.58,257.31,174.1,32.4,-1,-1
341,-1,1656.51,716.56,263.49,258.29,45.5,-1,-1
342,-1,844.17,564.15,1075.83,230.18,46.8,-1,-1
342,-1,1657.7,721.9,262.3,250.34,33.5,-1,-1
343,-1,845.35,555.21,1074.65,256.6,28.1,-1,-1
345,-1,1661.09,699.2,258.91,283.06,39.5,-1,-1
346,-1,1658.02,709.55,261.98,277.25,39.0,-1,-1
347,-1,1662.38,712.24,257.62,302.79,38.7,-1,-1
348,-1,1665.59,714.17,254.41,307.57,33.7,-1,-1
349,-1,1664.87,715.57,255.13,297.98,30.3,-1,-1
349,-1,857.6,573.22,1059.89,227.52,30.2,-1,-1
350,-1,1666.79,714.18,253.21,267.98,35.7,-1,-1
351,-1,1668.99,725.31,251.01,255.93,41.8,-1,-1
352,-1,1663.8,715.92,256.2,265.75,35.1,-1,-1
353,-1,1667.97,706.93,252.03,294.4,42.4,-1,-1
354,-1,866.4,564.4,1048.75,252.66,35.9,-1,-1
354,-1,1666.34,690.93,253.66,292.98,28.8,-1,-1
355,-1,1665.85,709.21,254.15,267.85,34.1,-1,-1
358,-1,1652.74,718.72,267.26,252.39,28.3,-1,-1
359,-1,1660.11,721.14,259.89,247.42,29.7,-1,-1
362,-1,1651.03,698.18,268.97,282.66,28.0,-1,-1
363,-1,907.12,561.06,405.16,215.88,30.7,-1,-1
363,-1,1656.54,694.01,263.46,300.58,26.3,-1,-1
364,-1,1655.99,700.72,264.01,293.79,28.6,-1,-1
365,-1,1654.54,704.41,265.46,293.36,34.8,-1,-1
365,-1,909.25,575.82,1009.46,235.39,27.9,-1,-1
366,-1,1663.01,713.91,256.99,280.95,45.1,-1,-1
367,-1,1668.58,728.1,251.42,266.91,54.5,-1,-1
367,-1,1672.82,793.7,246.37,185.98,32.1,-1,-1
368,-1,1663.54,718.92,256.46,275.76,51.6,-1,-1
368,-1,1668.49,798.59,250.71,181.47,33.9,-1,-1
369,-1,1662.5,715.32,257.5,274.35,45.4,-1,-1
369,-1,928.8,621.88,398.85,155.69,37.5,-1,-1
369,-1,1667.72,801.59,251.47,178.25,25.5,-1,-1
370,-1,925.77,620.05,400.03,159.45,45.5,-1,-1
370,-1,1651.83,697.55,268.17,306.06,36.9,-1,-1
373,-1,929.36,601.53,865.06,210.03,35.0,-1,-1
374,-1,945.55,654.6,405.9,133.61,25.5,-1,-1
375,-1,1626.78,605.13,292.56,390.7,29.7,-1,-1
375,-1,952.74,661.62,409.37,129.03,25.1,-1,-1
378,-1,925.91,571.65,900.07,264.1,25.7,-1,-1
379,-1,920.59,584.52,847.95,247.22,38.0,-1,-1
380,-1,925.28,586.93,847.29,253.66,36.2,-1,-1
381,-1,929.27,602.09,912.54,243.73,26.3,-1,-1
382,-1,932.86,582.62,908.18,269.67,34.1,-1,-1
383,-1,930.16,577.07,850.39,276.46,45.7,-1,-1
384,-1,940.76,567.41,840.13,296.51,46.6,-1,-1
385,-1,942.13,558.81,953.66,321.46,41.5,-1,-1
391,-1,946.65,581.67,920.86,287.64,32.1,-1,-1
399,-1,1594.53,765.33,325.47,261.3,28.9,-1,-1
400,-1,1592.32,746.39,327.68,281.36,31.3,-1,-1
401,-1,1596.32,733.91,323.68,309.3,26.2,-1,-1
402,-1,1586.19,714.31,333.81,323.55,32.8,-1,-1
403,-1,954.46,567.97,744.17,308.29,28.8,-1,-1
403,-1,1580.04,701.68,339.96,333.19,28.1,-1,-1
407,-1,950.25,571.97,724.99,305.64,38.2,-1,-1
426,-1,928.58,539.36,990.54,358.33,28.3,-1,-1
430,-1,897.79,517.24,1014.96,368.56,26.3,-1,-1
431,-1,916.59,628.03,429.57,203.09,40.7,-1,-1
431,-1,897.06,506.74,1013.5,385.69,25.5,-1,-1
432,-1,895.45,519.15,993.27,377.84,26.5,-1,-1
459,-1,866.69,634.81,357.26,153.99,36.5,-1,-1
460,-1,866.04,635.32,357.59,155.36,59.5,-1,-1
461,-1,863.55,632.95,364.31,154.3,37.0,-1,-1
462,-1,861.19,635.12,370.3,149.17,27.9,-1,-1
463,-1,860.45,630.58,370.93,155.77,26.1,-1,-1
465,-1,852.71,632.44,387.74,151.9,31.2,-1,-1
466,-1,849.83,622.76,380.6,167.14,45.5,-1,-1
468,-1,846.52,630.43,368.59,151.3,34.6,-1,-1
742,-1,965.37,588.75,949.49,384.96,29.2,-1,-1
750,-1,976.93,625.12,937.26,356.2,25.0,-1,-1
751,-1,971.58,619.13,939.94,361.65,27.7,-1,-1
758,-1,965.62,559.14,945.86,422.7,29.9,-1,-1
761,-1,960.33,575.07,955.23,413.13,25.3,-1,-1
765,-1,954.49,594.64,960.18,396.09,30.5,-1,-1
777,-1,947.26,568.06,971.43,449.74,29.1,-1,-1
778,-1,948.09,574.24,971.91,438.12,27.9,-1,-1
779,-1,949.38,557.14,970.62,457.32,34.7,-1,-1
780,-1,952.11,558.95,967.89,460.98,29.8,-1,-1
781,-1,951.07,560.88,968.93,465.08,27.1,-1,-1
782,-1,952.13,563.06,967.87,458.51,27.4,-1,-1
783,-1,951.94,580.66,968.06,435.4,25.2,-1,-1
785,-1,951.13,581.76,968.87,434.64,28.9,-1,-1
788,-1,952.36,611.43,967.64,390.91,25.4,-1,-1
791,-1,954.3,595.32,965.7,409.09,30.6,-1,-1
793,-1,950.67,580.27,969.33,427.88,27.3,-1,-1
793,-1,271.4,739.44,1620.67,329.07,27.0,-1,-1
796,-1,294.71,728.65,1479.19,349.63,27.0,-1,-1
797,-1,310.22,726.74,1496.53,350.02,38.1,-1,-1
825,-1,957.34,628.17,555.7,198.35,27.3,-1,-1
827,-1,951.89,610.41,967.63,349.16,28.8,-1,-1
828,-1,952.47,603.26,967.05,358.48,26.5,-1,-1
829,-1,954.99,610.55,965.01,343.8,41.3,-1,-1
830,-1,955.25,602.28,964.75,376.2,41.3,-1,-1
831,-1,210.39,729.94,1371.91,349.56,38.0,-1,-1
831,-1,954.15,584.88,965.85,434.49,31.6,-1,-1
832,-1,227.35,732.47,1343.06,346.05,34.2,-1,-1
832,-1,956.43,582.11,963.57,424.32,31.6,-1,-1
832,-1,959.4,602.77,960.45,284.58,29.6,-1,-1
833,-1,189.25,746.06,1362.6,333.94,46.9,-1,-1
833,-1,958.65,588.45,961.35,379.39,37.6,-1,-1
833,-1,959.9,611.74,959.36,248.07,34.7,-1,-1
834,-1,158.9,745.28,1375.61,334.72,57.4,-1,-1
834,-1,961.07,597.42,958.93,292.23,38.8,-1,-1
835,-1,962.01,601.69,957.99,255.22,45.6,-1,-1
835,-1,158.16,746.26,1400.62,332.47,32.4,-1,-1
835,-1,955.49,581.25,961.51,427.73,26.4,-1,-1
836,-1,170.1,735.78,1426.76,344.22,49.2,-1,-1
836,-1,962.69,607.87,956.82,285.7,43.2,-1,-1
837,-1,170.2,736.67,1368.45,343.33,49.9,-1,-1
837,-1,962.0,599.4,958.0,350.75,46.7,-1,-1
838,-1,167.74,742.03,1344.88,337.97,57.9,-1,-1
838,-1,966.04,584.61,953.96,389.52,36.0,-1,-1
839,-1,160.25,739.77,1376.07,340.23,47.9,-1,-1
839,-1,974.76,620.49,944.98,253.06,38.5,-1,-1
839,-1,972.15,593.62,947.85,368.76,38.0,-1,-1
840,-1,98.84,743.67,1426.55,336.33,46.2,-1,-1
840,-1,972.75,600.8,947.25,257.33,25.7,-1,-1
841,-1,64.9,738.66,1461.68,341.34,54.7,-1,-1
841,-1,972.43,591.94,947.57,254.97,30.6,-1,-1
842,-1,59.04,735.11,1471.71,344.89,51.5,-1,-1
842,-1,974.03,587.35,945.97,279.32,38.9,-1,-1
843,-1,124.28,736.3,1396.79,343.7,58.5,-1,-1
843,-1,971.2,570.49,948.8,361.12,42.2,-1,-1
844,-1,81.79,740.08,1441.34,339.92,48.9,-1,-1
844,-1,973.68,579.33,946.32,383.92,46.0,-1,-1
844,-1,977.77,603.87,942.23,263.68,44.5,-1,-1
845,-1,93.66,741.8,1410.42,338.2,57.5,-1,-1
845,-1,974.87,571.01,945.13,372.7,44.8,-1,-1
846,-1,83.27,746.55,1405.71,333.45,51.6,-1,-1
846,-1,976.18,577.7,943.82,332.78,40.8,-1,-1
847,-1,62.11,748.47,1435.14,331.53,48.9,-1,-1
847,-1,976.69,575.25,943.31,301.19,30.4,-1,-1
848,-1,106.26,738.3,1401.13,341.7,55.9,-1,-1
848,-1,981.35,579.0,938.65,255.61,31.4,-1,-1
849,-1,146.12,744.99,1372.98,335.01,50.4,-1,-1
850,-1,183.75,739.0,1334.01,341.0,51.3,-1,-1
851,-1,172.71,743.07,1318.71,336.93,53.4,-1,-1
852,-1,174.95,746.48,1333.1,329.78,25.7,-1,-1
853,-1,174.85,757.45,1295.19,308.09,26.2,-1,-1
854,-1,171.51,748.5,1332.79,322.28,28.2,-1,-1
855,-1,140.92,739.46,1330.79,339.67,37.3,-1,-1
856,-1,135.56,735.78,1319.23,344.21,47.3,-1,-1
857,-1,156.36,734.38,1456.27,340.9,31.3,-1,-1
858,-1,84.08,733.38,1372.51,344.61,45.6,-1,-1
859,-1,65.99,731.09,1395.06,347.51,50.3,-1,-1
859,-1,434.22,745.39,1026.97,326.37,43.5,-1,-1
860,-1,9.28,732.27,1450.84,347.73,53.2,-1,-1
861,-1,3.41,733.49,1465.99,345.0,48.8,-1,-1
861,-1,401.51,749.34,1064.44,321.2,40.3,-1,-1
862,-1,11.84,736.21,1462.23,340.24,51.1,-1,-1
862,-1,434.99,750.16,1037.68,319.52,48.6,-1,-1
863,-1,0.0,732.9,1461.21,342.18,42.8,-1,-1
864,-1,122.37,742.17,1320.41,329.2,36.7,-1,-1
864,-1,424.83,744.16,1267.98,325.96,32.0,-1,-1
865,-1,4.9,727.64,1423.95,352.36,49.3,-1,-1
865,-1,423.74,747.08,1011.47,322.65,37.3,-1,-1
866,-1,11.28,724.59,1417.82,355.41,48.0,-1,-1
866,-1,313.11,747.95,1139.04,321.84,27.1,-1,-1
867,-1,58.51,738.32,1373.09,333.98,47.2,-1,-1
868,-1,74.92,732.85,1354.89,339.58,55.0,-1,-1
869,-1,81.98,731.63,1373.95,341.19,55.0,-1,-1
870,-1,93.98,736.25,1363.82,335.73,50.6,-1,-1
871,-1,158.45,733.94,1294.17,336.04,48.7,-1,-1
872,-1,442.55,742.01,996.33,326.62,32.5,-1,-1
873,-1,440.09,742.12,979.42,325.4,40.1,-1,-1
874,-1,438.73,743.66,988.99,325.03,40.6,-1,-1
875,-1,448.69,740.46,971.25,328.48,45.6,-1,-1
876,-1,457.97,754.39,972.4,313.95,44.6,-1,-1
877,-1,462.21,760.4,975.04,306.6,42.4,-1,-1
878,-1,462.44,758.32,975.83,310.07,46.8,-1,-1
879,-1,452.16,755.27,968.4,312.57,44.7,-1,-1
880,-1,457.78,759.4,964.56,303.32,26.8,-1,-1
882,-1,464.35,759.47,942.75,308.02,42.2,-1,-1
882,-1,41.44,738.94,1363.79,335.44,27.0,-1,-1
883,-1,459.5,765.33,953.57,301.46,32.7,-1,-1
884,-1,1057.37,557.35,862.16,466.02,29.3,-1,-1
884,-1,103.88,757.17,1302.26,314.17,27.9,-1,-1
885,-1,1061.33,555.86,858.1,454.22,32.3,-1,-1
885,-1,399.54,746.35,1008.07,323.71,31.0,-1,-1
886,-1,1060.2,552.88,859.24,458.24,36.0,-1,-1
886,-1,461.93,756.61,949.0,311.41,34.8,-1,-1
886,-1,19.44,729.5,1386.28,346.52,27.2,-1,-1
887,-1,1062.18,556.83,857.03,463.86,41.1,-1,-1
887,-1,0.0,724.87,1399.15,352.17,25.4,-1,-1
889,-1,23.29,734.57,1344.94,332.7,25.0,-1,-1
891,-1,0.82,720.99,1367.15,359.01,38.5,-1,-1
892,-1,1068.76,548.38,850.5,476.94,31.0,-1,-1
893,-1,1068.62,547.53,850.24,471.06,26.0,-1,-1
894,-1,1074.5,546.63,844.41,483.36,29.6,-1,-1
894,-1,460.83,747.67,1206.03,308.0,26.0,-1,-1
894,-1,91.02,741.8,1287.64,304.95,25.3,-1,-1
894,-1,1077.05,565.33,842.95,333.2,25.0,-1,-1
895,-1,1072.87,545.37,846.06,476.9,31.1,-1,-1
895,-1,463.07,746.34,1373.29,309.66,27.0,-1,-1
895,-1,1075.9,564.23,844.1,320.63,25.7,-1,-1
896,-1,1074.72,553.13,844.02,487.01,29.0,-1,-1
896,-1,459.87,754.55,1391.46,301.61,25.0,-1,-1
897,-1,1078.84,553.73,840.23,467.28,30.3,-1,-1
897,-1,467.52,753.06,911.84,289.59,26.2,-1,-1
898,-1,1082.84,552.29,836.55,470.34,31.2,-1,-1
898,-1,474.08,751.51,895.5,302.18,27.7,-1,-1
898,-1,1082.64,579.03,837.36,277.92,25.8,-1,-1
898,-1,468.37,748.29,1278.92,312.35,25.4,-1,-1
899,-1,461.47,742.77,1422.18,310.59,27.6,-1,-1
900,-1,457.45,741.16,1415.98,321.95,30.1,-1,-1
900,-1,451.12,735.21,890.25,316.61,28.4,-1,-1
900,-1,1083.7,542.05,836.0,477.86,26.2,-1,-1
903,-1,464.91,746.85,1430.28,316.22,36.7,-1,-1
903,-1,473.75,749.19,920.51,304.73,29.9,-1,-1
904,-1,468.18,748.52,1421.7,318.0,35.6,-1,-1
904,-1,476.2,750.68,890.11,311.85,33.6,-1,-1
905,-1,477.32,738.52,857.55,326.95,35.8,-1,-1
905,-1,463.44,734.22,1417.4,334.85,32.7,-1,-1
906,-1,468.55,727.89,875.92,337.62,43.2,-1,-1
906,-1,457.56,718.71,1406.98,349.28,39.4,-1,-1
907,-1,466.51,729.29,873.95,337.56,45.1,-1,-1
907,-1,456.21,721.66,1376.8,346.75,40.9,-1,-1
908,-1,469.99,731.76,877.62,331.04,35.4,-1,-1
908,-1,461.83,724.16,1422.46,343.01,33.6,-1,-1
909,-1,468.95,734.77,870.84,327.92,44.0,-1,-1
909,-1,464.91,723.96,1276.89,337.83,31.4,-1,-1
910,-1,469.68,731.41,874.79,332.24,37.3,-1,-1
910,-1,460.99,722.51,1304.21,343.87,33.9,-1,-1
911,-1,470.26,732.52,878.57,332.88,45.8,-1,-1
911,-1,455.48,714.02,1435.82,351.85,28.9,-1,-1
912,-1,473.19,731.11,857.52,333.86,52.8,-1,-1
913,-1,474.78,727.18,824.28,337.78,48.3,-1,-1
914,-1,468.44,730.86,841.14,335.87,49.0,-1,-1
915,-1,468.23,735.66,841.41,330.99,42.2,-1,-1
916,-1,465.99,733.62,852.88,327.34,37.4,-1,-1
917,-1,479.63,731.72,798.24,331.93,37.9,-1,-1
917,-1,448.3,722.81,1370.76,344.45,27.8,-1,-1
918,-1,66.06,732.72,1215.53,333.46,32.6,-1,-1
918,-1,468.64,737.98,834.71,327.66,32.3,-1,-1
919,-1,468.42,731.95,819.16,334.33,37.1,-1,-1
920,-1,466.66,738.53,797.38,327.57,46.2,-1,-1
921,-1,468.61,741.0,800.04,324.69,51.1,-1,-1
922,-1,464.3,736.3,819.2,329.96,49.6,-1,-1
922,-1,38.94,734.73,1235.31,334.25,25.6,-1,-1
923,-1,464.43,733.95,832.6,333.41,45.0,-1,-1
923,-1,41.09,731.96,1241.71,338.15,25.1,-1,-1
924,-1,1123.52,540.31,795.45,496.3,28.2,-1,-1
925,-1,1123.77,536.67,794.75,501.77,31.3,-1,-1
927,-1,1126.83,544.31,792.05,496.56,27.9,-1,-1
928,-1,1126.95,539.6,792.03,504.09,30.7,-1,-1
929,-1,1128.63,544.44,790.2,486.31,36.1,-1,-1
930,-1,1129.6,557.97,788.94,474.7,36.5,-1,-1
930,-1,475.33,721.33,791.22,348.14,28.3,-1,-1
931,-1,1133.21,556.75,785.36,481.99,44.4,-1,-1
931,-1,477.5,718.04,780.18,350.37,29.7,-1,-1
932,-1,1135.63,558.74,782.58,477.41,46.1,-1,-1
932,-1,478.07,714.79,773.58,352.9,30.3,-1,-1
933,-1,1138.72,545.42,779.29,495.44,36.7,-1,-1
933,-1,425.91,688.8,1493.05,391.2,26.4,-1,-1
934,-1,466.32,726.5,776.12,336.79,33.1,-1,-1
934,-1,1140.08,570.41,777.61,460.64,30.4,-1,-1
935,-1,468.91,725.2,769.54,340.84,29.7,-1,-1
936,-1,471.27,717.19,764.84,351.31,31.1,-1,-1
937,-1,470.71,724.99,767.09,343.48,28.7,-1,-1
938,-1,468.58,719.55,777.27,349.86,28.4,-1,-1
942,-1,319.64,736.35,902.53,333.23,25.2,-1,-1
943,-1,373.07,739.41,810.9,328.19,30.7,-1,-1
944,-1,267.77,740.47,913.23,328.23,29.2,-1,-1
947,-1,419.56,721.16,772.42,346.06,33.3,-1,-1
948,-1,418.05,719.81,765.45,346.99,44.2,-1,-1
948,-1,1154.41,550.07,763.35,480.22,32.7,-1,-1
949,-1,1151.41,549.11,766.68,492.44,28.1,-1,-1
949,-1,429.27,727.56,741.43,341.24,27.5,-1,-1
950,-1,1153.12,562.82,764.83,474.68,40.5,-1,-1
950,-1,414.32,720.39,751.55,348.93,39.0,-1,-1
950,-1,63.96,720.0,1104.03,351.86,25.5,-1,-1
951,-1,415.26,714.97,748.26,354.33,43.8,-1,-1
951,-1,4.07,712.02,1161.63,362.62,33.4,-1,-1
952,-1,426.89,718.3,741.67,350.52,44.8,-1,-1
952,-1,8.85,712.1,1161.6,360.4,34.2,-1,-1
952,-1,1154.2,550.92,764.46,487.04,27.7,-1,-1
953,-1,434.46,721.68,739.9,346.29,60.0,-1,-1
953,-1,1154.49,551.21,764.36,488.48,26.7,-1,-1
954,-1,438.41,723.76,736.83,344.17,64.2,-1,-1
955,-1,436.51,727.33,739.19,339.97,69.1,-1,-1
955,-1,1158.48,561.48,759.53,481.65,27.3,-1,-1
956,-1,439.01,728.67,724.74,338.12,55.4,-1,-1
956,-1,1161.99,559.74,755.76,475.77,37.0,-1,-1
957,-1,436.71,722.4,703.6,344.8,49.0,-1,-1
957,-1,1160.98,560.34,756.59,467.66,27.0,-1,-1
959,-1,1162.13,564.62,754.94,466.64,31.6,-1,-1
960,-1,1162.87,570.14,754.42,463.08,25.1,-1,-1
962,-1,1165.73,569.6,751.46,472.07,29.1,-1,-1
963,-1,1166.19,580.93,750.47,449.86,33.3,-1,-1
964,-1,1166.49,585.47,750.24,452.5,33.0,-1,-1
965,-1,1162.83,574.49,754.03,468.22,29.3,-1,-1
965,-1,361.07,716.84,755.99,352.8,25.1,-1,-1
966,-1,360.59,725.33,742.59,342.8,29.0,-1,-1
967,-1,1161.66,581.35,755.29,460.83,37.4,-1,-1
967,-1,395.01,724.24,705.26,343.69,32.3,-1,-1
968,-1,1164.61,583.22,752.23,455.77,45.7,-1,-1
969,-1,1167.85,580.05,748.85,458.22,41.1,-1,-1
969,-1,399.67,726.92,713.74,341.68,33.3,-1,-1
970,-1,1167.56,577.4,749.21,457.48,44.5,-1,-1
971,-1,1171.48,576.35,744.98,445.61,47.0,-1,-1
972,-1,1172.25,576.85,744.56,456.77,45.4,-1,-1
973,-1,1172.19,576.62,744.26,444.07,46.9,-1,-1
973,-1,399.03,717.11,698.28,350.41,32.0,-1,-1
974,-1,1170.99,575.73,745.77,460.11,42.3,-1,-1
974,-1,400.15,723.74,729.73,342.97,36.7,-1,-1
974,-1,397.03,706.09,1009.34,362.02,28.0,-1,-1
975,-1,398.7,726.13,714.21,340.74,37.2,-1,-1
975,-1,1172.16,585.3,744.97,451.44,36.5,-1,-1
976,-1,1172.61,603.62,743.64,440.42,41.6,-1,-1
977,-1,1173.08,597.36,743.05,444.56,30.2,-1,-1
977,-1,392.14,719.11,1400.03,348.85,25.9,-1,-1
978,-1,391.61,700.18,1467.17,367.9,27.5,-1,-1
978,-1,424.18,695.78,641.54,369.08,25.7,-1,-1
979,-1,1175.08,605.77,740.89,431.05,25.4,-1,-1
982,-1,1177.63,584.04,738.42,458.85,27.1,-1,-1
982,-1,390.5,717.55,1485.61,353.2,25.8,-1,-1
982,-1,416.48,710.43,632.85,360.37,25.1,-1,-1
983,-1,381.68,714.88,1442.15,358.64,29.1,-1,-1
984,-1,383.33,711.22,1382.44,364.47,29.3,-1,-1
986,-1,380.32,712.51,1411.18,361.56,26.2,-1,-1
987,-1,382.71,703.26,1469.8,371.16,25.8,-1,-1
993,-1,1181.19,598.76,735.69,445.49,25.5,-1,-1
1006,-1,0.0,134.55,225.22,308.57,25.3,-1,-1
1007,-1,0.0,136.66,227.1,300.18,39.1,-1,-1
1008,-1,0.0,132.92,234.18,315.39,34.0,-1,-1
1008,-1,367.18,719.06,1491.12,360.94,26.1,-1,-1
1009,-1,1.04,129.8,252.14,295.58,29.8,-1,-1
1010,-1,355.33,718.05,1514.09,358.66,25.6,-1,-1
1011,-1,340.7,730.35,1547.56,344.07,28.0,-1,-1
1023,-1,373.61,747.19,530.76,324.25,30.3,-1,-1
1025,-1,375.09,734.84,531.6,335.38,33.7,-1,-1
1031,-1,347.27,742.64,1036.52,326.14,25.0,-1,-1
1032,-1,349.67,733.18,1547.6,337.05,32.7,-1,-1
1032,-1,346.55,744.66,1067.9,324.72,31.3,-1,-1
1033,-1,347.69,744.97,1046.08,323.03,32.8,-1,-1
1033,-1,349.43,734.67,1546.39,332.87,32.3,-1,-1
1034,-1,344.11,742.59,1006.05,325.21,31.5,-1,-1
1034,-1,344.21,741.69,1471.13,325.43,30.9,-1,-1
1035,-1,339.55,747.69,1090.31,321.09,29.6,-1,-1
1035,-1,346.63,737.19,1488.63,328.86,26.6,-1,-1
1036,-1,337.83,747.18,1122.18,321.62,30.9,-1,-1
1037,-1,345.24,746.08,1072.93,322.9,35.6,-1,-1
1038,-1,333.43,749.66,1053.25,318.33,31.8,-1,-1
1038,-1,341.4,741.26,1511.91,324.55,30.0,-1,-1
1039,-1,337.54,742.92,1010.36,325.08,32.9,-1,-1
1039,-1,343.83,734.8,1505.45,330.71,28.9,-1,-1
1041,-1,347.62,735.91,1532.43,326.3,26.6,-1,-1
1042,-1,344.34,742.43,896.08,324.07,25.3,-1,-1
1043,-1,341.99,743.75,901.78,320.86,25.6,-1,-1
1060,-1,311.48,738.94,1141.19,329.43,25.5,-1,-1
1061,-1,311.86,738.34,1146.77,330.24,33.4,-1,-1
1062,-1,310.85,738.01,1122.52,331.26,25.7,-1,-1
1064,-1,309.57,732.96,1082.86,335.23,28.9,-1,-1
1065,-1,310.94,737.62,1029.42,330.32,26.8,-1,-1
1070,-1,319.01,733.39,1022.66,335.79,26.4,-1,-1
1073,-1,314.58,728.88,1038.19,341.23,26.0,-1,-1
1074,-1,1253.38,581.37,666.62,344.17,32.1,-1,-1
1075,-1,1253.18,580.68,666.82,363.61,26.0,-1,-1
1075,-1,311.6,729.47,1043.24,337.55,25.1,-1,-1
1079,-1,302.01,729.49,1114.62,339.33,25.6,-1,-1
1080,-1,300.26,722.01,1179.4,348.43,26.7,-1,-1
1082,-1,1265.48,572.15,654.52,352.12,25.4,-1,-1
1083,-1,1267.99,574.2,652.01,344.39,37.1,-1,-1
1083,-1,299.36,726.82,1238.45,343.91,27.9,-1,-1
1084,-1,1276.33,582.67,643.67,341.1,39.1,-1,-1
1084,-1,296.33,728.77,1289.75,341.69,34.0,-1,-1
1085,-1,1277.34,577.42,642.66,321.64,30.3,-1,-1
1085,-1,292.96,731.09,1308.06,339.51,25.3,-1,-1
1086,-1,1278.12,580.91,641.88,339.67,34.9,-1,-1
1087,-1,1282.82,594.4,637.18,357.26,45.6,-1,-1
1088,-1,1280.08,586.25,639.92,380.1,39.7,-1,-1
1089,-1,1279.93,582.83,640.07,385.57,32.3,-1,-1
1090,-1,1278.25,583.86,641.75,392.26,26.1,-1,-1
1102,-1,254.03,739.0,1234.89,319.25,29.3,-1,-1
1103,-1,251.71,737.25,1323.43,327.13,31.1,-1,-1
1111,-1,1257.07,604.93,662.93,378.48,32.0,-1,-1
1117,-1,1253.71,594.92,666.29,410.15,37.5,-1,-1
1118,-1,1249.03,591.24,670.97,417.56,25.7,-1,-1
1121,-1,1245.58,599.39,674.42,403.02,29.1,-1,-1
1129,-1,1238.72,601.93,677.04,397.57,44.9,-1,-1
1130,-1,1238.65,614.58,677.4,346.03,34.1,-1,-1
1131,-1,1232.33,615.6,687.67,400.97,36.1,-1,-1
1132,-1,1231.11,612.51,688.89,402.52,39.2,-1,-1
1133,-1,1231.13,612.65,684.97,351.04,29.3,-1,-1
1137,-1,39.51,754.72,1144.87,306.95,32.8,-1,-1
1138,-1,40.32,742.97,1256.19,322.98,31.8,-1,-1
1139,-1,30.57,747.16,1314.09,316.44,25.1,-1,-1
1141,-1,1224.02,640.94,575.16,243.74,26.4,-1,-1
1144,-1,1198.44,604.93,718.15,325.66,26.6,-1,-1
1145,-1,1195.9,611.47,720.63,324.61,27.8,-1,-1
1148,-1,1181.76,630.54,735.92,293.48,32.9,-1,-1
1149,-1,1179.69,640.32,738.99,274.86,25.1,-1,-1
1150,-1,0.0,762.9,1204.07,306.39,27.5,-1,-1
1151,-1,0.09,760.47,1237.59,312.39,41.4,-1,-1
1151,-1,1174.9,635.22,743.55,277.33,25.6,-1,-1
1152,-1,0.56,763.44,1247.68,310.58,36.4,-1,-1
1153,-1,1164.58,636.1,750.34,271.46,26.1,-1,-1
1154,-1,1.41,765.76,1237.84,309.7,28.2,-1,-1
1155,-1,2.38,770.23,1207.5,303.83,34.5,-1,-1
1157,-1,1.09,774.46,1217.52,297.94,29.5,-1,-1
1158,-1,1.64,767.21,1175.18,306.06,30.1,-1,-1
1161,-1,3.58,759.15,1167.96,320.85,29.8,-1,-1
1162,-1,2.69,777.78,1141.09,302.22,46.3,-1,-1
1163,-1,2.71,802.14,1131.7,277.86,30.0,-1,-1
1164,-1,2.82,794.16,1134.28,285.84,47.9,-1,-1
1165,-1,3.62,784.94,1123.56,295.06,55.0,-1,-1
1166,-1,4.12,786.06,1138.64,293.94,43.3,-1,-1
1167,-1,3.55,801.06,1121.06,278.94,38.7,-1,-1
1168,-1,3.2,773.36,1124.75,306.64,44.5,-1,-1
1169,-1,3.41,793.86,1104.44,286.14,48.5,-1,-1
1170,-1,0.53,777.25,1045.95,302.75,42.6,-1,-1
1171,-1,0.74,775.2,1054.19,304.8,44.5,-1,-1
1172,-1,0.31,783.96,1012.38,296.04,43.1,-1,-1
1173,-1,0.56,795.31,1050.63,284.69,38.7,-1,-1
1174,-1,0.53,814.32,1019.25,265.68,32.4,-1,-1
1175,-1,0.28,811.86,967.46,268.14,40.6,-1,-1
1176,-1,0.32,827.81,976.4,252.19,38.9,-1,-1
1177,-1,0.63,822.72,951.8,257.28,44.5,-1,-1
1178,-1,1.26,826.92,943.16,253.08,45.9,-1,-1
1179,-1,1.16,829.79,849.67,250.21,43.5,-1,-1
1180,-1,0.13,822.77,867.73,257.23,47.0,-1,-1
1180,-1,1050.7,638.5,819.35,281.37,26.4,-1,-1
1181,-1,0.21,823.85,820.9,256.15,45.5,-1,-1
1182,-1,0.0,806.5,831.95,273.5,40.5,-1,-1
1183,-1,0.0,808.03,806.59,271.97,33.2,-1,-1
1184,-1,0.0,822.6,785.27,257.4,27.2,-1,-1
1189,-1,0.0,822.1,766.29,257.9,25.2,-1,-1
1196,-1,1041.12,631.95,820.81,273.32,28.5,-1,-1
1201,-1,1024.14,628.99,883.44,281.49,32.8,-1,-1
1202,-1,1021.99,635.67,839.15,271.25,30.8,-1,-1
1203,-1,999.07,632.55,914.49,274.61,29.0,-1,-1
1204,-1,997.03,629.74,913.1,277.03,39.8,-1,-1
1205,-1,988.43,627.81,922.2,284.18,48.2,-1,-1
1206,-1,988.67,632.38,921.77,277.05,45.6,-1,-1
1207,-1,981.84,631.21,927.45,278.92,38.4,-1,-1
1208,-1,982.18,633.99,927.69,272.87,39.8,-1,-1
1209,-1,978.67,633.3,932.23,275.91,33.5,-1,-1
1210,-1,975.53,629.69,936.44,281.61,31.5,-1,-1
1211,-1,974.83,632.19,937.39,281.72,29.5,-1,-1
1243,-1,907.79,640.95,1006.22,281.37,28.7,-1,-1
1244,-1,903.96,649.5,1011.04,268.67,29.1,-1,-1
1245,-1,903.01,654.34,1009.06,271.9,25.8,-1,-1
1247,-1,893.1,649.93,1022.19,269.67,25.2,-1,-1
1249,-1,890.31,661.08,1022.32,260.12,29.5,-1,-1
1320,-1,816.32,637.03,1100.44,295.41,29.4,-1,-1
1326,-1,804.26,634.51,1115.74,299.21,28.9,-1,-1
1495,-1,958.71,613.49,909.15,424.82,36.5,-1,-1
1496,-1,963.9,607.63,914.54,418.4,36.2,-1,-1
1497,-1,969.65,593.1,917.7,433.23,33.2,-1,-1
1507,-1,1157.8,521.95,734.39,388.21,26.5,-1,-1
1508,-1,1179.54,518.15,733.75,396.82,41.5,-1,-1
1514,-1,1656.51,687.09,262.7,392.91,27.0,-1,-1
1515,-1,1655.29,706.77,263.97,373.23,31.8,-1,-1
1516,-1,1650.54,710.65,268.74,369.35,32.0,-1,-1
1528,-1,1641.05,746.37,278.95,333.63,26.6,-1,-1
1542,-1,988.2,465.63,353.19,227.4,27.5,-1,-1
1547,-1,1030.45,487.34,380.1,220.45,31.2,-1,-1
1548,-1,1040.28,494.97,404.36,212.25,27.0,-1,-1
1549,-1,1049.55,498.29,364.17,196.33,38.3,-1,-1
1554,-1,1071.04,504.89,392.21,199.36,31.3,-1,-1
1554,-1,1071.85,498.38,231.3,190.94,26.4,-1,-1
1555,-1,1070.93,491.23,421.95,245.09,39.1,-1,-1
1565,-1,1079.51,522.34,504.25,286.87,27.1,-1,-1
1566,-1,1077.51,523.43,523.09,308.24,36.3,-1,-1
1567,-1,1073.9,530.6,524.07,273.4,46.6,-1,-1
1568,-1,1062.75,532.66,533.98,266.13,51.7,-1,-1
1569,-1,1057.71,542.33,556.39,246.52,62.7,-1,-1
1570,-1,1061.21,547.94,556.28,242.56,44.8,-1,-1
1571,-1,1062.8,554.18,551.89,235.95,29.0,-1,-1
1572,-1,1060.84,557.23,523.94,235.68,41.6,-1,-1
1580,-1,1062.49,588.07,520.34,230.28,25.3,-1,-1
1582,-1,1068.76,592.94,506.62,213.03,28.6,-1,-1
1583,-1,1070.18,591.23,499.78,228.83,26.6,-1,-1
1584,-1,1056.13,593.7,510.23,232.88,56.3,-1,-1
1585,-1,1052.91,603.85,517.88,225.62,57.1,-1,-1
1586,-1,1055.88,606.28,520.8,222.26,60.4,-1,-1
1587,-1,1055.47,603.64,522.72,236.87,48.9,-1,-1
1588,-1,1053.86,606.72,526.98,239.39,49.8,-1,-1
1589,-1,1052.41,605.7,528.67,239.64,61.0,-1,-1
1590,-1,1056.81,609.15,524.88,234.51,56.1,-1,-1
1591,-1,1061.71,614.37,519.97,227.77,45.5,-1,-1
1592,-1,1058.96,606.98,535.75,241.74,43.0,-1,-1
1593,-1,1057.91,605.53,527.96,243.29,44.0,-1,-1
1594,-1,1052.25,601.67,540.31,257.49,50.9,-1,-1
1595,-1,1026.11,583.67,575.96,288.92,41.6,-1,-1
1596,-1,1019.03,577.19,589.23,316.29,45.1,-1,-1
1597,-1,1009.24,582.54,596.31,304.78,54.7,-1,-1
1598,-1,998.65,587.29,612.73,306.99,59.6,-1,-1
1599,-1,983.01,590.71,629.31,297.97,57.3,-1,-1
1600,-1,978.53,579.13,641.37,328.52,51.3,-1,-1
1601,-1,978.69,577.75,644.06,343.12,61.6,-1,-1
1602,-1,970.38,575.0,659.01,338.62,58.8,-1,-1
1603,-1,974.38,581.0,648.2,326.63,57.3,-1,-1
1604,-1,968.05,580.98,661.52,325.23,65.1,-1,-1
1605,-1,965.83,582.08,670.46,331.17,61.8,-1,-1
1606,-1,963.38,591.61,674.57,323.64,49.2,-1,-1
1607,-1,960.8,599.65,679.07,315.39,58.9,-1,-1
1608,-1,955.2,607.85,690.12,305.96,59.7,-1,-1
1609,-1,952.26,605.99,695.34,306.2,64.1,-1,-1
1610,-1,943.12,610.84,706.01,304.59,49.0,-1,-1
1611,-1,935.86,611.69,710.1,302.71,47.0,-1,-1
1612,-1,925.83,608.94,720.29,309.11,27.7,-1,-1
1613,-1,927.12,603.28,726.33,318.58,57.6,-1,-1
1614,-1,926.35,617.74,727.73,304.86,51.9,-1,-1
1615,-1,923.24,608.66,737.69,318.76,64.4,-1,-1
1616,-1,915.01,621.68,758.85,308.7,34.8,-1,-1
1617,-1,914.35,619.0,743.54,309.36,46.1,-1,-1
1618,-1,909.52,623.83,757.7,309.34,29.7,-1,-1
1618,-1,926.18,631.9,402.15,271.35,29.3,-1,-1
1619,-1,918.87,628.86,729.95,297.19,36.8,-1,-1
1619,-1,925.06,628.69,411.6,272.57,30.1,-1,-1
1620,-1,925.52,622.93,399.07,272.97,36.6,-1,-1
1620,-1,916.39,625.45,716.38,295.55,33.5,-1,-1
1621,-1,916.24,621.64,729.04,304.66,27.7,-1,-1
1624,-1,935.58,610.88,377.75,290.58,25.0,-1,-1
1625,-1,932.44,612.4,379.04,287.4,33.3,-1,-1
1626,-1,932.39,600.56,577.92,294.74,33.1,-1,-1
1628,-1,932.38,613.66,595.46,300.73,40.3,-1,-1
1629,-1,933.96,617.13,567.59,289.01,44.9,-1,-1
1630,-1,939.01,620.27,553.37,284.91,52.9,-1,-1
1631,-1,943.6,613.42,552.13,282.28,61.4,-1,-1
1632,-1,952.4,619.75,536.59,267.55,71.3,-1,-1
1633,-1,950.81,620.15,539.67,266.89,53.6,-1,-1
1634,-1,949.77,619.27,541.71,265.37,48.1,-1,-1
1635,-1,933.84,622.57,559.47,275.07,46.6,-1,-1
1636,-1,928.78,623.43,560.06,274.89,57.1,-1,-1
1637,-1,928.14,622.66,566.08,280.98,64.5,-1,-1
1638,-1,923.08,616.04,573.18,291.63,60.3,-1,-1
1639,-1,918.04,608.54,575.69,297.28,47.1,-1,-1
1640,-1,915.61,608.72,578.77,308.81,39.2,-1,-1
1641,-1,913.39,610.71,583.18,309.47,54.4,-1,-1
1642,-1,909.22,612.22,578.1,308.33,69.3,-1,-1
1643,-1,907.65,610.49,578.8,309.53,67.6,-1,-1
1644,-1,897.79,601.23,586.14,322.52,61.7,-1,-1
1645,-1,895.61,608.02,586.5,318.42,63.3,-1,-1
1646,-1,885.08,610.49,590.37,318.73,49.7,-1,-1
1647,-1,884.62,612.55,590.66,313.57,35.1,-1,-1
1648,-1,885.52,612.36,597.18,313.43,32.9,-1,-1
1649,-1,893.34,614.91,582.49,309.03,28.1,-1,-1
1650,-1,895.82,606.69,561.83,307.72,28.1,-1,-1
1662,-1,951.29,619.86,471.26,227.68,32.0,-1,-1
1663,-1,950.79,611.65,476.61,237.48,35.8,-1,-1
1664,-1,958.48,613.77,465.75,230.76,25.4,-1,-1
1677,-1,866.89,601.62,339.01,264.7,26.0,-1,-1
1684,-1,879.55,590.64,555.2,259.63,36.2,-1,-1
1685,-1,892.95,585.46,542.69,263.74,33.1,-1,-1
1688,-1,911.33,590.2,542.17,255.41,31.3,-1,-1
1689,-1,924.08,590.14,526.44,249.49,40.1,-1,-1
1690,-1,919.08,591.67,529.25,247.98,56.0,-1,-1
1691,-1,924.98,601.12,528.03,230.8,57.7,-1,-1
1692,-1,927.26,600.48,518.55,232.39,50.3,-1,-1
1693,-1,926.4,605.02,528.82,227.64,46.8,-1,-1
1697,-1,927.6,601.19,533.33,224.61,34.3,-1,-1
1698,-1,935.08,599.49,527.31,231.91,38.8,-1,-1
1699,-1,967.0,598.12,489.08,225.48,48.0,-1,-1
1700,-1,977.98,601.35,473.14,219.45,60.0,-1,-1
1701,-1,985.56,604.08,422.88,215.22,53.7,-1,-1
1702,-1,974.32,604.69,434.86,224.14,50.3,-1,-1
1703,-1,984.36,605.37,439.27,220.31,36.9,-1,-1
1704,-1,972.78,604.92,444.22,225.09,34.8,-1,-1
1705,-1,972.3,603.95,468.66,231.61,32.5,-1,-1
1706,-1,970.79,597.11,479.45,247.05,41.2,-1,-1
1707,-1,975.74,594.79,481.13,248.21,59.0,-1,-1
1708,-1,974.81,596.17,477.88,250.55,53.1,-1,-1
1709,-1,986.92,599.09,449.46,236.47,57.2,-1,-1
1710,-1,989.44,600.28,455.36,235.36,59.4,-1,-1
1711,-1,987.98,596.0,496.01,246.03,60.0,-1,-1
1712,-1,989.45,594.79,491.58,244.47,65.1,-1,-1
1713,-1,991.85,600.98,468.66,225.66,60.4,-1,-1
1714,-1,994.78,601.14,482.19,224.47,60.6,-1,-1
1715,-1,992.6,602.5,483.72,226.49,55.4,-1,-1
1716,-1,999.09,605.92,472.31,216.08,43.4,-1,-1
1717,-1,997.36,602.38,479.06,228.22,49.1,-1,-1
1718,-1,1002.07,602.84,475.99,225.48,55.4,-1,-1
1719,-1,1002.83,605.94,475.66,224.39,55.1,-1,-1
1720,-1,998.05,609.99,474.74,214.84,39.0,-1,-1
1721,-1,1000.74,607.23,472.98,220.74,40.0,-1,-1
1722,-1,997.86,605.73,477.45,218.84,56.0,-1,-1
1723,-1,997.77,606.18,479.96,219.78,57.7,-1,-1
1724,-1,995.03,607.0,486.16,222.56,44.8,-1,-1
1725,-1,993.82,611.64,486.08,211.72,46.0,-1,-1
1726,-1,987.43,608.66,495.74,219.75,32.4,-1,-1
1727,-1,985.36,607.06,498.83,227.18,52.7,-1,-1
1728,-1,986.69,609.01,498.65,224.6,50.8,-1,-1
1729,-1,981.91,611.1,509.61,226.4,36.5,-1,-1
1734,-1,977.11,643.86,265.41,178.04,38.6,-1,-1
1735,-1,973.49,640.49,273.73,184.11,29.7,-1,-1
1740,-1,943.2,635.58,293.25,198.52,42.5,-1,-1
1742,-1,930.08,605.33,402.19,258.7,26.1,-1,-1
1743,-1,924.48,613.05,443.37,251.08,35.6,-1,-1
1743,-1,922.56,600.03,582.9,286.14,26.7,-1,-1
1744,-1,923.21,621.03,472.07,236.85,33.5,-1,-1
1745,-1,916.17,618.26,575.21,241.0,37.7,-1,-1
1746,-1,907.13,595.96,598.3,278.65,49.8,-1,-1
1747,-1,908.68,604.58,597.37,271.53,51.6,-1,-1
1748,-1,915.39,607.8,591.9,272.52,49.5,-1,-1
1749,-1,918.66,622.44,559.22,234.32,43.1,-1,-1
1750,-1,917.31,627.57,536.23,219.97,52.1,-1,-1
1751,-1,910.48,621.94,596.12,257.22,63.6,-1,-1
1752,-1,910.71,622.85,598.68,257.35,58.0,-1,-1
1753,-1,909.89,624.66,551.25,232.72,54.7,-1,-1
1754,-1,910.11,621.39,515.28,236.58,52.5,-1,-1
1755,-1,915.83,618.29,512.12,243.67,46.4,-1,-1
1756,-1,920.76,622.55,592.59,256.11,41.1,-1,-1
1757,-1,922.21,623.65,503.04,236.61,34.9,-1,-1
1758,-1,925.56,626.55,595.31,250.97,41.5,-1,-1
1759,-1,930.46,629.29,588.09,250.91,46.6,-1,-1
1760,-1,934.64,634.23,590.42,249.07,46.8,-1,-1
1761,-1,935.22,633.85,591.18,253.4,47.3,-1,-1
1764,-1,950.87,647.66,266.25,203.51,50.0,-1,-1
1765,-1,952.05,646.09,271.15,202.33,26.1,-1,-1
1766,-1,944.52,629.45,580.28,252.33,37.3,-1,-1
1767,-1,944.5,631.45,578.55,248.52,27.7,-1,-1
1768,-1,943.37,630.39,572.55,248.97,30.5,-1,-1
1769,-1,953.0,627.91,531.98,251.14,32.6,-1,-1
1770,-1,941.39,626.82,569.15,253.56,42.6,-1,-1
1771,-1,953.0,633.38,522.83,236.98,42.7,-1,-1
1771,-1,68.07,37.51,119.59,47.57,26.3,-1,-1
1772,-1,948.34,630.51,423.54,232.92,38.2,-1,-1
1772,-1,948.46,644.9,302.42,204.75,29.4,-1,-1
1773,-1,949.76,623.69,510.32,243.9,42.3,-1,-1
1774,-1,946.48,624.32,477.15,243.42,47.8,-1,-1
1775,-1,945.52,624.14,505.14,243.36,47.2,-1,-1
1776,-1,941.73,631.07,420.34,244.53,42.7,-1,-1
1777,-1,939.95,630.09,478.59,241.19,51.5,-1,-1
1778,-1,941.51,628.68,450.74,246.29,52.7,-1,-1
1779,-1,938.71,626.6,484.73,245.76,51.9,-1,-1
1779,-1,50.74,18.03,248.61,108.64,36.6,-1,-1
1780,-1,941.21,631.16,469.68,236.52,54.1,-1,-1
1780,-1,48.84,18.6,253.21,108.89,31.6,-1,-1
1781,-1,946.05,631.4,466.07,233.47,44.8,-1,-1
1781,-1,57.18,22.89,232.38,102.59,34.3,-1,-1
1782,-1,939.6,631.37,480.34,237.69,46.2,-1,-1
1782,-1,65.34,23.5,218.0,99.67,33.9,-1,-1
1783,-1,939.39,631.5,477.46,235.89,44.8,-1,-1
1783,-1,68.06,23.27,216.09,98.29,30.0,-1,-1
1784,-1,941.14,632.82,463.75,237.34,61.1,-1,-1
1784,-1,69.51,23.18,218.99,102.6,29.3,-1,-1
1785,-1,944.11,632.5,469.06,238.69,51.6,-1,-1
1785,-1,66.84,20.64,224.29,106.76,28.6,-1,-1
1786,-1,950.04,634.97,501.17,233.8,36.1,-1,-1
1786,-1,64.31,18.82,240.33,113.5,33.8,-1,-1
1787,-1,66.97,18.18,257.63,119.95,45.3,-1,-1
1787,-1,952.35,637.4,492.18,231.25,38.0,-1,-1
1788,-1,944.74,644.0,298.06,223.77,71.8,-1,-1
1788,-1,77.1,20.8,231.7,111.89,42.8,-1,-1
1789,-1,81.67,21.59,232.43,116.43,55.8,-1,-1
1789,-1,951.19,644.49,292.46,222.03,50.3,-1,-1
1790,-1,83.02,21.55,239.39,120.1,51.5,-1,-1
1790,-1,961.18,642.62,433.11,222.19,44.5,-1,-1
1790,-1,960.57,646.35,290.46,214.96,35.7,-1,-1
1791,-1,972.24,644.95,452.69,218.3,37.9,-1,-1
1791,-1,89.12,23.12,229.17,112.77,37.0,-1,-1
1791,-1,972.03,650.76,263.55,209.14,30.7,-1,-1
1792,-1,97.68,27.01,233.91,118.89,38.0,-1,-1
1793,-1,99.42,26.5,236.1,117.71,40.0,-1,-1
1793,-1,974.69,637.93,485.69,223.81,34.4,-1,-1
1794,-1,979.25,642.75,464.79,209.98,52.9,-1,-1
1794,-1,103.5,31.3,225.46,114.29,34.8,-1,-1
1795,-1,978.97,643.95,482.57,208.15,36.6,-1,-1
1795,-1,112.44,35.62,221.39,97.57,36.0,-1,-1
1795,-1,105.42,26.14,252.55,131.42,26.1,-1,-1
1796,-1,98.26,32.9,271.65,117.91,35.5,-1,-1
1796,-1,987.01,648.31,478.89,211.91,31.7,-1,-1
1797,-1,980.79,642.9,477.62,219.94,43.0,-1,-1
1797,-1,105.43,35.54,278.5,112.04,26.2,-1,-1
1798,-1,980.34,641.46,457.02,224.2,48.5,-1,-1
1798,-1,116.12,30.68,246.1,104.75,33.1,-1,-1
1799,-1,979.3,642.41,460.25,223.77,51.7,-1,-1
1799,-1,121.75,28.98,246.05,109.05,31.2,-1,-1
1800,-1,971.22,647.48,461.27,219.92,40.4,-1,-1
1800,-1,126.21,31.1,248.35,107.45,26.6,-1,-1
1801,-1,972.9,656.34,454.66,211.42,29.8,-1,-1
1802,-1,967.29,651.84,451.4,213.77,34.4,-1,-1
1803,-1,957.33,648.61,273.49,216.17,54.1,-1,-1
1804,-1,951.39,647.2,451.55,219.42,49.7,-1,-1
1804,-1,953.64,651.45,267.39,210.35,38.9,-1,-1
1805,-1,947.96,640.98,473.18,233.28,56.0,-1,-1
1805,-1,949.83,645.84,285.61,222.37,31.3,-1,-1
1806,-1,944.46,636.16,477.8,236.02,60.3,-1,-1
1806,-1,945.99,642.47,312.91,225.13,29.9,-1,-1
1807,-1,940.76,631.48,484.75,239.68,66.8,-1,-1
1808,-1,935.13,630.61,498.75,246.04,67.8,-1,-1
1808,-1,937.17,638.71,342.61,234.79,27.4,-1,-1
1809,-1,934.01,632.59,500.35,241.58,70.2,-1,-1
1810,-1,930.83,630.92,506.41,242.32,65.5,-1,-1
1811,-1,930.97,632.73,510.63,240.12,61.4,-1,-1
1812,-1,922.63,630.37,518.67,242.87,61.6,-1,-1
1813,-1,919.49,630.59,518.61,243.71,69.4,-1,-1
1814,-1,913.36,626.93,520.65,249.28,57.0,-1,-1
1814,-1,912.32,635.79,323.58,238.13,33.5,-1,-1
1815,-1,920.79,624.43,516.04,252.34,50.3,-1,-1
1815,-1,922.03,633.31,317.58,239.8,33.1,-1,-1
1816,-1,922.85,634.79,311.17,241.92,59.5,-1,-1
1817,-1,925.56,634.31,309.58,235.45,41.7,-1,-1
1818,-1,929.17,625.83,390.71,247.96,37.3,-1,-1
1819,-1,937.15,637.62,294.85,229.48,52.0,-1,-1
1820,-1,940.71,630.5,324.26,241.9,43.4,-1,-1
1820,-1,933.71,631.1,517.05,245.03,27.6,-1,-1
1821,-1,945.62,630.41,296.32,241.67,53.1,-1,-1
1822,-1,947.35,628.57,323.46,246.2,37.2,-1,-1
1823,-1,960.48,622.46,485.35,243.54,33.9,-1,-1
1823,-1,233.72,61.4,220.27,113.33,27.7,-1,-1
1824,-1,241.17,63.39,203.13,107.17,28.1,-1,-1
1825,-1,248.36,64.37,199.83,105.26,25.6,-1,-1
1826,-1,955.23,619.03,296.74,250.1,26.6,-1,-1
1826,-1,247.85,66.44,220.56,114.91,26.2,-1,-1
1827,-1,958.22,617.3,293.73,254.29,26.5,-1,-1
1828,-1,961.13,623.45,288.77,243.3,35.7,-1,-1
1829,-1,960.65,623.57,288.12,243.94,42.4,-1,-1
1830,-1,964.53,636.87,273.7,218.22,66.8,-1,-1
1830,-1,275.34,79.36,146.07,72.86,25.5,-1,-1
1831,-1,964.36,633.91,271.95,222.49,78.5,-1,-1
1832,-1,966.35,638.17,271.16,212.87,82.9,-1,-1
1833,-1,970.04,641.26,268.76,206.05,79.9,-1,-1
1834,-1,965.47,645.0,276.04,185.65,68.9,-1,-1
1835,-1,967.63,645.74,273.61,184.72,67.3,-1,-1
1835,-1,277.36,71.78,179.03,105.0,31.0,-1,-1
1835,-1,291.28,89.66,137.35,64.39,25.7,-1,-1
1836,-1,964.82,638.6,293.31,194.76,54.2,-1,-1
1836,-1,962.0,616.32,481.23,233.82,44.8,-1,-1
1836,-1,278.48,78.5,181.52,101.21,28.6,-1,-1
1837,-1,961.95,620.57,497.84,230.33,52.2,-1,-1
1838,-1,962.47,624.14,492.19,226.85,62.8,-1,-1
1839,-1,963.96,620.93,489.43,234.79,59.1,-1,-1
1840,-1,969.21,620.68,482.85,236.15,59.0,-1,-1
1841,-1,969.17,614.01,491.16,244.72,59.3,-1,-1
1842,-1,974.75,613.06,486.5,244.2,57.1,-1,-1
1843,-1,975.7,618.04,488.41,236.77,57.7,-1,-1
1844,-1,975.05,617.62,494.73,249.51,55.5,-1,-1
1845,-1,974.87,620.26,491.68,251.39,57.6,-1,-1
1846,-1,973.87,619.42,494.58,243.33,57.9,-1,-1
1847,-1,983.87,630.96,492.71,228.72,51.0,-1,-1
1848,-1,972.43,625.12,497.21,240.96,56.1,-1,-1
1848,-1,307.86,107.37,147.34,64.06,26.2,-1,-1
1849,-1,956.83,611.52,512.73,260.64,61.2,-1,-1
1850,-1,959.19,610.72,509.6,265.65,67.8,-1,-1
1851,-1,957.63,612.1,573.15,264.24,36.6,-1,-1
1852,-1,959.23,616.53,577.25,261.2,37.9,-1,-1
1856,-1,971.01,629.71,653.32,282.93,29.7,-1,-1
1857,-1,968.2,626.37,648.34,282.38,26.1,-1,-1
1859,-1,979.02,623.03,270.21,210.02,33.2,-1,-1
1860,-1,977.03,632.0,263.99,191.11,46.9,-1,-1
1861,-1,978.07,623.14,297.73,213.94,44.2,-1,-1
1861,-1,972.57,604.4,362.98,253.62,29.2,-1,-1
1862,-1,975.2,622.08,351.31,222.4,50.1,-1,-1
1863,-1,972.45,619.23,366.66,217.78,56.7,-1,-1
1864,-1,970.63,616.42,367.78,220.04,51.9,-1,-1
1864,-1,960.83,614.82,640.76,272.61,26.9,-1,-1
1865,-1,959.89,614.0,638.74,286.76,42.0,-1,-1
1865,-1,977.14,621.33,494.75,235.26,39.2,-1,-1
1866,-1,960.42,611.1,642.67,303.93,42.1,-1,-1
1866,-1,973.33,611.94,478.95,262.21,40.6,-1,-1
1867,-1,970.27,610.04,499.19,272.16,43.9,-1,-1
1868,-1,967.16,604.81,486.74,265.88,38.5,-1,-1
1868,-1,960.01,607.8,617.15,294.52,36.6,-1,-1
1869,-1,964.11,606.57,376.45,237.43,55.1,-1,-1
1870,-1,962.74,608.1,423.64,232.32,64.9,-1,-1
1871,-1,963.23,606.65,444.68,238.58,66.3,-1,-1
1872,-1,962.82,600.71,370.05,241.18,63.5,-1,-1
1873,-1,962.19,605.37,409.07,239.79,55.4,-1,-1
1873,-1,955.88,602.23,641.86,293.99,31.0,-1,-1
1874,-1,962.99,607.39,378.4,240.56,50.4,-1,-1
1874,-1,956.22,604.28,647.46,301.78,26.3,-1,-1
1875,-1,963.8,606.26,382.3,244.2,48.3,-1,-1
1876,-1,965.61,632.67,299.17,201.79,62.5,-1,-1
1877,-1,967.18,633.04,299.8,205.21,61.5,-1,-1
1878,-1,967.07,631.04,296.41,205.12,55.9,-1,-1
1878,-1,963.74,613.08,361.97,245.9,43.5,-1,-1
1879,-1,961.3,619.98,583.96,280.84,35.4,-1,-1
1879,-1,966.2,630.25,308.82,213.34,33.7,-1,-1
1879,-1,962.81,611.13,385.39,257.17,29.4,-1,-1
1880,-1,964.58,616.57,405.16,241.87,46.1,-1,-1
1880,-1,961.42,620.42,587.04,265.2,34.5,-1,-1
1881,-1,963.63,619.17,400.54,232.62,59.8,-1,-1
1882,-1,963.91,621.46,420.76,228.44,44.4,-1,-1
1882,-1,0.44,555.19,135.13,253.73,34.6,-1,-1
1882,-1,959.72,621.84,586.61,261.29,26.5,-1,-1
1883,-1,964.39,622.62,423.35,222.68,52.5,-1,-1
1883,-1,0.23,555.64,151.74,279.13,35.9,-1,-1
1884,-1,961.73,613.47,432.41,232.52,57.6,-1,-1
1884,-1,0.12,542.51,159.83,294.6,31.5,-1,-1
1885,-1,963.68,613.54,434.45,231.17,54.2,-1,-1
1885,-1,0.1,554.51,165.05,284.74,45.4,-1,-1
1886,-1,962.26,614.73,440.6,228.04,57.9,-1,-1
1886,-1,0.12,572.22,166.04,262.11,52.7,-1,-1
1887,-1,0.09,573.44,164.77,266.19,55.2,-1,-1
1887,-1,962.61,612.93,460.84,232.81,46.6,-1,-1
1888,-1,0.19,579.57,174.96,259.15,56.4,-1,-1
1888,-1,966.22,618.02,454.88,220.0,45.9,-1,-1
1889,-1,0.48,590.94,184.36,247.51,62.7,-1,-1
1889,-1,966.43,618.52,457.43,219.2,43.4,-1,-1
1890,-1,0.62,582.58,191.61,262.23,61.6,-1,-1
1890,-1,964.97,621.55,448.87,214.88,56.8,-1,-1
1891,-1,0.57,594.78,186.82,241.32,65.9,-1,-1
1891,-1,969.46,624.93,444.6,206.01,59.6,-1,-1
1892,-1,970.28,619.11,442.54,216.53,60.5,-1,-1
1892,-1,1.11,604.19,199.98,237.23,59.7,-1,-1
1893,-1,1.25,609.55,201.85,228.15,63.0,-1,-1
1893,-1,973.46,609.54,438.13,231.91,53.3,-1,-1
1894,-1,1.33,608.57,208.09,233.4,64.9,-1,-1
1894,-1,980.26,608.69,422.97,230.6,56.6,-1,-1
1895,-1,1.35,610.93,212.82,237.82,66.1,-1,-1
1895,-1,985.95,608.97,414.44,235.49,46.9,-1,-1
1895,-1,0.0,588.02,224.58,368.46,27.1,-1,-1
1896,-1,1.34,614.21,214.85,230.66,68.7,-1,-1
1896,-1,981.01,620.0,401.23,217.58,49.2,-1,-1
1896,-1,0.0,590.38,225.66,353.0,25.1,-1,-1
1897,-1,1.38,613.46,227.06,230.65,68.7,-1,-1
1897,-1,986.79,621.76,392.61,213.72,57.4,-1,-1
1898,-1,1.34,604.42,243.61,247.48,64.8,-1,-1
1898,-1,991.82,623.6,389.39,211.83,55.1,-1,-1
1899,-1,1.26,601.22,247.87,259.22,54.9,-1,-1
1899,-1,992.79,625.04,375.9,208.56,51.3,-1,-1
1900,-1,1.23,599.15,254.98,260.39,60.5,-1,-1
1900,-1,997.16,626.22,399.39,210.6,56.5,-1,-1
1901,-1,997.95,628.87,399.95,202.68,63.0,-1,-1
1901,-1,1.18,596.8,261.39,272.32,60.3,-1,-1
1902,-1,995.95,629.06,407.72,204.64,59.3,-1,-1
1902,-1,1.17,598.95,262.13,270.05,59.0,-1,-1
1903,-1,1.16,594.89,268.46,273.34,57.2,-1,-1
1903,-1,993.02,630.09,408.89,207.88,47.5,-1,-1
1904,-1,1002.0,630.87,402.37,200.37,68.1,-1,-1
1904,-1,1.2,597.96,275.16,262.41,61.9,-1,-1
1905,-1,1001.16,629.56,404.21,199.1,68.5,-1,-1
1905,-1,1.19,593.86,281.05,268.5,61.5,-1,-1
1906,-1,1006.75,626.4,400.82,205.19,69.4,-1,-1
1906,-1,1.18,596.15,282.4,267.07,63.1,-1,-1
1907,-1,1.1,593.6,300.84,266.4,64.3,-1,-1
1907,-1,1013.41,621.12,394.9,218.5,64.1,-1,-1
1908,-1,0.98,592.33,312.1,261.3,66.5,-1,-1
1908,-1,1008.78,621.94,407.46,215.11,57.0,-1,-1
1909,-1,0.85,587.67,325.72,266.35,62.3,-1,-1
1909,-1,1014.24,623.73,394.26,215.6,59.0,-1,-1
1910,-1,0.72,589.7,336.67,271.71,61.7,-1,-1
1910,-1,1012.24,622.91,411.79,220.36,58.7,-1,-1
1911,-1,0.57,584.42,348.27,288.5,61.6,-1,-1
1911,-1,1012.4,624.51,408.67,213.54,46.1,-1,-1
1912,-1,0.52,585.45,350.9,285.82,66.9,-1,-1
1912,-1,1018.47,631.36,408.69,193.92,56.8,-1,-1
1913,-1,0.52,584.12,355.7,287.98,65.8,-1,-1
1913,-1,1018.39,629.75,418.55,196.12,37.5,-1,-1
1914,-1,0.54,582.05,359.89,297.94,53.4,-1,-1
1914,-1,1022.26,627.42,416.2,197.59,43.3,-1,-1
1915,-1,0.0,584.05,362.13,287.33,50.4,-1,-1
1915,-1,1019.88,627.6,421.55,195.43,36.3,-1,-1
1916,-1,0.0,582.0,370.72,294.78,47.7,-1,-1
1916,-1,1020.04,622.58,423.45,205.28,45.8,-1,-1
1917,-1,1022.28,617.97,425.71,206.59,54.6,-1,-1
1917,-1,0.0,555.46,392.66,327.73,49.7,-1,-1
1918,-1,1029.47,619.86,425.35,198.29,60.0,-1,-1
1918,-1,0.0,558.78,391.48,335.72,45.6,-1,-1
1919,-1,0.0,560.98,395.48,330.18,50.1,-1,-1
1919,-1,1029.58,619.25,417.64,196.1,46.2,-1,-1
1920,-1,0.0,558.6,405.57,339.24,51.4,-1,-1
1920,-1,1030.14,622.99,424.64,187.49,36.5,-1,-1
1921,-1,0.0,555.45,422.85,345.1,59.0,-1,-1
1921,-1,1035.26,626.84,415.21,178.22,46.6,-1,-1
1922,-1,0.0,552.32,427.66,358.15,54.8,-1,-1
1922,-1,1032.63,621.71,415.85,183.21,51.6,-1,-1
1923,-1,0.0,549.39,428.54,361.68,53.0,-1,-1
1923,-1,1034.51,618.15,415.43,189.95,52.0,-1,-1
1924,-1,1019.23,615.81,439.19,195.73,51.4,-1,-1
1924,-1,0.0,547.41,429.91,363.15,49.4,-1,-1
1925,-1,1028.94,612.81,434.89,200.64,56.0,-1,-1
1925,-1,0.0,549.43,440.11,370.94,47.2,-1,-1
1926,-1,1030.41,619.42,398.73,185.65,47.0,-1,-1
1926,-1,0.0,546.39,454.54,369.78,45.8,-1,-1
1927,-1,1035.32,617.62,382.87,186.96,55.5,-1,-1
1927,-1,0.0,540.77,461.15,376.03,40.8,-1,-1
1928,-1,1029.72,618.83,409.89,189.03,52.8,-1,-1
1928,-1,0.0,540.44,463.67,379.89,41.8,-1,-1
1928,-1,497.51,196.64,104.77,47.95,26.1,-1,-1
1929,-1,0.0,544.71,466.45,365.98,44.6,-1,-1
1929,-1,1026.87,621.19,388.76,188.27,43.9,-1,-1
1929,-1,495.85,187.39,118.18,57.89,34.0,-1,-1
1930,-1,0.0,545.27,467.31,362.31,46.4,-1,-1
1930,-1,1020.39,617.25,400.16,192.33,41.9,-1,-1
1930,-1,496.23,189.84,117.03,56.57,34.9,-1,-1
1931,-1,1021.16,613.64,399.42,200.67,46.3,-1,-1
1931,-1,0.0,547.53,467.1,359.26,31.8,-1,-1
1931,-1,495.86,185.17,131.52,62.54,28.0,-1,-1
1932,-1,1014.14,611.45,410.15,205.43,45.7,-1,-1
1932,-1,0.0,552.44,464.87,352.44,39.1,-1,-1
1933,-1,1019.43,612.29,393.12,202.27,41.5,-1,-1
1933,-1,0.0,553.0,467.45,354.86,37.6,-1,-1
1933,-1,1024.4,624.65,270.17,175.33,26.4,-1,-1
1934,-1,1013.2,605.63,389.41,213.72,43.6,-1,-1
1934,-1,0.0,554.34,470.57,355.44,38.3,-1,-1
1935,-1,1011.36,605.16,299.93,211.2,51.1,-1,-1
1935,-1,0.0,555.0,478.08,357.44,43.9,-1,-1
1936,-1,1005.88,604.67,305.64,208.65,60.7,-1,-1
1936,-1,0.0,555.32,482.6,354.51,45.2,-1,-1
1937,-1,1004.07,604.22,301.67,207.74,62.5,-1,-1
1937,-1,0.0,556.43,485.47,353.85,42.8,-1,-1
1938,-1,1001.63,602.73,302.13,209.51,52.2,-1,-1
1938,-1,0.0,554.83,496.02,356.91,37.7,-1,-1
1939,-1,996.41,601.68,309.76,209.24,51.5,-1,-1
1939,-1,0.0,553.29,504.51,334.11,34.6,-1,-1
1940,-1,994.76,602.26,300.01,207.56,58.7,-1,-1
1940,-1,0.0,550.54,532.71,338.71,30.9,-1,-1
1941,-1,991.39,603.35,305.72,205.42,58.3,-1,-1
1941,-1,0.0,545.71,544.73,346.63,34.7,-1,-1
1941,-1,993.77,587.48,396.84,235.29,25.3,-1,-1
1942,-1,990.58,603.23,301.87,206.66,67.2,-1,-1
1942,-1,0.0,545.12,554.86,355.0,40.3,-1,-1
1943,-1,986.62,602.22,305.88,205.12,70.6,-1,-1
1943,-1,0.0,541.64,559.73,355.89,43.6,-1,-1
1944,-1,990.73,599.93,325.53,209.31,61.7,-1,-1
1944,-1,0.0,544.91,566.34,346.89,51.8,-1,-1
1945,-1,989.6,600.84,324.19,207.24,70.5,-1,-1
1945,-1,0.0,542.53,575.69,360.64,42.4,-1,-1
1946,-1,991.51,597.94,321.93,212.42,68.7,-1,-1
1946,-1,0.23,548.17,585.03,347.66,40.3,-1,-1
1947,-1,991.94,598.58,306.93,210.54,68.2,-1,-1
1947,-1,0.26,545.94,591.08,350.95,45.7,-1,-1
1948,-1,990.86,600.48,334.74,203.41,60.9,-1,-1
1948,-1,0.0,543.13,597.33,358.29,34.8,-1,-1
1949,-1,991.73,599.7,330.01,205.1,69.2,-1,-1
1949,-1,0.0,542.41,600.7,358.76,39.1,-1,-1
1950,-1,986.78,598.68,291.33,192.96,68.5,-1,-1
1950,-1,992.34,592.47,398.64,218.73,39.5,-1,-1
1950,-1,0.66,539.06,603.75,353.4,37.7,-1,-1
1951,-1,973.59,589.23,350.74,207.27,66.8,-1,-1
1951,-1,0.0,536.55,614.57,369.95,28.0,-1,-1
1952,-1,972.38,585.99,346.63,214.08,67.0,-1,-1
1952,-1,0.0,536.73,622.1,369.21,29.4,-1,-1
1953,-1,972.47,586.68,347.14,211.55,65.2,-1,-1
1953,-1,0.03,533.29,626.94,366.85,36.6,-1,-1
1954,-1,976.69,588.92,355.03,209.47,68.7,-1,-1
1954,-1,0.0,535.02,629.94,362.68,28.9,-1,-1
1955,-1,977.88,590.87,345.02,207.63,72.6,-1,-1
1955,-1,0.0,532.05,635.13,364.78,30.8,-1,-1
1956,-1,981.9,592.88,349.69,203.93,78.5,-1,-1
1956,-1,0.0,531.03,644.95,367.91,29.0,-1,-1
1957,-1,986.09,595.83,312.13,189.66,79.0,-1,-1
1957,-1,0.0,529.91,639.22,365.87,38.6,-1,-1
1958,-1,987.21,594.2,320.02,191.08,79.4,-1,-1
1958,-1,0.0,528.93,640.66,365.67,33.4,-1,-1
1959,-1,988.5,590.29,335.41,208.26,79.2,-1,-1
1960,-1,984.35,591.83,348.64,217.04,76.1,-1,-1
1961,-1,979.46,592.61,350.93,214.1,78.1,-1,-1
1962,-1,987.54,594.49,338.71,205.43,82.1,-1,-1
1963,-1,994.12,595.88,325.57,197.69,81.4,-1,-1
1964,-1,988.71,597.33,327.39,190.46,82.2,-1,-1
1965,-1,993.85,596.59,325.16,194.97,82.2,-1,-1
1966,-1,988.18,593.93,330.98,203.51,82.2,-1,-1
1967,-1,994.36,594.39,327.74,201.4,82.4,-1,-1
1967,-1,0.0,533.03,673.44,360.09,32.9,-1,-1
1968,-1,989.12,593.93,334.77,210.84,78.9,-1,-1
1968,-1,0.0,533.3,674.9,364.45,30.2,-1,-1
1969,-1,994.79,595.53,331.91,210.95,79.0,-1,-1
1969,-1,0.0,532.93,677.67,363.97,31.6,-1,-1
1970,-1,993.13,601.32,333.73,204.28,77.8,-1,-1
1970,-1,0.0,531.69,680.42,368.07,36.6,-1,-1
1971,-1,982.04,598.81,346.44,194.98,74.9,-1,-1
1971,-1,0.0,530.25,680.62,374.27,32.7,-1,-1
1972,-1,996.47,604.03,334.73,189.55,71.4,-1,-1
1972,-1,0.0,531.3,674.9,369.1,31.8,-1,-1
1973,-1,985.81,601.4,350.08,192.99,69.6,-1,-1
1974,-1,978.48,601.35,362.3,190.89,72.0,-1,-1
1974,-1,0.0,531.65,676.09,360.97,40.6,-1,-1
1975,-1,988.87,601.28,353.09,193.3,74.0,-1,-1
1975,-1,0.0,533.36,681.51,356.68,34.8,-1,-1
1976,-1,1009.08,597.48,334.15,194.46,79.8,-1,-1
1976,-1,0.0,534.26,695.85,364.17,39.6,-1,-1
1977,-1,1012.29,598.94,333.69,192.79,79.6,-1,-1
1977,-1,0.0,528.22,693.18,354.68,44.3,-1,-1
1978,-1,1014.96,598.37,329.21,199.36,77.5,-1,-1
1978,-1,0.0,526.55,698.62,360.6,38.3,-1,-1
1979,-1,1012.71,601.5,331.81,196.78,77.8,-1,-1
1979,-1,0.0,527.51,701.3,364.65,37.2,-1,-1
1980,-1,1005.84,602.55,340.04,189.76,80.3,-1,-1
1980,-1,0.0,528.44,707.09,365.46,26.7,-1,-1
1981,-1,1002.06,602.61,343.77,192.04,82.8,-1,-1
1981,-1,0.0,528.66,709.95,361.07,32.3,-1,-1
1982,-1,1004.58,602.75,346.74,188.57,80.5,-1,-1
1982,-1,0.0,529.29,714.4,363.25,36.3,-1,-1
1983,-1,998.26,596.4,363.89,199.57,81.8,-1,-1
1983,-1,0.0,529.62,713.87,360.97,26.5,-1,-1
1984,-1,1001.67,597.5,370.58,196.32,82.5,-1,-1
1984,-1,0.0,531.28,729.33,361.38,29.5,-1,-1
1985,-1,1002.82,598.27,367.91,195.44,80.0,-1,-1
1985,-1,0.0,530.67,735.61,364.8,32.0,-1,-1
1986,-1,1005.18,595.51,370.34,198.07,80.9,-1,-1
1986,-1,0.0,527.69,737.61,374.01,36.1,-1,-1
1987,-1,1013.11,596.87,357.91,194.46,78.7,-1,-1
1987,-1,0.0,526.87,746.5,376.8,25.2,-1,-1
1988,-1,1016.61,597.01,370.54,193.03,81.5,-1,-1
1988,-1,0.0,528.36,748.64,371.47,34.3,-1,-1
1989,-1,1009.08,595.69,388.09,197.07,76.3,-1,-1
1989,-1,0.0,528.0,753.67,369.56,37.6,-1,-1
1990,-1,1008.27,601.35,387.01,187.29,72.8,-1,-1
1990,-1,0.0,528.74,757.78,366.05,31.6,-1,-1
1990,-1,524.55,238.63,116.72,53.54,27.2,-1,-1
1991,-1,1013.9,602.1,381.32,185.65,71.3,-1,-1
1991,-1,522.54,239.63,116.12,54.42,28.8,-1,-1
1991,-1,0.0,527.26,761.64,371.02,26.1,-1,-1
1992,-1,1010.83,600.7,384.01,189.22,73.4,-1,-1
1992,-1,522.16,241.82,116.68,52.01,29.4,-1,-1
1992,-1,0.0,528.52,767.93,371.23,26.9,-1,-1
1993,-1,1007.31,605.84,376.85,181.69,76.3,-1,-1
1993,-1,0.0,529.07,767.81,365.4,27.6,-1,-1
1993,-1,520.15,242.13,123.21,54.25,27.5,-1,-1
1994,-1,1005.28,603.74,388.97,186.52,73.8,-1,-1
1994,-1,0.0,530.39,771.49,364.01,28.8,-1,-1
1994,-1,512.35,245.36,131.36,54.4,28.5,-1,-1
1995,-1,1007.98,605.22,385.9,185.48,59.0,-1,-1
1995,-1,0.0,529.31,774.75,363.52,34.4,-1,-1
1996,-1,1013.48,609.11,375.18,179.53,66.0,-1,-1
1997,-1,1008.62,606.17,387.62,182.03,63.1,-1,-1
1998,-1,997.77,600.69,401.22,189.26,54.1,-1,-1
1999,-1,1001.82,602.01,393.37,186.31,62.7,-1,-1
2000,-1,1008.09,604.06,387.07,183.14,64.8,-1,-1
2001,-1,1002.29,609.39,370.73,178.84,50.0,-1,-1
2001,-1,606.33,563.45,185.65,100.79,28.5,-1,-1
2002,-1,1010.46,616.73,310.29,165.22,52.1,-1,-1
2002,-1,610.59,562.0,184.42,100.42,27.0,-1,-1
2003,-1,1013.23,617.24,312.47,170.0,60.3,-1,-1
2004,-1,1013.69,615.45,294.7,171.24,61.5,-1,-1
2005,-1,1005.77,615.51,297.45,166.84,58.2,-1,-1
2006,-1,1004.88,613.74,302.42,168.33,62.1,-1,-1
2007,-1,1009.71,615.07,301.57,167.35,63.7,-1,-1
2008,-1,1010.18,618.31,295.08,163.03,63.7,-1,-1
2009,-1,1016.64,616.85,274.72,165.63,68.3,-1,-1
2010,-1,1010.81,618.26,288.3,163.31,64.5,-1,-1
2011,-1,1016.8,619.63,274.68,159.95,66.7,-1,-1
2012,-1,1013.35,618.04,270.04,162.81,70.5,-1,-1
2013,-1,1013.45,617.3,263.24,160.65,78.5,-1,-1
2014,-1,1018.28,615.41,268.0,162.44,81.4,-1,-1
2015,-1,1022.22,615.57,260.22,164.15,81.6,-1,-1
2016,-1,1018.3,612.7,270.66,169.13,81.5,-1,-1
2017,-1,1018.85,608.49,271.26,179.9,80.8,-1,-1
2018,-1,1009.98,609.79,279.56,172.85,81.3,-1,-1
2019,-1,1009.0,606.08,278.18,178.71,79.4,-1,-1
2020,-1,1003.26,603.65,281.08,180.38,79.8,-1,-1
2021,-1,1000.34,601.84,281.13,186.12,77.5,-1,-1
2022,-1,999.57,601.82,278.75,186.67,75.3,-1,-1
2023,-1,999.02,603.89,274.39,181.58,76.6,-1,-1
2024,-1,1001.24,602.75,277.4,183.88,74.9,-1,-1
2025,-1,996.08,601.8,276.45,186.72,73.5,-1,-1
2026,-1,986.21,588.86,328.22,208.31,72.6,-1,-1
2027,-1,996.09,589.54,319.65,204.65,72.1,-1,-1
2028,-1,997.06,589.91,334.71,200.0,77.4,-1,-1
2029,-1,993.46,589.11,343.27,199.24,77.2,-1,-1
2030,-1,978.26,588.95,338.07,212.81,63.2,-1,-1
2030,-1,972.88,605.19,265.77,192.54,35.2,-1,-1
2031,-1,983.49,588.27,359.19,209.21,69.3,-1,-1
2032,-1,976.67,588.12,366.03,210.72,73.2,-1,-1
2033,-1,988.76,589.85,353.78,203.77,77.7,-1,-1
2033,-1,542.32,286.08,117.71,54.91,25.0,-1,-1
2034,-1,995.77,594.86,350.46,199.64,75.6,-1,-1
2035,-1,995.19,601.21,358.03,188.67,81.7,-1,-1
2036,-1,981.15,602.35,376.51,186.61,80.6,-1,-1
2037,-1,964.81,594.42,401.01,202.09,71.5,-1,-1
2038,-1,973.86,599.47,399.38,190.25,68.8,-1,-1
2038,-1,535.4,303.42,94.81,41.98,26.9,-1,-1
2039,-1,966.7,611.41,421.05,187.48,52.3,-1,-1
2039,-1,962.8,628.46,274.05,168.01,46.3,-1,-1
2040,-1,955.87,628.89,279.2,168.47,62.8,-1,-1
2040,-1,534.75,306.22,99.63,41.99,27.9,-1,-1
2040,-1,952.92,603.97,366.41,200.14,27.9,-1,-1
2041,-1,955.81,601.85,468.66,200.62,61.0,-1,-1
2041,-1,532.89,306.0,109.25,47.19,35.0,-1,-1
2041,-1,954.45,625.4,307.72,174.25,34.7,-1,-1
2042,-1,964.17,597.72,464.75,202.93,58.2,-1,-1
2042,-1,967.38,628.9,278.28,165.48,34.5,-1,-1
2043,-1,950.98,594.46,480.04,218.24,63.3,-1,-1
2043,-1,953.89,623.0,322.64,179.95,36.1,-1,-1
2044,-1,954.58,593.82,481.48,217.31,65.3,-1,-1
2044,-1,957.34,615.14,379.77,187.01,32.4,-1,-1
2045,-1,954.33,595.73,479.69,218.47,67.9,-1,-1
2045,-1,955.46,615.13,363.17,188.59,35.3,-1,-1
2046,-1,953.37,595.73,479.3,219.41,75.4,-1,-1
2047,-1,954.95,593.24,479.04,224.83,71.9,-1,-1
2048,-1,955.8,592.11,477.82,232.27,66.0,-1,-1
2049,-1,957.15,605.25,477.89,209.76,56.4,-1,-1
2049,-1,960.49,620.06,291.1,185.56,30.3,-1,-1
2050,-1,958.08,604.19,470.8,214.66,50.5,-1,-1
2050,-1,965.72,632.95,260.6,168.84,26.5,-1,-1
2051,-1,965.56,611.1,464.49,214.92,63.3,-1,-1
2052,-1,965.89,612.4,465.13,212.71,57.6,-1,-1
2053,-1,968.39,611.03,455.31,212.5,68.0,-1,-1
2054,-1,971.7,618.6,444.63,201.12,72.0,-1,-1
2055,-1,969.12,623.69,455.91,196.11,69.2,-1,-1
2056,-1,965.17,627.54,459.09,192.39,56.6,-1,-1
2057,-1,962.89,623.23,471.24,198.8,40.6,-1,-1
2058,-1,975.72,632.27,449.53,187.47,45.3,-1,-1
2059,-1,986.05,627.83,441.89,189.97,45.1,-1,-1
2060,-1,976.79,630.47,442.98,187.08,38.8,-1,-1
2061,-1,992.94,632.77,413.47,177.07,46.5,-1,-1
2062,-1,987.28,631.72,420.33,181.13,35.0,-1,-1
2063,-1,985.78,631.66,407.71,182.31,46.3,-1,-1
2064,-1,1002.88,630.34,382.76,181.16,38.4,-1,-1
2065,-1,1007.69,631.71,372.77,181.51,49.2,-1,-1
2066,-1,1011.82,633.56,359.8,175.92,39.7,-1,-1
2067,-1,1003.79,634.71,380.12,174.98,38.7,-1,-1
2068,-1,997.74,634.83,382.59,177.28,32.0,-1,-1
2069,-1,991.04,633.49,382.29,181.28,26.2,-1,-1
2070,-1,994.52,632.23,386.1,183.31,45.0,-1,-1
2073,-1,993.67,636.18,281.5,174.0,46.9,-1,-1
2074,-1,995.45,637.11,283.21,171.72,50.7,-1,-1
2075,-1,1004.43,636.33,270.52,167.79,55.0,-1,-1
2075,-1,997.76,622.45,355.63,196.51,26.9,-1,-1
2076,-1,998.07,628.61,304.05,177.37,68.8,-1,-1
2077,-1,994.08,623.64,305.95,186.2,71.8,-1,-1
2078,-1,994.93,626.77,308.11,181.46,76.6,-1,-1
2079,-1,996.23,631.25,294.62,175.86,75.2,-1,-1
2080,-1,999.94,629.69,300.52,177.88,65.9,-1,-1
2081,-1,1001.64,628.27,290.13,176.45,68.1,-1,-1
2082,-1,1002.43,629.69,297.31,174.03,56.7,-1,-1
2083,-1,1005.36,631.91,287.43,172.62,46.6,-1,-1
2084,-1,1001.59,630.78,300.84,178.61,51.5,-1,-1
2085,-1,1008.24,619.2,303.59,192.6,44.0,-1,-1
2086,-1,1000.52,620.21,310.41,191.07,39.6,-1,-1
2087,-1,993.64,633.53,295.06,174.62,43.2,-1,-1
2088,-1,1003.19,632.7,296.02,175.48,53.1,-1,-1
2089,-1,1004.4,635.89,287.96,171.56,47.5,-1,-1
2090,-1,1006.42,634.61,302.0,177.36,50.5,-1,-1
2091,-1,1007.4,637.3,249.14,176.23,57.3,-1,-1
2092,-1,1014.08,637.4,267.82,171.3,55.3,-1,-1
2093,-1,1003.66,634.69,301.11,180.4,55.4,-1,-1
2094,-1,1014.09,638.43,289.98,173.88,53.4,-1,-1
2095,-1,1011.44,640.4,297.5,174.98,53.9,-1,-1
2096,-1,1024.35,641.79,284.28,173.09,49.3,-1,-1
2097,-1,1018.86,638.77,309.78,181.98,59.7,-1,-1
2098,-1,1019.37,639.46,316.95,182.2,59.9,-1,-1
2099,-1,1016.02,635.4,324.25,187.77,61.0,-1,-1
2100,-1,1015.73,638.62,316.82,180.43,59.5,-1,-1
2101,-1,987.51,636.1,355.26,189.6,51.7,-1,-1
2102,-1,998.85,633.12,345.41,191.74,57.5,-1,-1
2103,-1,985.21,634.41,364.03,188.06,55.2,-1,-1
2104,-1,935.93,632.12,419.43,192.38,43.3,-1,-1
2105,-1,938.03,627.09,423.95,198.07,38.4,-1,-1
2106,-1,901.8,608.13,468.68,224.22,30.1,-1,-1
2107,-1,898.74,603.11,469.07,230.54,39.1,-1,-1
2108,-1,907.23,624.79,455.79,206.66,45.3,-1,-1
2109,-1,908.48,624.55,457.15,211.05,53.1,-1,-1
2110,-1,926.46,634.16,421.6,195.96,53.9,-1,-1
2111,-1,921.72,638.5,419.82,192.32,65.3,-1,-1
2112,-1,909.55,637.75,431.8,195.26,71.5,-1,-1
2113,-1,906.66,641.31,432.23,192.97,71.9,-1,-1
2114,-1,915.47,644.1,413.14,189.83,78.0,-1,-1
2115,-1,918.03,639.12,432.04,196.27,74.1,-1,-1
2115,-1,930.03,654.42,328.51,183.44,27.9,-1,-1
2116,-1,927.57,640.4,417.71,192.37,76.7,-1,-1
2117,-1,926.26,639.43,427.69,194.7,80.3,-1,-1
2118,-1,928.43,648.78,402.12,183.73,76.7,-1,-1
2118,-1,923.46,603.7,452.4,237.62,65.6,-1,-1
2118,-1,943.41,658.71,299.89,176.79,28.0,-1,-1
2119,-1,946.0,659.63,399.78,170.82,77.9,-1,-1
2120,-1,940.98,663.11,388.92,166.51,76.8,-1,-1
2121,-1,935.03,651.46,415.87,181.41,76.2,-1,-1
2122,-1,917.77,661.53,372.02,174.84,70.1,-1,-1
2122,-1,918.89,608.56,451.05,236.5,48.5,-1,-1
2123,-1,918.81,662.69,333.75,173.03,68.1,-1,-1
2123,-1,918.57,571.01,474.33,274.79,34.2,-1,-1
2124,-1,918.28,641.03,452.24,190.18,59.5,-1,-1
2124,-1,914.45,548.17,502.4,293.18,37.1,-1,-1
2124,-1,942.21,664.9,320.14,168.06,27.7,-1,-1
2125,-1,901.48,629.09,491.48,205.74,51.1,-1,-1
2125,-1,900.34,544.14,516.71,299.78,26.3,-1,-1
2125,-1,502.41,401.79,88.28,41.75,25.6,-1,-1
2126,-1,920.96,632.87,462.1,199.01,43.8,-1,-1
2126,-1,916.3,573.23,502.23,263.52,28.5,-1,-1
2127,-1,931.1,616.26,483.7,217.18,34.7,-1,-1
2129,-1,897.8,590.82,530.11,253.64,29.5,-1,-1
2129,-1,914.9,677.57,292.41,161.62,25.3,-1,-1
2130,-1,909.16,575.66,523.47,261.43,42.6,-1,-1
2131,-1,917.91,594.88,507.41,240.09,50.3,-1,-1
2132,-1,909.89,572.23,525.68,268.35,35.1,-1,-1
2133,-1,907.37,560.1,538.76,282.52,30.6,-1,-1
2135,-1,901.39,610.81,493.87,233.67,30.1,-1,-1
2139,-1,854.26,548.22,609.69,310.82,27.4,-1,-1
2142,-1,821.44,542.16,645.55,322.2,28.9,-1,-1
2149,-1,855.36,549.42,617.4,322.72,28.1,-1,-1
2158,-1,420.15,437.25,107.17,47.5,27.2,-1,-1
2169,-1,827.23,727.58,270.34,156.29,32.9,-1,-1
2170,-1,848.79,727.37,244.41,152.2,38.7,-1,-1
2171,-1,838.34,718.41,266.38,156.98,40.4,-1,-1
2172,-1,828.45,721.08,274.05,154.77,46.7,-1,-1
2173,-1,821.68,722.14,280.31,153.71,49.3,-1,-1
2174,-1,827.36,720.84,274.67,154.92,30.3,-1,-1
2175,-1,794.38,718.34,302.5,162.02,35.5,-1,-1
2176,-1,823.79,720.7,272.51,152.18,71.9,-1,-1
2177,-1,828.43,717.97,266.71,152.71,69.5,-1,-1
2178,-1,823.32,717.08,273.69,154.44,62.8,-1,-1
2179,-1,822.53,717.68,269.33,155.73,58.0,-1,-1
2180,-1,823.37,717.65,260.94,160.66,68.0,-1,-1
2181,-1,817.47,715.61,271.19,166.52,65.1,-1,-1
2182,-1,815.54,717.71,266.57,160.99,74.9,-1,-1
2183,-1,814.23,716.95,257.59,157.9,77.1,-1,-1
2184,-1,809.19,715.1,254.73,156.87,74.0,-1,-1
2185,-1,812.51,716.01,249.46,155.6,70.0,-1,-1
2186,-1,811.34,715.7,245.36,154.65,53.4,-1,-1
2187,-1,796.66,713.84,259.87,161.76,74.3,-1,-1
2188,-1,799.2,712.64,258.94,164.73,78.6,-1,-1
2189,-1,802.19,720.5,250.09,157.73,76.9,-1,-1
2190,-1,799.15,722.09,253.37,156.47,79.9,-1,-1
2191,-1,806.51,722.97,245.48,153.37,83.0,-1,-1
2192,-1,801.27,725.89,253.46,153.16,79.6,-1,-1
2193,-1,791.6,724.42,259.88,156.2,71.8,-1,-1
2194,-1,796.49,726.96,258.4,151.43,74.9,-1,-1
2195,-1,800.79,729.07,263.35,146.58,58.6,-1,-1
2196,-1,798.06,731.56,257.57,144.35,55.5,-1,-1
2197,-1,795.36,732.93,266.7,139.94,38.1,-1,-1
2236,-1,682.61,766.24,282.62,143.52,27.9,-1,-1
2245,-1,699.58,777.84,267.43,142.06,27.0,-1,-1
2312,-1,1785.44,781.88,134.56,218.03,28.8,-1,-1
2314,-1,1785.66,783.91,134.34,213.41,25.0,-1,-1
2321,-1,1790.17,779.65,129.83,222.89,25.6,-1,-1
2322,-1,1788.62,776.11,131.38,230.56,25.1,-1,-1
2323,-1,1791.89,780.56,128.11,225.7,27.8,-1,-1
2324,-1,1791.25,781.05,128.75,224.29,29.2,-1,-1
2325,-1,1789.82,783.29,130.18,221.22,31.3,-1,-1
2326,-1,1776.35,778.44,143.65,220.68,29.8,-1,-1
2327,-1,1778.67,779.84,141.33,218.39,29.7,-1,-1
2328,-1,1780.35,782.61,139.65,214.8,37.2,-1,-1
2329,-1,1776.61,779.02,143.39,220.47,33.1,-1,-1
2330,-1,1775.19,778.11,144.81,220.37,33.8,-1,-1
2331,-1,1775.43,779.94,144.57,219.01,33.2,-1,-1
2332,-1,1778.38,778.26,141.62,222.58,33.1,-1,-1
2333,-1,1779.73,776.53,140.27,224.91,28.0,-1,-1
2337,-1,1785.62,772.73,134.38,223.82,26.1,-1,-1
2383,-1,1732.71,759.25,187.29,236.13,30.0,-1,-1
2384,-1,1733.18,757.97,186.47,212.87,69.0,-1,-1
2385,-1,1732.11,753.61,187.5,212.72,73.6,-1,-1
2386,-1,1714.27,761.28,205.27,205.97,73.0,-1,-1
2386,-1,758.4,709.92,253.29,139.49,25.7,-1,-1
2387,-1,1695.53,766.64,224.09,194.66,71.0,-1,-1
2388,-1,1662.65,769.05,253.52,180.82,32.9,-1,-1
2389,-1,1642.99,763.95,252.51,176.48,53.1,-1,-1
2390,-1,1626.89,755.85,241.1,184.12,58.9,-1,-1
2391,-1,1605.3,747.65,221.75,182.19,27.7,-1,-1
2392,-1,1590.0,748.21,218.55,159.54,48.3,-1,-1
2393,-1,1555.1,745.2,223.36,163.56,54.6,-1,-1
2394,-1,1541.92,745.29,216.42,146.51,56.1,-1,-1
2395,-1,1525.6,737.17,213.09,146.12,48.9,-1,-1
2396,-1,1510.87,736.82,206.96,141.63,46.5,-1,-1
2397,-1,1483.62,737.16,205.87,135.6,35.1,-1,-1
2398,-1,1460.75,737.18,208.36,136.28,48.4,-1,-1
2399,-1,1451.98,724.26,195.43,139.9,36.3,-1,-1
2400,-1,1434.46,732.2,191.4,131.81,45.4,-1,-1
2401,-1,1427.3,711.99,197.63,145.96,32.9,-1,-1
2402,-1,1416.63,722.03,168.45,112.59,28.4,-1,-1
2403,-1,1390.83,719.42,188.07,122.77,44.9,-1,-1
2404,-1,1378.37,714.66,183.38,120.42,47.2,-1,-1
2405,-1,1368.53,722.46,176.83,114.5,55.5,-1,-1
2407,-1,1337.12,713.33,179.69,118.41,54.1,-1,-1
2408,-1,1321.91,714.16,184.67,114.06,31.4,-1,-1
2409,-1,1321.77,718.25,168.4,111.44,29.5,-1,-1
2410,-1,0.36,672.79,173.84,217.14,42.3,-1,-1
2411,-1,0.83,685.33,186.31,184.04,32.5,-1,-1
2412,-1,0.97,683.81,193.65,178.93,43.1,-1,-1
2413,-1,0.0,666.59,218.82,280.2,38.4,-1,-1
2414,-1,0.0,661.1,234.43,287.34,43.0,-1,-1
2415,-1,1.4,680.47,235.3,168.58,25.7,-1,-1
2416,-1,1.39,676.53,248.7,195.96,33.1,-1,-1
2421,-1,1142.11,518.41,120.81,241.75,41.2,-1,-1
2421,-1,0.93,574.44,278.47,289.05,27.6,-1,-1
2422,-1,0.69,554.11,275.95,291.18,30.8,-1,-1
2422,-1,1138.07,526.32,122.98,241.91,29.1,-1,-1
2423,-1,0.65,561.17,264.07,303.85,32.8,-1,-1
2424,-1,0.55,568.81,199.31,290.65,32.4,-1,-1
2425,-1,1056.29,534.13,140.07,220.43,48.4,-1,-1
2425,-1,0.52,572.54,287.92,305.86,33.9,-1,-1
2426,-1,1050.71,541.91,120.62,235.43,36.9,-1,-1
2426,-1,0.35,571.85,306.2,320.06,26.7,-1,-1
2427,-1,1046.94,555.96,111.76,207.88,33.5,-1,-1
2428,-1,1019.68,554.68,121.51,209.29,30.9,-1,-1
2429,-1,1000.23,553.13,121.19,216.09,28.9,-1,-1
2431,-1,968.76,566.14,115.09,187.14,31.5,-1,-1
2434,-1,0.79,588.21,300.54,310.26,26.1,-1,-1
2435,-1,0.78,600.29,293.67,282.76,25.2,-1,-1
2437,-1,851.68,597.52,104.39,151.34,47.1,-1,-1
2440,-1,0.99,616.35,279.77,287.5,32.2,-1,-1
2441,-1,765.03,614.95,104.11,155.82,40.5,-1,-1
2442,-1,762.95,613.78,87.53,145.0,29.2,-1,-1
2443,-1,722.22,624.06,103.94,148.92,43.1,-1,-1
2443,-1,1.28,643.85,235.14,210.76,30.1,-1,-1
2444,-1,1.26,643.83,229.6,208.97,38.7,-1,-1
2444,-1,717.75,629.03,88.32,142.05,34.3,-1,-1
2445,-1,1.27,648.82,208.46,202.71,48.7,-1,-1
2446,-1,1.12,650.64,196.51,199.37,39.6,-1,-1
2447,-1,0.63,673.41,184.35,180.79,37.6,-1,-1
2448,-1,0.03,690.41,164.56,148.15,37.3,-1,-1
2449,-1,0.29,696.29,154.27,149.29,32.6,-1,-1
2450,-1,1097.23,806.49,117.29,185.65,29.7,-1,-1
2450,-1,0.65,701.71,135.92,137.81,29.4,-1,-1
2452,-1,1045.49,816.12,114.72,174.01,28.5,-1,-1
2452,-1,530.42,662.65,100.19,145.87,28.0,-1,-1
2457,-1,899.67,826.04,115.99,167.43,25.5,-1,-1
2458,-1,855.89,820.88,114.42,183.5,49.0,-1,-1
2459,-1,371.83,689.27,95.23,136.55,38.2,-1,-1
2465,-1,666.47,847.67,115.02,160.05,32.2,-1,-1
2467,-1,608.42,851.38,123.89,157.01,27.5,-1,-1
2483,-1,383.5,786.8,104.66,137.99,27.8,-1,-1
