1,-1,1356.22,177.58,219.3,627.32,25.6,-1,-1
2,-1,1356.12,177.65,219.49,627.24,25.6,-1,-1
3,-1,1356.08,177.68,219.43,627.24,25.7,-1,-1
4,-1,1356.09,177.71,219.43,627.21,25.7,-1,-1
5,-1,1356.08,177.72,219.44,627.2,25.7,-1,-1
6,-1,1356.11,177.76,219.4,627.16,25.7,-1,-1
7,-1,1356.11,177.49,219.38,627.43,25.7,-1,-1
8,-1,1356.29,177.21,218.87,627.71,26.1,-1,-1
9,-1,1356.34,176.72,217.69,628.12,26.7,-1,-1
10,-1,1356.79,176.48,216.79,628.65,26.5,-1,-1
11,-1,1356.6,175.45,216.82,629.77,27.4,-1,-1
12,-1,1356.81,176.21,217.29,628.63,26.2,-1,-1
13,-1,1356.52,175.89,217.51,629.17,26.4,-1,-1
14,-1,1355.76,176.31,218.15,628.86,25.5,-1,-1
15,-1,1355.32,174.8,218.66,630.55,27.6,-1,-1
16,-1,1354.96,173.34,217.79,631.99,27.9,-1,-1
17,-1,1357.7,172.52,212.33,633.38,26.7,-1,-1
20,-1,1345.71,166.24,216.17,641.54,26.5,-1,-1
21,-1,1344.36,161.55,218.97,646.6,27.8,-1,-1
22,-1,1345.71,167.12,213.11,640.79,46.8,-1,-1
23,-1,1347.5,167.85,210.32,639.47,45.4,-1,-1
24,-1,1343.4,166.24,212.63,641.61,49.5,-1,-1
25,-1,1344.84,166.08,214.81,642.87,51.7,-1,-1
26,-1,1345.87,167.4,211.23,640.26,43.6,-1,-1
27,-1,1341.38,175.87,217.72,632.52,39.4,-1,-1
28,-1,1333.92,165.99,231.07,645.24,40.1,-1,-1
29,-1,1333.65,180.07,228.92,629.55,37.6,-1,-1
30,-1,1335.17,168.99,227.29,640.91,43.6,-1,-1
31,-1,1335.89,168.5,226.84,641.04,45.9,-1,-1
32,-1,1334.24,165.66,232.02,643.73,48.3,-1,-1
33,-1,1334.53,160.64,226.04,647.81,44.1,-1,-1
34,-1,1331.1,160.99,233.5,648.46,39.0,-1,-1
35,-1,1329.43,171.34,230.76,637.95,42.7,-1,-1
36,-1,1331.8,188.16,235.63,620.56,49.3,-1,-1
37,-1,1332.3,179.12,232.49,629.69,44.1,-1,-1
38,-1,1332.67,160.47,230.45,649.41,46.7,-1,-1
39,-1,1332.87,166.57,228.25,644.52,55.7,-1,-1
40,-1,1333.12,161.73,232.65,650.02,44.1,-1,-1
41,-1,1330.47,171.15,231.04,639.79,50.8,-1,-1
42,-1,1328.73,176.26,238.92,634.72,54.4,-1,-1
43,-1,1327.56,185.0,233.77,625.08,50.4,-1,-1
44,-1,1327.35,189.97,229.46,619.85,52.0,-1,-1
45,-1,1327.33,179.7,235.64,631.1,50.5,-1,-1
46,-1,1326.29,196.57,225.63,612.43,39.6,-1,-1
47,-1,1324.1,201.02,223.0,607.47,31.9,-1,-1
48,-1,1321.34,195.59,218.18,613.83,28.7,-1,-1
73,-1,1295.25,158.71,225.64,660.85,26.5,-1,-1
81,-1,1276.75,205.23,241.6,623.11,28.8,-1,-1
82,-1,1274.16,246.36,243.21,582.63,31.4,-1,-1
84,-1,1276.85,227.21,235.99,601.3,29.9,-1,-1
86,-1,1275.22,201.8,241.28,627.65,34.6,-1,-1
87,-1,1272.77,214.42,244.64,617.37,36.6,-1,-1
88,-1,1273.06,214.02,243.2,616.44,32.6,-1,-1
89,-1,1271.25,197.84,248.11,632.71,26.7,-1,-1
91,-1,1270.37,246.85,252.73,583.39,26.4,-1,-1
92,-1,1270.92,231.32,254.32,598.14,27.9,-1,-1
93,-1,1270.82,268.86,255.33,559.92,37.0,-1,-1
94,-1,1271.14,240.16,256.3,588.78,32.8,-1,-1
94,-1,1855.6,468.04,64.4,357.59,31.7,-1,-1
95,-1,1854.06,476.03,65.94,349.23,32.7,-1,-1
96,-1,1855.3,476.78,64.7,348.38,34.3,-1,-1
97,-1,1853.26,478.83,66.74,345.52,33.9,-1,-1
97,-1,1846.02,329.19,73.85,500.06,26.5,-1,-1
98,-1,1849.65,453.2,70.33,371.84,32.1,-1,-1
98,-1,1267.76,254.55,262.38,574.62,29.3,-1,-1
99,-1,1844.26,375.05,75.58,457.47,32.5,-1,-1
100,-1,1840.47,339.67,79.36,493.68,36.5,-1,-1
100,-1,1847.97,467.82,72.0,361.62,31.8,-1,-1
101,-1,1837.07,329.51,82.73,503.18,36.6,-1,-1
101,-1,1846.0,455.72,73.93,370.99,27.0,-1,-1
102,-1,1835.8,315.34,83.99,516.33,38.9,-1,-1
102,-1,1843.67,450.85,76.26,375.46,29.1,-1,-1
103,-1,1834.29,317.75,85.51,513.44,41.8,-1,-1
103,-1,1842.2,450.38,77.75,375.5,33.1,-1,-1
104,-1,1835.16,336.17,84.67,494.86,43.2,-1,-1
104,-1,1843.14,453.19,76.79,372.27,35.3,-1,-1
105,-1,1837.33,350.52,82.5,480.85,41.0,-1,-1
105,-1,1845.29,464.55,74.68,364.64,30.7,-1,-1
106,-1,1836.15,341.56,83.67,489.58,44.2,-1,-1
106,-1,1844.28,473.12,75.66,355.91,39.1,-1,-1
107,-1,1831.28,309.0,88.53,521.03,47.0,-1,-1
107,-1,1840.49,469.92,79.45,358.13,43.0,-1,-1
108,-1,1828.15,379.76,91.64,449.47,51.6,-1,-1
109,-1,1827.97,366.67,91.83,462.66,52.4,-1,-1
109,-1,1837.88,476.74,82.07,350.35,49.6,-1,-1
110,-1,1823.33,367.56,96.46,461.67,54.6,-1,-1
110,-1,1835.2,471.57,84.74,355.59,49.4,-1,-1
111,-1,1821.0,358.17,98.77,472.32,52.1,-1,-1
111,-1,1832.47,462.97,87.53,365.4,51.7,-1,-1
112,-1,1833.23,469.17,86.77,359.86,54.3,-1,-1
112,-1,1820.62,297.48,99.16,533.79,51.2,-1,-1
113,-1,1821.49,360.19,98.28,469.69,51.0,-1,-1
113,-1,1833.98,465.15,86.02,362.67,47.4,-1,-1
114,-1,1830.4,463.12,89.6,365.52,51.1,-1,-1
114,-1,1817.38,296.0,102.34,534.16,50.6,-1,-1
115,-1,1827.61,466.77,92.39,362.08,51.8,-1,-1
115,-1,1815.78,301.63,103.91,528.13,51.4,-1,-1
116,-1,1828.24,462.44,91.76,366.49,56.2,-1,-1
116,-1,1814.49,256.36,105.18,574.07,53.6,-1,-1
117,-1,1827.05,468.94,92.95,359.77,58.4,-1,-1
117,-1,1813.75,250.81,105.88,579.32,51.6,-1,-1
118,-1,1826.14,460.66,93.86,369.47,59.4,-1,-1
118,-1,1812.82,273.91,106.78,557.75,51.6,-1,-1
119,-1,1825.61,454.85,94.39,374.67,58.9,-1,-1
119,-1,1813.22,302.29,106.37,528.62,51.3,-1,-1
120,-1,1825.16,462.79,94.84,367.73,56.2,-1,-1
120,-1,1812.02,272.8,107.58,559.0,52.4,-1,-1
121,-1,1825.37,453.59,94.63,377.5,58.0,-1,-1
121,-1,1811.48,279.9,108.13,552.19,54.3,-1,-1
122,-1,1821.93,452.09,98.07,378.78,56.6,-1,-1
122,-1,1811.18,271.9,108.4,558.85,55.1,-1,-1
123,-1,1821.0,457.94,99.0,373.41,56.5,-1,-1
123,-1,1810.42,256.88,109.16,574.67,55.1,-1,-1
124,-1,1821.57,449.54,98.43,382.72,55.9,-1,-1
124,-1,1810.33,246.43,109.25,585.59,54.5,-1,-1
125,-1,1821.15,447.06,98.85,385.16,55.8,-1,-1
125,-1,1810.05,241.91,109.5,589.46,55.8,-1,-1
126,-1,1821.22,452.26,98.78,380.29,56.4,-1,-1
126,-1,1810.61,295.63,108.97,536.07,55.0,-1,-1
127,-1,1812.59,252.64,107.41,578.0,54.3,-1,-1
127,-1,1818.95,448.16,101.05,383.79,52.8,-1,-1
128,-1,1820.98,455.07,99.02,377.81,57.4,-1,-1
128,-1,1814.03,291.78,105.97,539.64,53.6,-1,-1
129,-1,1820.76,462.14,99.24,371.52,54.8,-1,-1
129,-1,1814.7,303.08,105.3,528.62,48.9,-1,-1
130,-1,1819.29,452.28,100.71,382.61,58.0,-1,-1
131,-1,1816.19,458.15,103.74,378.28,56.2,-1,-1
131,-1,1809.57,290.78,109.94,542.75,52.2,-1,-1
132,-1,1816.16,455.63,103.79,380.56,53.9,-1,-1
132,-1,1810.04,308.67,109.49,524.17,52.2,-1,-1
133,-1,1816.09,456.87,103.9,378.45,52.7,-1,-1
133,-1,1809.98,272.32,109.52,559.24,51.4,-1,-1
134,-1,1816.77,458.51,103.22,376.48,57.5,-1,-1
134,-1,1810.78,298.45,108.74,533.32,53.7,-1,-1
135,-1,1814.54,464.78,105.42,370.98,52.6,-1,-1
135,-1,1809.5,308.71,109.96,523.35,51.6,-1,-1
136,-1,1808.16,288.89,111.31,543.57,51.0,-1,-1
136,-1,1814.07,469.26,105.85,366.24,50.4,-1,-1
137,-1,1806.51,321.06,112.94,512.74,49.8,-1,-1
137,-1,1813.84,470.66,106.09,367.2,47.5,-1,-1
138,-1,1806.37,281.68,113.06,549.98,48.9,-1,-1
138,-1,1812.27,483.17,107.68,352.8,44.9,-1,-1
139,-1,1807.23,316.84,112.22,515.69,50.1,-1,-1
139,-1,1812.24,483.13,107.71,353.4,49.7,-1,-1
140,-1,1807.72,328.24,111.73,503.74,50.6,-1,-1
140,-1,1813.84,477.56,106.14,358.82,50.2,-1,-1
141,-1,1807.51,322.64,111.94,509.85,50.3,-1,-1
141,-1,1812.86,475.48,107.1,361.67,48.9,-1,-1
142,-1,1805.44,291.88,113.97,540.64,48.3,-1,-1
142,-1,1809.97,476.51,109.96,360.93,45.2,-1,-1
143,-1,1802.47,358.63,116.97,473.71,49.6,-1,-1
143,-1,1806.24,487.49,113.52,350.46,41.0,-1,-1
144,-1,1800.44,400.17,119.0,432.56,48.0,-1,-1
145,-1,1800.97,377.32,118.45,455.8,45.5,-1,-1
146,-1,1801.75,275.45,118.23,558.05,45.3,-1,-1
146,-1,1790.95,479.28,129.05,358.96,39.1,-1,-1
147,-1,1793.96,367.32,125.53,466.41,48.7,-1,-1
148,-1,1795.37,282.69,124.13,550.2,47.5,-1,-1
148,-1,1796.76,442.75,122.83,394.37,41.9,-1,-1
149,-1,1797.51,263.12,121.96,568.93,52.1,-1,-1
149,-1,1799.92,438.63,119.62,397.53,48.6,-1,-1
150,-1,1796.38,257.76,123.1,574.24,50.8,-1,-1
150,-1,1798.01,422.03,121.53,413.55,45.6,-1,-1
151,-1,1797.81,262.16,121.66,569.7,52.6,-1,-1
151,-1,1799.43,433.06,120.09,402.67,48.2,-1,-1
152,-1,1795.87,255.07,123.62,577.62,55.4,-1,-1
152,-1,1797.68,425.86,121.87,410.36,52.4,-1,-1
153,-1,1796.21,246.47,123.27,586.32,54.9,-1,-1
153,-1,1798.27,420.22,121.27,416.39,49.5,-1,-1
154,-1,1794.42,226.72,125.11,607.86,54.3,-1,-1
154,-1,1796.48,405.24,123.11,433.1,50.9,-1,-1
155,-1,1793.96,220.04,125.61,615.72,56.0,-1,-1
155,-1,1798.08,479.69,121.92,359.72,48.3,-1,-1
156,-1,1793.55,232.44,126.01,604.77,56.5,-1,-1
156,-1,1797.76,477.71,122.21,361.88,48.3,-1,-1
157,-1,1795.9,422.42,123.69,417.07,57.9,-1,-1
157,-1,1793.79,235.71,125.79,600.59,57.3,-1,-1
158,-1,1794.9,219.19,124.63,616.52,59.1,-1,-1
158,-1,1799.53,472.47,120.4,366.66,52.5,-1,-1
159,-1,1795.48,227.78,124.06,608.32,59.0,-1,-1
159,-1,1798.04,402.6,121.53,437.32,58.0,-1,-1
160,-1,1795.09,223.72,124.47,612.79,60.0,-1,-1
160,-1,1797.71,396.66,121.89,443.68,59.1,-1,-1
161,-1,1795.62,227.25,123.89,610.75,58.5,-1,-1
161,-1,1798.6,400.24,120.95,441.63,58.3,-1,-1
162,-1,1794.18,233.42,125.33,603.1,58.0,-1,-1
162,-1,1799.36,453.77,120.56,387.02,53.8,-1,-1
163,-1,1793.26,217.11,126.31,619.64,59.9,-1,-1
163,-1,1797.23,445.3,122.75,395.56,51.5,-1,-1
164,-1,1793.6,221.3,125.98,614.72,61.9,-1,-1
164,-1,1797.19,444.01,122.79,396.28,51.2,-1,-1
165,-1,1794.09,224.82,125.51,610.67,60.7,-1,-1
165,-1,1796.84,451.9,123.14,387.44,50.7,-1,-1
166,-1,1793.36,225.24,126.24,608.85,59.8,-1,-1
166,-1,1795.28,451.73,124.72,387.82,45.8,-1,-1
167,-1,1792.71,227.62,126.91,605.53,61.3,-1,-1
167,-1,1793.31,445.31,126.69,393.8,46.2,-1,-1
168,-1,1792.35,227.84,127.27,606.07,58.3,-1,-1
168,-1,1793.4,460.53,126.6,378.61,45.5,-1,-1
169,-1,1791.28,224.37,128.35,609.11,57.0,-1,-1
169,-1,1791.51,456.44,128.49,382.9,38.0,-1,-1
170,-1,1790.46,216.82,129.21,617.13,59.9,-1,-1
170,-1,1790.14,454.55,129.86,385.76,39.6,-1,-1
171,-1,1790.62,223.4,129.04,612.38,58.9,-1,-1
171,-1,1789.91,454.66,130.09,386.34,44.9,-1,-1
172,-1,1790.52,223.03,129.18,613.08,60.5,-1,-1
172,-1,1789.65,454.46,130.35,386.18,48.7,-1,-1
173,-1,1789.4,226.66,130.29,609.4,62.2,-1,-1
173,-1,1789.1,454.5,130.9,386.45,44.3,-1,-1
174,-1,1789.33,237.03,130.35,600.1,60.6,-1,-1
174,-1,1788.55,443.31,131.45,398.14,44.9,-1,-1
175,-1,1788.69,261.32,130.97,576.53,57.1,-1,-1
175,-1,1787.98,445.97,132.02,395.81,46.4,-1,-1
176,-1,1787.36,267.38,132.3,570.31,57.7,-1,-1
176,-1,1786.97,441.06,133.03,400.7,41.6,-1,-1
177,-1,1787.28,252.98,132.39,583.81,57.7,-1,-1
177,-1,1786.61,437.82,133.39,403.22,33.2,-1,-1
178,-1,1787.47,259.96,132.18,576.56,57.8,-1,-1
178,-1,1786.52,435.88,133.48,405.07,36.2,-1,-1
179,-1,1787.05,265.51,132.62,570.43,58.2,-1,-1
179,-1,1785.67,440.36,134.33,399.87,36.0,-1,-1
180,-1,1786.0,267.53,133.72,568.26,58.1,-1,-1
180,-1,1784.39,439.02,135.61,400.49,36.2,-1,-1
181,-1,1786.62,284.38,133.07,551.66,56.7,-1,-1
182,-1,1786.08,268.2,133.63,567.14,59.8,-1,-1
182,-1,1783.63,429.89,136.37,408.61,40.2,-1,-1
183,-1,1785.55,262.47,134.16,571.97,60.0,-1,-1
183,-1,1782.36,426.88,137.64,411.07,37.4,-1,-1
184,-1,1785.24,252.46,134.48,582.23,59.6,-1,-1
184,-1,1781.84,423.23,138.16,414.61,36.3,-1,-1
185,-1,1787.28,261.96,132.41,572.07,60.7,-1,-1
186,-1,1787.41,278.51,132.26,556.06,59.9,-1,-1
187,-1,1787.54,287.98,132.12,546.87,59.3,-1,-1
188,-1,1786.48,278.38,133.22,556.13,60.0,-1,-1
189,-1,1786.59,292.57,133.1,542.7,57.4,-1,-1
190,-1,1786.76,313.16,132.9,522.45,58.2,-1,-1
191,-1,1786.52,292.72,133.16,542.91,58.3,-1,-1
192,-1,1787.41,321.3,132.24,514.14,57.3,-1,-1
193,-1,1787.27,295.6,132.38,539.67,56.5,-1,-1
194,-1,1786.6,279.19,133.08,556.34,57.1,-1,-1
195,-1,1786.38,272.78,133.3,562.93,58.0,-1,-1
196,-1,1787.35,264.67,132.32,572.05,56.6,-1,-1
197,-1,1787.05,269.41,132.62,567.52,58.5,-1,-1
198,-1,1787.48,280.37,132.17,556.54,55.6,-1,-1
199,-1,1786.75,352.99,133.0,487.12,55.5,-1,-1
200,-1,1786.76,272.16,132.92,564.5,55.9,-1,-1
201,-1,1786.81,251.56,132.89,584.07,59.4,-1,-1
202,-1,1787.64,254.11,132.28,582.76,56.6,-1,-1
203,-1,1785.94,243.06,133.8,592.05,57.8,-1,-1
203,-1,1782.58,422.96,137.42,414.64,32.6,-1,-1
204,-1,1787.42,248.75,132.51,586.56,55.5,-1,-1
204,-1,1782.17,424.24,137.83,412.94,31.4,-1,-1
205,-1,1786.62,245.89,133.08,588.46,55.5,-1,-1
205,-1,1782.43,417.56,137.57,420.23,27.4,-1,-1
206,-1,1786.57,244.1,133.13,590.14,56.5,-1,-1
206,-1,1782.73,416.54,137.27,421.56,27.7,-1,-1
207,-1,1785.22,236.74,134.51,597.18,58.2,-1,-1
207,-1,1782.29,430.91,137.71,406.39,29.4,-1,-1
208,-1,1786.1,248.33,133.8,587.21,52.3,-1,-1
208,-1,1782.38,433.04,137.62,405.6,30.0,-1,-1
209,-1,1785.51,249.03,134.19,584.9,58.1,-1,-1
209,-1,1781.64,422.56,138.36,415.73,31.6,-1,-1
210,-1,1786.45,252.5,133.46,582.27,54.7,-1,-1
211,-1,1786.77,251.38,132.93,582.99,55.4,-1,-1
211,-1,1782.98,420.03,137.02,418.41,30.0,-1,-1
212,-1,1787.65,250.61,132.26,584.87,55.1,-1,-1
212,-1,1783.28,414.99,136.72,423.04,30.2,-1,-1
213,-1,1785.44,241.02,134.33,593.22,56.8,-1,-1
213,-1,1781.59,412.56,138.41,425.15,27.4,-1,-1
214,-1,1787.22,250.07,132.69,586.55,53.7,-1,-1
215,-1,1785.62,256.24,134.1,579.3,55.5,-1,-1
216,-1,1786.31,250.4,133.69,585.07,55.9,-1,-1
217,-1,1785.42,246.58,134.58,590.07,58.5,-1,-1
218,-1,1783.14,244.29,136.86,592.69,59.6,-1,-1
219,-1,1781.21,249.66,138.79,586.61,59.2,-1,-1
220,-1,1782.83,244.75,137.17,591.12,59.2,-1,-1
221,-1,1782.97,242.71,137.03,594.02,61.2,-1,-1
222,-1,1782.89,238.32,137.11,599.41,61.5,-1,-1
223,-1,1783.54,239.5,136.46,598.02,60.5,-1,-1
224,-1,1782.26,242.52,137.74,595.73,61.6,-1,-1
225,-1,1781.71,248.54,138.29,589.95,63.1,-1,-1
226,-1,1780.89,247.19,139.11,592.92,62.0,-1,-1
227,-1,1779.98,245.42,140.02,595.3,60.6,-1,-1
228,-1,1781.44,246.39,138.56,595.01,57.1,-1,-1
229,-1,1780.79,248.43,139.21,592.31,57.7,-1,-1
230,-1,1780.76,248.44,139.24,592.0,54.7,-1,-1
231,-1,1782.11,248.53,137.89,591.1,54.0,-1,-1
232,-1,1782.2,246.9,137.8,593.51,55.8,-1,-1
233,-1,1781.88,248.94,138.12,591.27,56.4,-1,-1
234,-1,1785.14,248.99,134.81,591.43,52.9,-1,-1
234,-1,1777.35,407.26,142.65,436.86,27.6,-1,-1
235,-1,1787.86,246.58,132.08,594.9,51.2,-1,-1
236,-1,1788.59,251.25,131.36,589.84,50.4,-1,-1
237,-1,1786.98,244.61,133.02,599.6,52.5,-1,-1
238,-1,1785.93,248.6,134.07,597.05,57.8,-1,-1
239,-1,1788.58,248.76,131.42,596.35,61.4,-1,-1
240,-1,1789.67,245.5,130.33,599.83,60.6,-1,-1
241,-1,1792.55,246.15,127.45,599.96,60.1,-1,-1
242,-1,1795.5,252.06,124.5,595.55,51.8,-1,-1
243,-1,1799.48,253.71,120.52,596.46,48.1,-1,-1
243,-1,1797.52,490.42,122.44,361.38,30.9,-1,-1
244,-1,1802.5,252.97,117.5,598.78,48.5,-1,-1
245,-1,1800.82,268.53,118.53,589.05,44.2,-1,-1
245,-1,1805.03,483.04,114.8,374.98,29.2,-1,-1
246,-1,1808.91,267.47,111.06,590.86,42.6,-1,-1
246,-1,1811.7,529.42,108.3,327.26,35.4,-1,-1
247,-1,1808.9,311.46,110.55,550.08,48.8,-1,-1
247,-1,1818.61,514.69,101.39,345.09,45.2,-1,-1
248,-1,1814.15,315.56,105.85,546.06,49.1,-1,-1
248,-1,1819.99,507.63,100.01,352.85,41.0,-1,-1
249,-1,1814.17,419.74,105.83,446.5,41.2,-1,-1
250,-1,1829.49,446.99,90.27,426.42,38.6,-1,-1
250,-1,1841.38,536.91,78.6,333.23,29.9,-1,-1
275,-1,1315.31,293.55,326.81,639.5,32.8,-1,-1
276,-1,1320.75,297.94,320.92,633.15,35.8,-1,-1
277,-1,1327.44,266.31,309.45,668.1,44.5,-1,-1
278,-1,1331.04,291.25,312.91,646.89,43.6,-1,-1
282,-1,1357.28,247.13,343.04,728.7,28.1,-1,-1
297,-1,1591.96,513.27,324.25,563.58,26.4,-1,-1
298,-1,1615.38,379.11,300.46,698.17,31.3,-1,-1
299,-1,1632.04,437.5,284.55,641.22,26.1,-1,-1
303,-1,1702.76,532.71,215.47,547.29,31.7,-1,-1
305,-1,1767.61,533.43,152.39,546.57,28.5,-1,-1
306,-1,1775.14,527.64,144.86,552.36,25.4,-1,-1
307,-1,1784.13,533.15,135.81,546.85,29.0,-1,-1
308,-1,1680.73,117.86,238.97,586.48,43.5,-1,-1
309,-1,836.98,57.16,344.4,642.7,34.0,-1,-1
312,-1,1661.0,219.35,256.49,627.18,28.7,-1,-1
313,-1,1668.29,236.52,249.34,614.68,30.8,-1,-1
314,-1,1662.48,225.75,254.83,630.96,25.7,-1,-1
318,-1,1722.55,146.18,197.12,547.54,29.2,-1,-1
322,-1,847.41,26.44,338.43,710.04,26.5,-1,-1
323,-1,844.2,24.02,342.54,713.79,32.6,-1,-1
324,-1,844.52,26.14,342.07,712.62,31.1,-1,-1
325,-1,841.63,23.42,350.66,721.98,35.3,-1,-1
326,-1,832.47,18.24,364.25,734.28,27.7,-1,-1
329,-1,1665.22,254.25,253.27,611.66,28.2,-1,-1
335,-1,867.44,57.0,340.89,704.21,25.2,-1,-1
336,-1,869.6,66.12,340.86,694.28,44.6,-1,-1
336,-1,1694.98,200.88,225.02,566.56,42.9,-1,-1
337,-1,869.47,56.61,341.58,693.11,52.6,-1,-1
337,-1,1710.23,184.06,209.77,583.28,27.6,-1,-1
338,-1,869.77,58.85,349.41,694.52,47.0,-1,-1
339,-1,868.24,55.8,350.61,695.11,45.2,-1,-1
339,-1,1728.2,163.42,191.8,598.75,33.8,-1,-1
340,-1,870.89,43.08,378.87,710.57,33.3,-1,-1
340,-1,1733.56,166.74,186.44,594.98,32.5,-1,-1
341,-1,1738.33,173.52,181.67,584.24,33.3,-1,-1
342,-1,1759.86,185.28,160.1,550.78,36.1,-1,-1
343,-1,1738.97,167.61,181.02,590.53,31.9,-1,-1
344,-1,1741.27,164.88,178.72,592.47,27.8,-1,-1
346,-1,894.62,54.19,365.33,711.07,30.7,-1,-1
346,-1,1748.0,173.94,171.97,584.18,25.1,-1,-1
347,-1,911.99,80.09,344.5,685.29,47.7,-1,-1
347,-1,1749.81,189.01,170.14,565.36,27.2,-1,-1
348,-1,918.03,79.57,339.85,685.46,58.1,-1,-1
349,-1,920.22,81.12,338.14,677.21,50.5,-1,-1
349,-1,1772.92,197.24,147.04,536.01,28.9,-1,-1
350,-1,918.03,78.7,342.94,679.87,54.4,-1,-1
350,-1,1775.91,205.3,144.05,528.1,26.6,-1,-1
351,-1,918.99,81.81,352.21,676.42,41.8,-1,-1
351,-1,1772.6,211.79,147.4,518.59,31.7,-1,-1
352,-1,921.64,83.75,356.06,668.54,47.8,-1,-1
352,-1,1773.88,208.64,146.12,519.91,34.4,-1,-1
353,-1,1775.53,199.87,144.47,531.18,34.4,-1,-1
353,-1,923.55,54.3,362.4,667.09,31.9,-1,-1
356,-1,1779.53,199.6,140.47,536.44,26.0,-1,-1
360,-1,1757.92,211.2,161.95,539.95,29.8,-1,-1
361,-1,1758.34,200.74,161.53,553.22,28.8,-1,-1
362,-1,1754.82,207.27,165.04,545.86,27.8,-1,-1
373,-1,1734.55,213.12,185.39,601.26,25.1,-1,-1
374,-1,1755.6,229.9,164.31,551.75,29.2,-1,-1
375,-1,1745.46,225.33,174.49,558.91,34.2,-1,-1
377,-1,1711.59,244.21,208.41,534.53,27.1,-1,-1
379,-1,1706.18,200.37,213.69,589.48,34.9,-1,-1
380,-1,1728.95,236.61,191.02,545.17,43.2,-1,-1
381,-1,1722.39,228.62,197.47,549.6,26.4,-1,-1
382,-1,1721.04,230.63,198.86,548.99,37.4,-1,-1
383,-1,1715.59,247.56,204.29,537.32,26.3,-1,-1
463,-1,867.53,102.63,345.48,701.81,28.7,-1,-1
719,-1,1814.51,774.14,105.49,303.98,30.9,-1,-1
720,-1,1811.88,774.7,108.12,304.01,44.5,-1,-1
720,-1,1816.79,561.55,103.21,517.86,35.8,-1,-1
722,-1,1812.5,598.7,107.5,480.03,52.1,-1,-1
722,-1,1804.99,767.58,115.01,310.91,51.2,-1,-1
723,-1,1810.52,557.45,109.48,521.28,61.2,-1,-1
723,-1,1803.24,759.88,116.76,318.81,56.9,-1,-1
724,-1,1810.75,564.19,109.25,513.96,58.2,-1,-1
724,-1,1802.58,763.46,117.42,315.14,52.8,-1,-1
725,-1,1811.34,617.39,108.66,461.01,60.2,-1,-1
725,-1,1803.43,765.45,116.57,313.38,56.6,-1,-1
726,-1,1815.28,578.07,104.72,499.99,53.4,-1,-1
726,-1,1811.03,759.61,108.97,319.04,53.0,-1,-1
727,-1,1815.11,625.46,104.89,453.73,58.8,-1,-1
727,-1,1812.54,759.77,107.46,319.71,57.5,-1,-1
728,-1,1813.05,747.81,106.95,331.59,50.6,-1,-1
728,-1,1815.18,559.78,104.82,519.15,48.1,-1,-1
729,-1,1811.91,748.83,108.09,330.79,56.0,-1,-1
729,-1,1811.29,473.39,108.55,605.16,43.6,-1,-1
730,-1,1803.45,751.15,116.55,328.02,28.5,-1,-1
730,-1,1807.46,478.81,112.1,597.77,27.1,-1,-1
732,-1,1803.05,755.87,116.95,323.91,29.6,-1,-1
766,-1,1649.2,818.91,270.54,261.09,38.6,-1,-1
769,-1,983.04,174.42,274.66,594.85,31.1,-1,-1
791,-1,969.56,159.58,283.8,597.86,28.8,-1,-1
822,-1,967.13,154.31,285.38,620.42,37.6,-1,-1
823,-1,963.91,125.99,288.65,640.97,26.4,-1,-1
824,-1,958.26,139.66,295.61,624.16,34.1,-1,-1
831,-1,971.01,178.49,292.83,595.06,26.9,-1,-1
832,-1,971.47,175.46,293.58,602.68,36.8,-1,-1
857,-1,1019.75,148.66,282.46,619.32,26.2,-1,-1
859,-1,1021.02,164.56,282.68,597.48,47.5,-1,-1
860,-1,1016.31,150.81,288.34,615.0,39.9,-1,-1
861,-1,1019.25,153.53,286.41,610.07,30.3,-1,-1
871,-1,1041.62,138.73,404.21,643.93,26.8,-1,-1
872,-1,1043.93,143.86,322.52,633.43,36.9,-1,-1
873,-1,1048.92,152.41,305.74,623.87,40.5,-1,-1
874,-1,1052.76,148.72,298.13,626.19,37.1,-1,-1
875,-1,1053.82,144.72,303.22,625.83,45.8,-1,-1
876,-1,1056.22,123.85,298.07,655.7,38.2,-1,-1
877,-1,1062.28,141.55,288.25,625.34,49.7,-1,-1
878,-1,1063.37,138.49,286.69,628.22,51.2,-1,-1
901,-1,1114.27,136.51,292.75,639.8,29.0,-1,-1
905,-1,1112.43,138.52,298.74,634.79,31.0,-1,-1
908,-1,1124.29,133.35,272.49,627.4,25.3,-1,-1
923,-1,1128.66,145.64,438.24,612.39,29.1,-1,-1
935,-1,1147.24,142.82,303.71,624.58,37.2,-1,-1
936,-1,1150.5,141.23,296.41,629.69,31.6,-1,-1
937,-1,1152.38,145.23,292.41,625.43,41.2,-1,-1
938,-1,1155.21,142.41,289.08,629.62,46.2,-1,-1
939,-1,1159.42,147.88,286.49,622.21,34.8,-1,-1
941,-1,1162.41,153.59,283.7,613.65,33.3,-1,-1
943,-1,1165.87,139.26,282.06,630.86,27.5,-1,-1
944,-1,1166.54,145.6,277.91,616.75,37.4,-1,-1
945,-1,1170.63,159.15,273.68,602.55,46.9,-1,-1
946,-1,1170.02,168.01,274.94,592.82,43.1,-1,-1
947,-1,1174.0,166.08,270.83,590.71,35.8,-1,-1
948,-1,1175.05,164.66,270.66,589.95,36.8,-1,-1
949,-1,1175.14,170.63,270.73,580.99,25.4,-1,-1
950,-1,1177.39,168.78,268.26,585.4,34.1,-1,-1
951,-1,1178.36,168.17,268.19,583.36,44.1,-1,-1
955,-1,1183.41,173.36,264.87,575.55,37.8,-1,-1
956,-1,1183.73,175.71,265.7,570.71,39.9,-1,-1
957,-1,1186.03,175.27,263.85,565.15,27.5,-1,-1
958,-1,1181.94,178.05,268.42,580.78,37.4,-1,-1
959,-1,1182.8,178.34,267.69,580.72,25.9,-1,-1
960,-1,1185.17,180.93,267.04,576.86,34.7,-1,-1
961,-1,1184.89,178.97,269.19,580.72,30.9,-1,-1
977,-1,1189.83,172.46,270.18,578.1,26.1,-1,-1
989,-1,1197.31,179.51,278.42,578.71,32.4,-1,-1
990,-1,1198.46,181.11,268.76,579.12,25.2,-1,-1
995,-1,1197.14,191.62,358.19,574.37,31.8,-1,-1
996,-1,0.0,138.58,86.99,119.62,28.5,-1,-1
1041,-1,1257.48,179.3,330.18,585.05,25.1,-1,-1
1043,-1,1259.64,168.58,316.43,592.72,28.2,-1,-1
1044,-1,1261.16,175.06,354.73,582.12,37.2,-1,-1
1048,-1,344.11,353.2,427.03,584.25,26.3,-1,-1
1049,-1,342.91,351.2,428.81,586.63,30.4,-1,-1
1050,-1,343.43,356.84,427.84,579.88,44.4,-1,-1
1051,-1,342.56,355.86,431.71,584.35,41.3,-1,-1
1052,-1,340.71,358.63,434.53,580.56,29.2,-1,-1
1053,-1,341.67,359.35,417.46,572.71,28.6,-1,-1
1055,-1,339.97,357.99,422.67,573.39,28.8,-1,-1
1063,-1,1268.67,194.36,283.05,588.55,26.1,-1,-1
1077,-1,1293.66,195.17,247.64,575.15,40.1,-1,-1
1082,-1,1295.39,198.61,249.44,574.26,28.4,-1,-1
1097,-1,280.73,214.43,434.48,745.99,37.9,-1,-1
1108,-1,1271.38,150.43,271.3,628.51,25.6,-1,-1
1110,-1,234.01,213.16,476.26,736.94,30.2,-1,-1
1110,-1,1274.95,127.67,265.63,650.04,26.9,-1,-1
1111,-1,235.98,191.48,453.28,755.65,31.9,-1,-1
1112,-1,229.5,204.3,456.2,746.26,31.9,-1,-1
1113,-1,217.66,73.73,453.43,908.78,32.9,-1,-1
1113,-1,1289.16,146.43,248.76,638.94,31.2,-1,-1
1114,-1,1288.47,161.53,248.08,624.22,40.8,-1,-1
1114,-1,214.83,106.21,448.71,869.54,27.0,-1,-1
1115,-1,214.84,219.55,428.14,733.15,37.9,-1,-1
1116,-1,211.94,223.08,414.59,732.4,43.0,-1,-1
1117,-1,1286.47,181.52,253.48,607.14,29.0,-1,-1
1117,-1,194.94,224.16,435.76,731.57,25.4,-1,-1
1120,-1,181.94,199.01,436.56,757.48,30.7,-1,-1
1121,-1,175.04,216.28,437.3,748.8,30.2,-1,-1
1131,-1,106.69,322.62,451.19,655.93,46.5,-1,-1
1135,-1,78.37,299.83,467.35,700.15,34.8,-1,-1
1137,-1,64.59,320.52,438.73,681.25,30.0,-1,-1
1138,-1,63.35,303.48,410.91,690.16,50.4,-1,-1
1140,-1,41.62,327.13,435.05,667.27,27.2,-1,-1
1141,-1,35.96,339.32,438.89,660.12,56.1,-1,-1
1142,-1,30.46,360.16,444.49,642.18,42.5,-1,-1
1143,-1,25.24,322.45,447.01,683.4,27.7,-1,-1
1144,-1,15.32,337.62,418.2,656.19,59.5,-1,-1
1145,-1,7.34,346.54,412.13,647.15,64.3,-1,-1
1146,-1,1.68,359.46,428.74,640.67,47.3,-1,-1
1146,-1,1215.84,175.1,238.61,654.64,34.9,-1,-1
1147,-1,0.0,349.91,426.53,655.06,46.9,-1,-1
1147,-1,1211.19,165.32,242.39,653.16,29.2,-1,-1
1148,-1,0.0,357.69,412.39,649.96,59.3,-1,-1
1148,-1,1208.27,176.53,242.45,641.69,35.2,-1,-1
1149,-1,0.0,363.03,406.4,639.58,57.7,-1,-1
1150,-1,1202.69,183.19,244.24,620.64,29.9,-1,-1
1151,-1,1201.83,167.66,243.59,649.0,25.4,-1,-1
1182,-1,1096.39,147.06,264.06,697.23,44.1,-1,-1
1183,-1,1081.34,180.56,273.74,650.38,41.5,-1,-1
1185,-1,1077.32,162.46,274.13,661.63,43.2,-1,-1
1186,-1,1069.42,161.0,280.27,666.8,28.1,-1,-1
1187,-1,1058.74,141.45,291.46,703.59,43.5,-1,-1
1188,-1,1061.15,179.09,290.42,675.36,53.5,-1,-1
1190,-1,1050.88,144.23,314.15,711.43,28.3,-1,-1
1191,-1,1033.11,155.26,373.21,693.96,31.2,-1,-1
1192,-1,1014.02,165.25,484.0,688.23,27.7,-1,-1
1193,-1,1024.39,174.29,407.84,664.89,35.5,-1,-1
1193,-1,1051.65,107.85,275.85,722.76,27.5,-1,-1
1194,-1,1032.19,172.47,300.37,656.03,55.5,-1,-1
1195,-1,1044.54,133.57,261.86,696.17,43.7,-1,-1
1196,-1,1044.35,108.14,258.45,720.79,36.7,-1,-1
1197,-1,1043.41,112.98,258.9,711.26,37.3,-1,-1
1198,-1,1042.91,156.67,258.25,664.5,28.7,-1,-1
1199,-1,1035.27,129.44,268.74,698.41,28.5,-1,-1
1200,-1,1015.12,71.66,364.65,752.73,33.0,-1,-1
1206,-1,988.05,150.55,444.12,657.49,27.5,-1,-1
1208,-1,988.54,133.22,407.48,683.29,34.9,-1,-1
1209,-1,992.6,144.56,263.82,663.3,45.9,-1,-1
1211,-1,996.08,131.85,259.54,689.98,27.0,-1,-1
1212,-1,979.8,106.75,277.04,708.8,34.3,-1,-1
1213,-1,973.43,87.31,324.51,737.03,51.7,-1,-1
1213,-1,974.47,108.33,478.99,726.56,39.9,-1,-1
1214,-1,970.93,111.59,284.41,704.42,38.6,-1,-1
1215,-1,961.73,91.83,306.72,725.81,42.8,-1,-1
1215,-1,966.42,110.43,450.83,720.09,31.8,-1,-1
1216,-1,950.5,65.36,441.7,759.85,43.4,-1,-1
1217,-1,939.58,74.83,432.44,746.15,37.8,-1,-1
1221,-1,952.41,58.28,338.14,754.15,32.6,-1,-1
1229,-1,919.18,61.1,489.54,753.88,28.4,-1,-1
1231,-1,944.74,51.8,452.52,762.77,29.1,-1,-1
1232,-1,949.78,43.04,289.92,766.74,35.0,-1,-1
1232,-1,940.57,71.98,424.96,743.45,33.2,-1,-1
1232,-1,886.98,0.0,380.97,837.92,26.9,-1,-1
1233,-1,951.25,71.36,261.19,737.47,44.8,-1,-1
1233,-1,885.08,0.0,330.87,831.59,27.4,-1,-1
1234,-1,948.86,101.28,260.33,703.7,32.5,-1,-1
1235,-1,945.14,63.21,263.05,746.78,35.1,-1,-1
1236,-1,944.66,85.69,263.07,724.73,31.1,-1,-1
1237,-1,939.54,82.8,268.18,724.91,28.3,-1,-1
1247,-1,918.71,134.21,265.13,686.33,30.7,-1,-1
1248,-1,914.35,138.39,263.63,685.19,31.1,-1,-1
1249,-1,913.24,141.35,259.32,679.68,33.2,-1,-1
1250,-1,907.01,153.71,261.51,652.66,33.8,-1,-1
1252,-1,899.02,149.24,265.79,659.77,32.0,-1,-1
1254,-1,883.45,147.68,276.36,661.68,62.3,-1,-1
1254,-1,844.96,0.0,315.21,827.05,31.4,-1,-1
1255,-1,878.29,143.72,280.04,663.68,64.2,-1,-1
1255,-1,842.94,0.0,316.27,827.08,35.9,-1,-1
1256,-1,873.53,131.39,284.06,686.21,68.4,-1,-1
1256,-1,838.44,0.0,322.71,838.5,35.3,-1,-1
1257,-1,851.16,147.45,308.45,666.69,68.1,-1,-1
1257,-1,822.05,0.0,355.49,841.45,34.8,-1,-1
1258,-1,847.96,133.15,320.71,684.33,60.8,-1,-1
1258,-1,817.75,0.0,384.26,843.24,31.3,-1,-1
1259,-1,831.68,147.83,332.67,660.49,56.6,-1,-1
1260,-1,840.16,133.47,327.58,682.16,54.5,-1,-1
1261,-1,849.49,129.01,315.14,681.96,55.8,-1,-1
1262,-1,849.33,106.15,408.16,715.48,52.9,-1,-1
1263,-1,816.18,139.44,450.83,687.33,39.2,-1,-1
1263,-1,835.49,88.64,321.88,727.43,25.9,-1,-1
1264,-1,837.5,165.87,314.18,645.3,32.5,-1,-1
1265,-1,842.81,130.52,316.14,689.59,46.1,-1,-1
1266,-1,834.89,152.71,288.45,670.28,57.0,-1,-1
1266,-1,788.76,24.49,384.37,817.18,28.6,-1,-1
1267,-1,841.15,167.28,275.53,650.5,59.5,-1,-1
1273,-1,811.05,101.42,299.29,719.85,27.4,-1,-1
1274,-1,821.75,85.84,288.19,735.68,27.9,-1,-1
1276,-1,807.01,81.89,302.22,738.18,27.8,-1,-1
1277,-1,806.32,105.21,302.75,715.41,31.1,-1,-1
1278,-1,816.75,98.0,290.56,721.53,31.2,-1,-1
1284,-1,819.39,120.44,276.65,693.5,29.7,-1,-1
1286,-1,821.16,96.29,274.33,719.03,28.0,-1,-1
1291,-1,819.57,146.96,278.9,672.85,26.1,-1,-1
1293,-1,824.71,153.67,294.98,659.52,27.3,-1,-1
1294,-1,823.65,147.34,367.92,669.16,25.2,-1,-1
1296,-1,752.54,101.72,454.8,712.59,32.4,-1,-1
1297,-1,769.61,79.54,331.5,735.2,34.7,-1,-1
1298,-1,766.98,88.85,342.86,723.81,41.6,-1,-1
1299,-1,776.64,104.21,308.09,712.1,34.4,-1,-1
1300,-1,764.82,86.96,325.67,730.15,42.1,-1,-1
1301,-1,748.89,70.34,360.49,752.4,41.1,-1,-1
1302,-1,743.11,73.01,392.05,748.42,36.7,-1,-1
1303,-1,748.96,93.55,334.07,720.69,37.8,-1,-1
1304,-1,757.89,100.28,329.55,714.62,38.4,-1,-1
1305,-1,753.76,105.92,330.0,708.83,38.2,-1,-1
1306,-1,745.42,116.87,341.56,701.71,40.4,-1,-1
1307,-1,747.25,110.38,345.32,707.48,40.6,-1,-1
1308,-1,746.1,97.37,337.88,717.05,40.9,-1,-1
1309,-1,742.9,108.33,342.31,707.16,30.2,-1,-1
1310,-1,798.78,150.56,278.69,667.05,35.4,-1,-1
1311,-1,769.53,176.4,308.81,640.39,36.3,-1,-1
1312,-1,759.53,161.9,320.95,655.31,35.7,-1,-1
1313,-1,733.19,107.83,352.23,713.18,33.5,-1,-1
1314,-1,736.39,125.92,352.0,685.58,28.7,-1,-1
1315,-1,743.37,112.18,342.75,696.65,37.4,-1,-1
1316,-1,742.36,101.81,357.84,710.22,48.7,-1,-1
1317,-1,739.33,101.71,391.33,711.7,37.0,-1,-1
1318,-1,741.36,106.28,356.19,706.78,37.1,-1,-1
1319,-1,741.33,86.47,492.01,727.37,44.3,-1,-1
1320,-1,742.39,92.83,482.41,717.04,46.2,-1,-1
1320,-1,751.84,36.03,352.19,772.19,34.3,-1,-1
1321,-1,745.59,86.0,374.75,720.8,42.9,-1,-1
1322,-1,747.04,88.58,510.55,724.65,44.0,-1,-1
1323,-1,746.85,97.3,473.67,720.53,48.6,-1,-1
1324,-1,739.51,97.76,472.41,717.23,42.8,-1,-1
1325,-1,736.79,92.75,474.72,726.41,39.1,-1,-1
1326,-1,745.86,91.15,519.11,727.48,45.6,-1,-1
1327,-1,742.81,123.24,475.22,693.88,41.6,-1,-1
1328,-1,744.33,113.49,490.11,706.25,42.7,-1,-1
1329,-1,733.83,92.29,514.05,726.01,38.5,-1,-1
1330,-1,748.43,120.47,356.22,687.1,28.1,-1,-1
1331,-1,743.02,95.53,395.13,719.76,38.6,-1,-1
1332,-1,761.45,69.78,351.46,743.13,38.9,-1,-1
1334,-1,767.74,36.46,375.71,779.62,29.5,-1,-1
1335,-1,773.9,42.13,349.68,772.53,35.3,-1,-1
1336,-1,769.94,57.65,346.43,756.81,37.7,-1,-1
1337,-1,808.19,60.92,372.34,743.27,51.5,-1,-1
1337,-1,768.5,0.0,510.3,834.12,27.0,-1,-1
1338,-1,825.32,83.61,285.17,718.2,44.0,-1,-1
1339,-1,840.87,62.39,270.22,738.89,51.4,-1,-1
1339,-1,778.04,0.0,378.04,831.78,30.7,-1,-1
1340,-1,850.29,62.96,263.32,736.14,47.6,-1,-1
1340,-1,824.83,80.64,396.98,720.63,41.9,-1,-1
1340,-1,780.09,0.0,384.45,813.63,25.4,-1,-1
1341,-1,835.84,95.02,276.36,706.89,49.1,-1,-1
1342,-1,835.44,89.96,278.07,710.17,43.0,-1,-1
1343,-1,800.73,82.42,431.88,720.11,29.7,-1,-1
1344,-1,799.85,86.33,418.29,719.87,39.3,-1,-1
1344,-1,812.57,174.71,306.57,625.11,31.9,-1,-1
1345,-1,795.3,82.96,505.87,726.35,30.0,-1,-1
1346,-1,779.67,60.99,527.73,753.29,26.4,-1,-1
1347,-1,786.25,52.47,353.12,753.22,41.2,-1,-1
1347,-1,793.59,67.44,479.41,740.85,40.4,-1,-1
1348,-1,791.77,41.2,479.97,765.53,32.9,-1,-1
1349,-1,789.94,54.16,514.57,758.22,28.0,-1,-1
1350,-1,786.61,44.71,451.07,766.02,36.3,-1,-1
1351,-1,793.31,74.61,520.42,738.97,25.3,-1,-1
1352,-1,797.29,48.08,479.68,765.21,27.3,-1,-1
1353,-1,802.79,42.54,503.75,776.13,32.4,-1,-1
1354,-1,797.57,59.0,524.95,756.46,25.6,-1,-1
1355,-1,795.05,36.98,517.2,782.51,26.0,-1,-1
1356,-1,808.43,48.45,502.15,773.03,37.2,-1,-1
1357,-1,801.71,18.78,487.57,804.23,37.2,-1,-1
1358,-1,806.55,20.05,503.83,806.89,33.8,-1,-1
1359,-1,807.4,51.74,489.42,760.0,27.1,-1,-1
1366,-1,799.42,45.83,513.81,807.83,26.2,-1,-1
1376,-1,846.23,31.71,465.82,789.84,26.4,-1,-1
1379,-1,881.83,143.9,404.82,681.9,32.2,-1,-1
1380,-1,892.47,196.0,299.51,616.05,26.9,-1,-1
1381,-1,903.39,180.28,355.19,639.63,36.6,-1,-1
1381,-1,913.54,137.62,253.07,681.17,27.4,-1,-1
1382,-1,904.67,166.09,321.1,654.73,41.9,-1,-1
1382,-1,919.99,93.48,238.52,731.04,35.3,-1,-1
1382,-1,875.57,73.58,471.71,736.78,27.2,-1,-1
1383,-1,899.44,140.48,311.65,681.37,31.4,-1,-1
1383,-1,863.76,65.31,474.01,744.41,26.6,-1,-1
1384,-1,910.51,122.93,297.31,705.45,55.6,-1,-1
1384,-1,882.35,60.78,461.03,760.33,52.7,-1,-1
1385,-1,866.02,67.08,491.3,768.7,52.7,-1,-1
1385,-1,912.95,60.15,279.93,766.11,38.6,-1,-1
1386,-1,897.2,114.13,364.58,721.91,53.1,-1,-1
1386,-1,914.27,80.06,257.2,745.36,39.2,-1,-1
1387,-1,901.15,118.23,273.42,713.67,45.4,-1,-1
1387,-1,868.3,69.17,412.65,750.23,43.7,-1,-1
1388,-1,866.77,69.46,450.13,761.0,45.5,-1,-1
1388,-1,901.72,101.77,295.1,733.58,43.5,-1,-1
1389,-1,903.57,104.54,309.14,728.97,40.0,-1,-1
1389,-1,868.16,60.78,478.94,768.82,36.4,-1,-1
1390,-1,894.49,103.8,306.01,734.45,40.2,-1,-1
1390,-1,864.7,47.34,468.16,787.31,34.8,-1,-1
1391,-1,880.21,119.57,286.41,718.56,46.3,-1,-1
1391,-1,853.39,64.55,398.32,767.89,45.5,-1,-1
1391,-1,921.09,244.27,237.25,587.64,28.5,-1,-1
1392,-1,853.5,134.61,321.69,697.16,29.0,-1,-1
1393,-1,854.21,127.48,325.03,709.17,32.8,-1,-1
1393,-1,844.23,82.79,484.01,742.82,29.6,-1,-1
1394,-1,857.0,118.37,351.85,717.35,25.9,-1,-1
1395,-1,873.93,139.17,296.04,690.57,39.4,-1,-1
1395,-1,850.62,83.39,446.86,747.19,28.5,-1,-1
1396,-1,855.09,153.96,311.84,677.02,42.6,-1,-1
1397,-1,867.87,163.27,303.42,665.48,48.3,-1,-1
1397,-1,849.41,84.14,450.85,750.25,34.1,-1,-1
1398,-1,879.15,174.99,285.62,652.88,50.3,-1,-1
1399,-1,886.15,174.74,279.37,653.09,50.1,-1,-1
1400,-1,884.52,188.02,284.6,640.2,59.1,-1,-1
1400,-1,859.59,116.4,365.45,720.62,47.2,-1,-1
1401,-1,873.16,186.85,298.42,640.98,54.1,-1,-1
1401,-1,860.63,144.92,411.64,692.45,36.8,-1,-1
1402,-1,876.29,203.51,295.45,626.75,42.7,-1,-1
1403,-1,873.31,157.52,304.26,676.5,44.0,-1,-1
1403,-1,858.18,90.4,452.99,750.93,32.6,-1,-1
1404,-1,879.06,184.78,295.98,652.2,51.8,-1,-1
1404,-1,863.37,93.36,411.28,751.95,36.6,-1,-1
1405,-1,879.91,163.65,295.49,669.6,43.8,-1,-1
1405,-1,859.31,69.84,425.31,773.02,25.5,-1,-1
1406,-1,886.43,137.48,291.24,693.62,33.1,-1,-1
1407,-1,887.96,144.91,293.37,688.71,37.1,-1,-1
1445,-1,864.76,88.16,534.47,786.42,25.2,-1,-1
1446,-1,880.38,86.3,518.72,783.59,30.9,-1,-1
1447,-1,857.96,89.95,537.59,782.82,27.5,-1,-1
1448,-1,882.94,91.35,503.6,780.51,36.9,-1,-1
1449,-1,891.16,90.1,482.17,779.46,34.9,-1,-1
1450,-1,919.93,53.7,421.13,809.44,36.2,-1,-1
1452,-1,909.09,60.29,384.76,795.85,39.5,-1,-1
1453,-1,911.05,70.55,369.42,785.38,31.4,-1,-1
1454,-1,914.74,73.34,337.45,783.91,39.9,-1,-1
1455,-1,926.49,77.8,347.46,778.58,45.4,-1,-1
1455,-1,834.04,102.64,564.89,783.87,28.1,-1,-1
1456,-1,890.63,83.1,376.19,775.13,28.2,-1,-1
1457,-1,890.06,95.58,355.6,759.74,30.6,-1,-1
1459,-1,876.19,95.47,425.45,760.89,34.8,-1,-1
1460,-1,903.21,91.96,428.19,767.4,42.2,-1,-1
1461,-1,929.54,103.79,396.2,751.39,42.2,-1,-1
1463,-1,916.83,100.47,421.41,759.44,33.9,-1,-1
1464,-1,911.91,80.87,435.07,781.2,37.6,-1,-1
1465,-1,867.48,81.4,495.62,790.25,26.4,-1,-1
1466,-1,890.24,75.82,472.17,788.45,33.6,-1,-1
1467,-1,903.59,83.21,429.54,775.94,42.5,-1,-1
1468,-1,892.06,81.63,455.83,784.54,37.8,-1,-1
1469,-1,893.74,73.47,460.82,793.05,44.2,-1,-1
1470,-1,890.54,79.66,379.37,781.76,39.3,-1,-1
1471,-1,857.19,84.96,388.37,776.53,26.5,-1,-1
1472,-1,878.14,77.78,471.81,788.89,29.2,-1,-1
1473,-1,894.84,79.0,425.88,781.58,34.3,-1,-1
1473,-1,954.53,128.74,257.09,734.14,31.4,-1,-1
1474,-1,960.33,137.07,266.44,725.1,26.1,-1,-1
1475,-1,958.36,155.23,238.58,707.69,39.1,-1,-1
1475,-1,922.25,98.67,397.02,763.42,33.7,-1,-1
1476,-1,958.39,140.13,289.07,720.55,42.7,-1,-1
1476,-1,914.8,65.76,445.31,798.49,42.1,-1,-1
1477,-1,866.49,71.2,476.56,799.94,36.2,-1,-1
1477,-1,950.47,143.02,251.58,727.9,33.5,-1,-1
1478,-1,947.27,146.76,271.55,725.05,43.2,-1,-1
1478,-1,852.51,66.25,510.11,815.36,41.9,-1,-1
1479,-1,937.97,136.7,284.7,742.01,42.6,-1,-1
1479,-1,853.62,57.33,504.88,830.84,41.5,-1,-1
1480,-1,933.89,135.42,337.1,739.5,37.8,-1,-1
1480,-1,838.72,89.83,533.89,787.34,34.8,-1,-1
1481,-1,849.85,79.34,530.57,806.96,38.1,-1,-1
1481,-1,935.51,124.28,391.01,759.82,36.3,-1,-1
1482,-1,833.0,77.43,554.11,818.3,29.9,-1,-1
1484,-1,848.62,70.2,537.37,825.58,32.9,-1,-1
1484,-1,938.15,137.29,382.09,753.86,30.0,-1,-1
1486,-1,851.29,84.5,531.22,802.08,28.2,-1,-1
1487,-1,949.37,180.75,383.84,698.79,40.7,-1,-1
1487,-1,853.66,158.05,531.38,718.07,33.9,-1,-1
1488,-1,965.77,160.55,369.73,707.32,39.2,-1,-1
1489,-1,967.73,159.68,365.6,702.97,38.8,-1,-1
1490,-1,969.05,162.24,350.08,696.52,45.6,-1,-1
1491,-1,970.25,155.98,350.52,688.69,41.6,-1,-1
1492,-1,972.38,179.45,342.78,661.72,42.1,-1,-1
1493,-1,974.05,159.92,363.74,670.51,44.0,-1,-1
1494,-1,980.48,132.94,319.86,686.54,41.5,-1,-1
1495,-1,989.93,141.98,276.84,668.71,47.1,-1,-1
1495,-1,958.94,183.08,376.75,619.52,39.7,-1,-1
1496,-1,1005.95,221.69,303.17,581.28,61.5,-1,-1
1497,-1,1013.97,239.39,333.23,544.08,66.1,-1,-1
1498,-1,1027.59,242.25,347.49,530.92,39.6,-1,-1
1499,-1,1044.88,238.39,245.37,524.03,41.9,-1,-1
1500,-1,1058.76,241.09,219.59,516.66,47.6,-1,-1
1501,-1,70.25,0.0,173.73,114.03,38.4,-1,-1
1502,-1,134.82,0.0,148.68,109.22,53.9,-1,-1
1503,-1,155.7,0.0,179.91,121.11,81.0,-1,-1
1503,-1,176.74,0.0,140.04,113.79,44.1,-1,-1
1503,-1,1088.1,255.55,383.34,474.02,34.7,-1,-1
1504,-1,194.45,0.0,217.63,117.5,54.3,-1,-1
1504,-1,197.1,0.0,129.62,113.96,43.4,-1,-1
1504,-1,1140.36,267.86,288.73,454.55,37.8,-1,-1
1505,-1,241.08,0.0,172.43,124.93,66.2,-1,-1
1505,-1,249.38,0.0,134.48,119.28,42.3,-1,-1
1506,-1,288.76,0.0,129.95,120.04,67.5,-1,-1
1506,-1,285.74,0.0,189.66,128.76,50.6,-1,-1
1507,-1,326.03,0.0,119.89,121.43,63.3,-1,-1
1507,-1,1194.14,256.18,365.63,443.91,43.5,-1,-1
1508,-1,366.67,0.0,125.14,122.19,72.7,-1,-1
1509,-1,400.46,0.0,140.82,126.67,74.0,-1,-1
1510,-1,439.62,0.0,139.21,127.13,74.2,-1,-1
1511,-1,478.08,0.0,130.14,129.53,81.7,-1,-1
1511,-1,1283.66,249.91,271.38,411.73,33.0,-1,-1
1512,-1,515.25,0.0,124.81,131.36,74.5,-1,-1
1513,-1,553.94,0.0,126.98,129.12,81.6,-1,-1
1514,-1,587.6,0.0,115.8,127.81,79.7,-1,-1
1515,-1,626.68,0.0,115.18,128.18,78.7,-1,-1
1516,-1,661.02,0.0,109.47,124.54,75.3,-1,-1
1517,-1,695.31,0.0,116.64,126.81,80.8,-1,-1
1517,-1,692.36,0.0,182.38,134.45,59.8,-1,-1
1518,-1,728.09,0.0,110.98,124.81,82.0,-1,-1
1519,-1,761.26,0.0,102.67,122.66,75.6,-1,-1
1519,-1,1472.33,226.08,220.74,385.33,28.9,-1,-1
1520,-1,791.19,0.0,108.66,118.75,78.7,-1,-1
1520,-1,787.45,0.0,182.0,132.1,51.5,-1,-1
1521,-1,823.18,0.0,106.09,114.68,80.5,-1,-1
1521,-1,1525.78,222.89,226.33,374.04,28.8,-1,-1
1522,-1,851.11,0.0,102.25,111.47,81.8,-1,-1
1523,-1,881.22,0.0,105.72,105.98,68.3,-1,-1
1524,-1,914.83,0.0,109.78,104.64,64.3,-1,-1
1525,-1,944.85,0.0,102.97,97.51,47.8,-1,-1
1525,-1,940.66,0.0,173.56,100.97,30.6,-1,-1
1526,-1,969.34,0.0,147.53,92.18,37.3,-1,-1
1526,-1,970.99,0.0,171.85,92.73,29.5,-1,-1
1527,-1,997.19,0.0,162.31,91.27,32.7,-1,-1
1528,-1,1022.9,0.0,172.49,88.97,38.1,-1,-1
1528,-1,1714.03,192.25,191.99,380.81,25.3,-1,-1
1529,-1,1051.03,0.0,163.12,87.01,53.0,-1,-1
1530,-1,1074.86,0.0,141.94,85.0,35.3,-1,-1
1531,-1,1099.11,0.0,128.86,81.33,51.2,-1,-1
1532,-1,1126.88,0.0,121.96,76.38,37.9,-1,-1
1533,-1,1152.22,0.0,119.2,67.97,61.2,-1,-1
1534,-1,1174.58,0.0,107.77,61.37,34.9,-1,-1
1535,-1,1193.8,0.0,108.95,61.04,54.0,-1,-1
1537,-1,1242.14,0.0,125.5,42.56,44.4,-1,-1
1539,-1,71.17,68.32,100.6,39.52,45.4,-1,-1
1540,-1,66.22,56.25,96.13,44.42,54.4,-1,-1
1541,-1,61.1,31.4,108.67,62.2,49.2,-1,-1
1542,-1,55.76,25.01,105.4,60.24,59.4,-1,-1
1543,-1,47.98,26.45,103.78,50.31,59.4,-1,-1
1544,-1,40.65,10.84,105.82,59.38,66.2,-1,-1
1545,-1,30.37,3.56,106.26,58.43,80.2,-1,-1
1546,-1,17.99,0.0,110.4,53.74,81.7,-1,-1
1546,-1,602.52,0.0,113.78,53.56,30.6,-1,-1
1547,-1,4.53,0.0,114.92,46.99,78.1,-1,-1
1548,-1,0.03,0.0,107.66,42.27,66.2,-1,-1
1548,-1,0.0,0.0,30.81,41.66,48.2,-1,-1
1548,-1,915.3,0.0,451.46,663.1,31.0,-1,-1
1549,-1,0.08,0.0,87.93,32.12,34.8,-1,-1
1551,-1,0.0,0.0,64.92,22.48,33.5,-1,-1
1552,-1,0.26,0.0,30.62,17.25,50.8,-1,-1
1552,-1,966.48,85.09,408.57,587.13,36.3,-1,-1
1553,-1,994.31,64.65,393.91,612.11,35.6,-1,-1
1554,-1,1074.33,69.89,294.76,605.02,37.2,-1,-1
1555,-1,1002.99,54.63,384.88,633.14,61.9,-1,-1
1556,-1,1002.92,57.71,388.44,634.01,69.0,-1,-1
1556,-1,991.93,0.0,426.19,714.26,62.6,-1,-1
1557,-1,1000.56,0.0,408.15,700.15,64.2,-1,-1
1558,-1,987.9,0.0,443.54,705.74,57.2,-1,-1
1558,-1,1057.83,23.29,347.26,674.55,38.5,-1,-1
1559,-1,998.35,13.36,424.08,694.32,67.5,-1,-1
1559,-1,1082.31,56.25,313.61,646.13,57.1,-1,-1
1560,-1,988.23,88.73,474.33,623.74,51.5,-1,-1
1561,-1,993.25,5.51,459.8,707.22,55.6,-1,-1
1562,-1,991.74,0.0,453.81,710.99,62.1,-1,-1
1563,-1,991.46,0.27,476.29,711.67,50.8,-1,-1
1564,-1,1015.75,37.23,443.19,678.09,42.1,-1,-1
1565,-1,993.11,0.0,496.29,723.59,40.6,-1,-1
1566,-1,1029.6,20.91,402.23,702.66,52.5,-1,-1
1567,-1,1003.9,21.66,480.99,709.34,56.9,-1,-1
1568,-1,1006.56,35.65,481.36,702.29,56.0,-1,-1
1569,-1,995.09,44.7,494.47,697.85,50.4,-1,-1
1570,-1,991.31,61.57,495.85,681.87,50.7,-1,-1
1571,-1,984.21,62.89,502.59,692.63,60.6,-1,-1
1572,-1,985.68,67.99,499.86,689.56,53.2,-1,-1
1573,-1,980.44,58.53,506.23,701.68,37.4,-1,-1
1574,-1,984.57,47.93,494.17,720.08,48.4,-1,-1
1575,-1,982.36,21.84,495.0,736.99,34.8,-1,-1
1576,-1,972.46,33.4,499.24,723.57,40.2,-1,-1
1577,-1,969.03,41.91,495.31,715.73,47.3,-1,-1
1578,-1,974.99,0.0,500.73,761.79,54.0,-1,-1
1579,-1,978.4,29.07,503.18,739.54,52.0,-1,-1
1580,-1,978.87,31.63,494.1,740.51,44.1,-1,-1
1581,-1,980.1,11.9,490.37,769.86,45.5,-1,-1
1582,-1,971.71,28.77,496.01,754.8,39.5,-1,-1
1583,-1,977.62,3.05,486.55,785.75,45.7,-1,-1
1584,-1,1002.56,5.08,462.03,776.06,51.0,-1,-1
1585,-1,998.02,0.0,470.1,784.5,39.1,-1,-1
1586,-1,996.97,1.61,480.03,792.53,54.6,-1,-1
1587,-1,988.27,0.0,490.24,805.23,58.9,-1,-1
1588,-1,983.95,0.0,496.77,811.26,59.8,-1,-1
1589,-1,972.5,0.0,506.99,814.23,52.1,-1,-1
1590,-1,981.74,0.0,493.39,814.31,56.2,-1,-1
1591,-1,1000.14,0.0,475.68,814.64,56.8,-1,-1
1592,-1,997.85,0.0,470.64,813.35,56.1,-1,-1
1593,-1,999.75,0.0,474.85,813.91,55.8,-1,-1
1593,-1,1045.39,163.88,383.22,642.25,30.4,-1,-1
1594,-1,975.1,0.0,498.38,819.36,53.5,-1,-1
1594,-1,1036.91,161.91,395.5,646.94,29.0,-1,-1
1595,-1,981.37,0.0,500.36,829.66,54.0,-1,-1
1595,-1,1030.74,149.27,411.03,663.94,25.7,-1,-1
1596,-1,1013.94,14.66,443.92,792.14,60.2,-1,-1
1597,-1,983.68,13.95,475.19,796.51,53.5,-1,-1
1598,-1,983.76,19.93,475.42,787.96,51.6,-1,-1
1599,-1,990.0,7.85,478.46,807.05,55.7,-1,-1
1600,-1,988.43,12.08,473.6,807.11,57.4,-1,-1
1601,-1,981.26,16.12,484.25,819.82,63.3,-1,-1
1602,-1,979.98,26.59,482.08,804.71,53.9,-1,-1
1603,-1,971.61,28.29,504.19,802.65,48.0,-1,-1
1604,-1,973.06,35.48,494.44,800.53,29.5,-1,-1
1605,-1,973.07,202.69,470.01,622.93,28.8,-1,-1
1605,-1,968.86,21.11,507.79,823.71,28.3,-1,-1
1606,-1,963.13,34.12,510.82,799.85,29.0,-1,-1
1608,-1,960.36,198.22,477.23,622.57,28.6,-1,-1
1608,-1,954.22,0.0,529.15,857.71,25.4,-1,-1
1609,-1,959.51,33.09,496.85,795.28,29.1,-1,-1
1610,-1,949.37,0.0,522.08,855.92,38.9,-1,-1
1611,-1,954.39,23.01,509.18,821.47,52.5,-1,-1
1612,-1,954.32,31.51,502.67,801.87,51.4,-1,-1
1613,-1,953.33,45.77,504.1,784.81,52.0,-1,-1
1614,-1,958.43,0.0,510.22,845.57,46.9,-1,-1
1615,-1,954.58,80.31,489.68,756.53,44.7,-1,-1
1616,-1,956.62,68.65,484.11,771.11,49.8,-1,-1
1617,-1,956.34,66.87,490.29,767.9,53.8,-1,-1
1618,-1,959.47,36.47,486.64,800.14,51.4,-1,-1
1619,-1,945.57,0.0,498.83,834.35,43.8,-1,-1
1620,-1,934.95,0.0,522.81,860.24,37.8,-1,-1
1621,-1,931.53,14.54,527.44,810.23,36.7,-1,-1
1622,-1,928.21,9.9,533.94,820.04,32.5,-1,-1
1623,-1,924.06,11.24,516.87,810.69,35.6,-1,-1
1624,-1,919.95,6.04,502.25,824.75,48.9,-1,-1
1625,-1,919.67,1.55,506.75,840.19,42.0,-1,-1
1626,-1,920.75,5.03,517.39,845.61,51.8,-1,-1
1627,-1,937.38,0.0,504.97,852.5,49.2,-1,-1
1628,-1,941.63,0.0,497.71,854.09,48.4,-1,-1
1629,-1,939.24,0.0,494.69,849.85,49.3,-1,-1
1630,-1,945.15,0.12,495.54,846.85,46.6,-1,-1
1631,-1,942.73,0.0,506.48,851.35,46.5,-1,-1
1632,-1,940.68,0.0,505.51,852.68,48.1,-1,-1
1633,-1,935.07,21.89,513.45,821.32,41.8,-1,-1
1634,-1,929.4,17.23,508.52,830.61,45.9,-1,-1
1635,-1,927.42,19.56,512.97,826.12,42.8,-1,-1
1636,-1,923.25,21.99,496.04,819.06,33.5,-1,-1
1637,-1,917.86,18.25,510.42,831.83,39.4,-1,-1
1638,-1,912.12,27.74,505.73,820.83,47.1,-1,-1
1639,-1,913.39,14.44,485.46,826.6,54.4,-1,-1
1640,-1,910.9,9.96,491.16,827.12,48.4,-1,-1
1641,-1,897.55,32.36,492.59,797.31,32.2,-1,-1
1642,-1,896.54,40.96,481.55,788.21,43.6,-1,-1
1643,-1,898.46,42.28,474.19,790.5,54.1,-1,-1
1644,-1,887.0,16.03,482.12,824.35,52.0,-1,-1
1645,-1,882.11,22.24,486.44,809.31,44.6,-1,-1
1646,-1,874.02,17.33,499.86,820.63,38.2,-1,-1
1647,-1,873.12,25.56,495.56,812.44,42.9,-1,-1
1648,-1,863.43,27.09,506.24,815.34,34.8,-1,-1
1649,-1,872.68,17.4,496.9,829.26,44.0,-1,-1
1650,-1,865.0,11.55,515.73,841.8,38.7,-1,-1
1651,-1,873.45,0.0,523.68,868.65,44.0,-1,-1
1652,-1,873.79,17.1,515.49,829.94,44.6,-1,-1
1653,-1,871.69,4.15,520.76,845.46,43.9,-1,-1
1654,-1,885.06,29.06,497.48,816.05,45.5,-1,-1
1655,-1,855.12,0.0,541.05,864.56,42.6,-1,-1
1656,-1,832.82,0.0,568.76,867.08,38.6,-1,-1
1657,-1,861.58,12.97,516.1,825.77,40.0,-1,-1
1658,-1,865.42,12.75,508.2,806.63,41.1,-1,-1
1659,-1,862.56,19.97,503.32,793.4,38.8,-1,-1
1660,-1,892.58,0.0,433.21,807.0,43.7,-1,-1
1660,-1,812.76,0.0,545.59,849.71,37.9,-1,-1
1661,-1,821.29,0.0,521.27,835.4,44.5,-1,-1
1662,-1,887.87,1.03,424.32,804.29,49.3,-1,-1
1662,-1,806.59,0.0,540.01,844.38,38.8,-1,-1
1663,-1,883.98,1.35,422.19,809.65,54.6,-1,-1
1663,-1,808.75,0.0,529.33,851.49,36.5,-1,-1
1664,-1,849.91,4.39,459.04,808.51,57.4,-1,-1
1665,-1,827.81,21.89,480.72,784.92,43.5,-1,-1
1666,-1,799.17,38.59,507.84,767.2,41.9,-1,-1
1667,-1,805.61,34.78,497.22,770.51,46.6,-1,-1
1668,-1,811.04,32.73,496.76,773.07,46.2,-1,-1
1669,-1,807.44,40.58,511.51,766.43,41.4,-1,-1
1670,-1,825.47,44.56,505.08,761.59,47.3,-1,-1
1671,-1,810.95,50.47,507.48,756.14,45.7,-1,-1
1672,-1,809.9,50.15,507.21,756.96,46.8,-1,-1
1673,-1,820.02,44.49,494.57,764.13,44.0,-1,-1
1674,-1,826.1,65.61,487.17,739.92,45.4,-1,-1
1675,-1,824.66,58.91,497.36,745.48,28.8,-1,-1
1676,-1,837.11,59.72,485.06,744.86,41.9,-1,-1
1677,-1,809.92,0.0,534.18,823.14,25.1,-1,-1
1679,-1,828.38,60.97,518.75,755.64,35.9,-1,-1
1681,-1,825.05,110.41,532.54,696.72,37.0,-1,-1
1682,-1,848.7,41.72,476.71,761.2,43.2,-1,-1
1683,-1,864.4,25.27,488.1,774.26,40.3,-1,-1
1684,-1,841.96,0.0,507.41,816.04,46.1,-1,-1
1684,-1,880.22,23.85,410.05,762.45,30.3,-1,-1
1685,-1,832.01,0.0,537.66,811.22,39.8,-1,-1
1686,-1,828.66,0.0,525.92,819.61,44.1,-1,-1
1686,-1,878.98,32.2,412.37,756.6,31.5,-1,-1
1687,-1,876.49,80.66,462.04,709.71,42.4,-1,-1
1688,-1,856.91,56.97,503.68,742.01,38.5,-1,-1
1689,-1,850.64,0.0,535.12,823.21,47.9,-1,-1
1690,-1,859.53,0.0,515.28,815.93,50.1,-1,-1
1691,-1,862.4,0.0,518.67,812.83,49.7,-1,-1
1692,-1,863.36,0.0,535.02,816.99,46.1,-1,-1
1693,-1,872.59,0.0,505.91,804.68,43.6,-1,-1
1694,-1,866.82,0.0,517.65,803.05,48.5,-1,-1
1695,-1,857.16,0.0,535.04,798.45,45.6,-1,-1
1696,-1,870.02,0.0,510.73,795.64,44.6,-1,-1
1697,-1,877.17,0.0,507.25,801.21,46.7,-1,-1
1698,-1,866.0,0.0,520.67,799.62,40.1,-1,-1
1699,-1,871.36,0.0,523.54,806.88,42.4,-1,-1
1700,-1,882.3,0.0,520.62,800.67,49.9,-1,-1
1701,-1,853.37,0.0,543.53,799.17,37.9,-1,-1
1702,-1,856.06,0.0,530.45,805.99,38.2,-1,-1
1703,-1,789.93,0.0,604.44,808.55,29.4,-1,-1
1704,-1,830.25,0.0,580.9,816.81,40.0,-1,-1
1705,-1,795.11,0.0,620.26,815.11,39.9,-1,-1
1706,-1,840.36,0.0,569.4,814.89,35.9,-1,-1
1707,-1,831.11,0.0,551.92,814.31,39.4,-1,-1
1708,-1,833.58,0.0,552.64,823.61,32.9,-1,-1
1709,-1,842.46,0.0,548.67,813.35,28.8,-1,-1
1710,-1,852.05,0.0,533.67,819.77,31.3,-1,-1
1711,-1,842.49,0.0,537.56,821.3,28.9,-1,-1
1712,-1,843.03,0.0,544.86,823.14,32.5,-1,-1
1713,-1,851.13,0.0,538.8,824.31,30.2,-1,-1
1717,-1,892.91,25.07,485.42,786.89,28.1,-1,-1
1722,-1,872.03,9.52,518.23,813.38,29.3,-1,-1
1725,-1,867.36,0.0,526.31,838.6,25.1,-1,-1
1727,-1,869.82,0.0,558.89,848.3,25.7,-1,-1
1728,-1,880.86,0.92,519.35,830.63,25.9,-1,-1
1729,-1,876.27,9.15,508.13,808.84,26.3,-1,-1
1732,-1,0.08,0.0,40.64,17.37,33.2,-1,-1
1733,-1,0.08,0.0,56.61,19.72,45.8,-1,-1
1734,-1,0.08,0.0,72.34,22.88,62.8,-1,-1
1735,-1,0.09,0.0,82.95,24.8,63.5,-1,-1
1735,-1,847.01,17.17,565.18,801.0,31.9,-1,-1
1736,-1,0.16,0.0,63.83,25.34,62.1,-1,-1
1736,-1,79.62,0.0,79.81,27.81,41.2,-1,-1
1736,-1,832.96,25.98,578.72,799.55,25.4,-1,-1
1738,-1,89.7,0.0,106.81,35.65,66.6,-1,-1
1738,-1,0.0,0.0,80.08,31.82,34.6,-1,-1
1738,-1,0.15,0.0,48.48,31.62,30.5,-1,-1
1739,-1,1.54,0.0,99.12,33.16,63.6,-1,-1
1739,-1,93.44,0.0,103.97,36.39,55.6,-1,-1
1740,-1,98.56,0.0,111.98,39.27,78.5,-1,-1
1740,-1,2.92,0.0,89.83,34.1,32.0,-1,-1
1741,-1,100.37,0.0,111.98,42.45,80.3,-1,-1
1741,-1,823.85,0.0,578.59,847.25,25.6,-1,-1
1742,-1,102.97,0.0,111.43,44.17,81.2,-1,-1
1742,-1,7.88,0.09,88.61,39.88,43.1,-1,-1
1742,-1,832.33,0.0,573.15,846.09,25.1,-1,-1
1743,-1,106.37,0.0,112.17,44.68,65.7,-1,-1
1743,-1,3.31,0.0,70.82,41.94,29.3,-1,-1
1743,-1,814.85,0.0,589.28,842.96,29.3,-1,-1
1744,-1,110.13,0.96,100.22,45.36,57.7,-1,-1
1744,-1,10.44,4.27,90.74,39.67,47.8,-1,-1
1745,-1,9.12,7.17,94.02,38.61,69.6,-1,-1
1745,-1,115.63,1.43,105.89,47.51,67.5,-1,-1
1745,-1,837.98,0.0,566.15,846.52,32.7,-1,-1
1746,-1,15.17,13.62,88.32,33.02,58.7,-1,-1
1746,-1,839.71,0.0,562.47,847.67,32.8,-1,-1
1747,-1,23.85,15.41,88.08,33.39,71.0,-1,-1
1747,-1,120.93,7.28,88.93,44.35,52.1,-1,-1
1747,-1,834.75,0.0,570.21,852.47,30.1,-1,-1
1748,-1,126.0,6.91,97.88,47.27,66.4,-1,-1
1748,-1,21.39,13.93,92.52,36.14,46.0,-1,-1
1748,-1,829.34,0.0,572.51,853.94,27.9,-1,-1
1749,-1,16.02,0.49,99.72,51.96,47.0,-1,-1
1749,-1,128.33,2.07,89.2,55.54,43.2,-1,-1
1749,-1,816.5,0.0,587.68,850.33,25.1,-1,-1
1750,-1,18.66,0.0,101.26,54.08,58.5,-1,-1
1750,-1,832.81,0.0,568.29,852.19,29.9,-1,-1
1751,-1,21.55,0.0,136.89,56.72,60.6,-1,-1
1751,-1,818.11,0.0,585.36,847.67,30.7,-1,-1
1752,-1,26.68,0.0,137.87,59.21,71.7,-1,-1
1752,-1,822.39,0.0,579.17,844.74,34.8,-1,-1
1753,-1,33.9,0.0,139.22,62.56,67.9,-1,-1
1753,-1,830.4,0.0,571.64,844.03,32.5,-1,-1
1754,-1,38.12,0.0,136.01,64.12,54.5,-1,-1
1754,-1,834.21,0.0,566.09,847.95,30.2,-1,-1
1755,-1,37.73,0.0,134.73,63.67,69.0,-1,-1
1755,-1,832.52,0.0,568.72,840.38,28.6,-1,-1
1756,-1,39.48,0.0,140.04,68.26,39.5,-1,-1
1756,-1,838.28,0.0,564.92,836.24,25.7,-1,-1
1760,-1,55.89,0.0,140.9,74.99,25.0,-1,-1
1761,-1,60.6,0.0,133.85,77.13,58.4,-1,-1
1762,-1,60.9,0.0,138.2,78.92,47.2,-1,-1
1762,-1,843.99,0.0,554.01,843.93,28.4,-1,-1
1763,-1,58.04,0.42,141.51,79.73,56.1,-1,-1
1763,-1,852.64,0.0,544.61,854.36,25.8,-1,-1
1764,-1,58.71,0.0,144.7,82.51,69.6,-1,-1
1765,-1,60.27,0.0,147.64,83.15,69.2,-1,-1
1765,-1,850.4,0.0,547.7,859.12,26.2,-1,-1
1766,-1,60.19,0.0,157.7,84.29,54.4,-1,-1
1766,-1,844.08,0.0,553.22,859.1,26.8,-1,-1
1767,-1,61.07,0.0,159.05,86.22,62.2,-1,-1
1767,-1,842.1,27.84,563.12,817.72,34.0,-1,-1
1768,-1,61.76,0.0,152.27,86.54,68.9,-1,-1
1768,-1,845.9,21.29,558.25,829.63,34.0,-1,-1
1769,-1,61.91,0.0,157.94,88.42,68.1,-1,-1
1769,-1,840.21,20.55,561.04,829.01,32.8,-1,-1
1770,-1,61.62,0.0,151.91,89.99,61.6,-1,-1
1771,-1,61.56,4.25,152.03,87.66,52.4,-1,-1
1771,-1,812.11,31.0,594.26,820.01,28.0,-1,-1
1772,-1,827.35,32.86,568.72,812.53,30.2,-1,-1
1773,-1,826.4,21.32,566.27,828.78,36.6,-1,-1
1774,-1,826.11,15.88,563.07,831.12,30.0,-1,-1
1775,-1,839.46,48.66,566.72,801.52,45.5,-1,-1
1776,-1,800.5,79.2,608.45,763.26,26.3,-1,-1
1777,-1,825.94,44.67,575.81,801.53,28.1,-1,-1
1780,-1,819.38,121.26,587.54,725.12,29.0,-1,-1
1781,-1,808.18,130.01,603.22,709.49,25.4,-1,-1
1782,-1,821.55,161.2,589.2,667.47,30.1,-1,-1
1783,-1,837.61,155.51,574.37,684.96,40.7,-1,-1
1784,-1,834.01,158.01,581.88,676.49,41.5,-1,-1
1785,-1,842.17,132.31,576.01,698.53,38.0,-1,-1
1786,-1,822.25,121.47,591.86,704.43,28.5,-1,-1
1787,-1,1170.17,0.0,112.98,35.24,31.5,-1,-1
1787,-1,847.84,110.78,564.89,718.62,27.5,-1,-1
1788,-1,1174.07,0.0,113.03,34.96,47.6,-1,-1
1789,-1,1176.21,0.0,112.61,35.95,58.4,-1,-1
1790,-1,1178.2,0.0,113.13,35.37,66.7,-1,-1
1791,-1,1183.33,0.0,108.87,31.44,69.0,-1,-1
1792,-1,1186.35,0.0,105.09,33.01,60.7,-1,-1
1793,-1,1188.07,0.0,107.88,33.52,47.4,-1,-1
1794,-1,1196.57,0.0,97.83,34.7,60.1,-1,-1
1795,-1,1194.57,0.0,99.98,34.63,48.8,-1,-1
1796,-1,1188.59,0.0,116.27,35.67,30.6,-1,-1
1797,-1,1197.02,0.0,107.46,36.38,47.7,-1,-1
1799,-1,1190.38,0.0,124.27,37.36,32.5,-1,-1
1800,-1,1194.42,0.0,124.9,38.68,26.9,-1,-1
1801,-1,1207.28,0.0,110.97,42.43,63.9,-1,-1
1801,-1,1212.75,0.0,124.51,39.32,37.9,-1,-1
1802,-1,1208.69,0.0,115.39,43.95,55.1,-1,-1
1802,-1,1216.38,0.0,125.14,40.01,45.5,-1,-1
1803,-1,1212.38,0.0,107.2,44.39,36.4,-1,-1
1803,-1,1219.2,0.0,122.54,39.33,31.3,-1,-1
1804,-1,1208.38,0.0,125.77,45.71,62.0,-1,-1
1805,-1,1215.05,0.0,120.34,47.41,73.5,-1,-1
1806,-1,1221.05,0.0,126.91,46.4,74.3,-1,-1
1807,-1,1223.59,0.0,134.22,46.17,70.4,-1,-1
1808,-1,1226.29,0.0,133.84,47.47,74.5,-1,-1
1809,-1,1228.27,0.0,119.14,48.32,75.4,-1,-1
1810,-1,1230.65,0.0,122.33,49.57,76.3,-1,-1
1811,-1,1236.31,0.0,124.89,50.37,75.4,-1,-1
1812,-1,1238.97,0.0,126.37,51.31,76.2,-1,-1
1813,-1,1246.05,0.0,121.19,54.01,75.6,-1,-1
1814,-1,1251.18,0.0,114.42,56.24,75.3,-1,-1
1815,-1,1253.69,0.0,123.3,56.99,80.7,-1,-1
1815,-1,837.24,0.0,562.65,833.0,25.7,-1,-1
1816,-1,1256.0,0.0,123.88,56.37,82.3,-1,-1
1816,-1,854.71,157.09,573.77,649.47,29.7,-1,-1
1817,-1,1260.35,0.0,122.69,55.95,77.3,-1,-1
1817,-1,838.35,45.77,559.27,786.49,27.0,-1,-1
1818,-1,1258.74,0.0,131.25,57.29,75.5,-1,-1
1819,-1,1259.86,0.0,125.83,55.39,77.7,-1,-1
1820,-1,1266.0,0.0,125.42,58.3,75.5,-1,-1
1821,-1,1270.21,0.0,123.49,59.99,67.8,-1,-1
1822,-1,1273.71,0.0,124.78,64.49,60.5,-1,-1
1823,-1,1275.42,0.0,120.19,67.92,69.5,-1,-1
1824,-1,1279.5,0.0,109.22,66.25,64.0,-1,-1
1825,-1,1284.29,0.0,110.58,66.09,56.3,-1,-1
1826,-1,1287.13,0.0,110.48,68.11,48.1,-1,-1
1827,-1,1292.92,0.0,104.4,69.91,48.1,-1,-1
1827,-1,264.45,63.85,152.03,99.77,27.9,-1,-1
1828,-1,1293.89,0.0,104.21,67.04,61.3,-1,-1
1829,-1,1296.31,0.0,141.56,73.85,56.7,-1,-1
1830,-1,1298.86,0.0,137.82,77.65,50.9,-1,-1
1830,-1,276.37,65.71,145.21,99.12,37.5,-1,-1
1831,-1,1303.48,0.0,126.02,73.75,61.4,-1,-1
1831,-1,278.29,110.62,132.63,54.06,33.2,-1,-1
1831,-1,278.01,69.19,144.93,95.52,26.5,-1,-1
1832,-1,1310.24,0.0,117.87,75.26,63.8,-1,-1
1832,-1,280.12,110.06,135.49,54.55,37.9,-1,-1
1833,-1,1315.32,0.0,112.89,74.82,59.3,-1,-1
1833,-1,284.36,119.35,115.63,45.04,28.6,-1,-1
1834,-1,1313.74,0.0,116.04,75.02,63.1,-1,-1
1834,-1,286.96,121.46,111.09,43.47,40.5,-1,-1
1835,-1,1319.02,0.0,109.66,77.21,53.5,-1,-1
1835,-1,287.38,119.03,117.62,47.21,28.1,-1,-1
1836,-1,1320.47,0.0,108.83,75.01,48.7,-1,-1
1837,-1,1322.42,0.0,105.89,86.74,43.4,-1,-1
1838,-1,1327.55,0.0,117.66,84.24,36.5,-1,-1
1838,-1,1351.83,58.08,115.0,36.59,29.7,-1,-1
1839,-1,1330.68,0.0,139.27,90.95,55.6,-1,-1
1840,-1,1332.91,0.0,137.24,91.06,51.3,-1,-1
1841,-1,1336.63,0.0,134.15,91.45,59.4,-1,-1
1841,-1,1334.34,0.0,121.37,87.7,25.8,-1,-1
1842,-1,1336.32,0.0,115.13,89.45,49.9,-1,-1
1842,-1,1335.17,0.0,120.68,90.02,48.2,-1,-1
1843,-1,1340.02,0.0,126.73,86.22,61.4,-1,-1
1844,-1,1342.29,0.0,118.77,85.7,52.8,-1,-1
1844,-1,1363.24,63.72,123.62,37.8,37.3,-1,-1
1845,-1,1344.47,0.0,121.36,89.19,48.6,-1,-1
1845,-1,298.92,88.7,152.01,87.57,40.3,-1,-1
1846,-1,1345.35,0.0,129.98,92.14,45.9,-1,-1
1846,-1,300.07,92.07,148.99,85.51,34.5,-1,-1
1847,-1,300.98,79.06,158.69,99.09,40.6,-1,-1
1847,-1,1349.96,0.0,123.09,93.89,35.8,-1,-1
1847,-1,1358.9,45.97,125.71,53.83,29.8,-1,-1
1848,-1,1352.27,0.0,123.11,94.29,29.5,-1,-1
1848,-1,301.59,85.9,157.79,93.3,27.3,-1,-1
1849,-1,1354.73,0.0,124.74,92.14,35.4,-1,-1
1849,-1,302.67,85.69,156.85,94.56,28.1,-1,-1
1850,-1,1360.84,0.0,105.98,70.36,29.0,-1,-1
1851,-1,1361.66,0.0,110.66,91.21,50.2,-1,-1
1852,-1,1364.56,0.0,111.06,93.49,52.7,-1,-1
1853,-1,1367.73,0.0,110.47,94.4,48.8,-1,-1
1853,-1,310.58,104.64,150.43,80.31,39.3,-1,-1
1854,-1,1372.15,0.0,105.27,91.99,25.4,-1,-1
1855,-1,309.81,96.62,154.1,90.0,29.0,-1,-1
1855,-1,1372.09,0.0,118.28,96.16,28.1,-1,-1
1857,-1,311.87,105.92,151.62,80.66,26.2,-1,-1
1858,-1,311.89,130.61,143.27,57.77,34.4,-1,-1
1858,-1,1383.81,0.0,131.79,89.37,25.9,-1,-1
1858,-1,311.35,106.78,152.0,81.26,25.2,-1,-1
1859,-1,965.71,172.12,391.81,639.09,25.6,-1,-1
1860,-1,1386.54,0.0,135.39,95.35,37.5,-1,-1
1860,-1,981.9,136.65,353.05,668.7,31.8,-1,-1
1861,-1,1388.68,0.0,137.11,95.92,36.0,-1,-1
1861,-1,977.54,184.05,360.01,623.07,29.3,-1,-1
1862,-1,1388.66,0.0,140.65,94.12,34.5,-1,-1
1863,-1,1391.65,0.0,148.85,96.95,41.7,-1,-1
1867,-1,1411.05,0.0,112.08,123.25,29.3,-1,-1
1868,-1,825.77,139.38,527.74,667.84,25.2,-1,-1
1869,-1,1417.49,0.0,109.83,121.08,53.8,-1,-1
1869,-1,1415.27,0.0,119.04,109.59,31.2,-1,-1
1870,-1,1416.55,0.0,121.85,127.47,34.4,-1,-1
1871,-1,1419.0,0.0,117.48,128.63,57.9,-1,-1
1875,-1,837.06,60.41,547.91,754.61,25.1,-1,-1
1877,-1,371.95,138.58,136.37,69.1,59.5,-1,-1
1878,-1,372.54,149.14,137.76,59.73,42.5,-1,-1
1879,-1,373.8,149.61,139.37,60.7,48.3,-1,-1
1880,-1,374.81,154.9,139.0,55.88,35.1,-1,-1
1887,-1,392.18,161.51,144.35,52.75,26.2,-1,-1
1889,-1,399.16,166.08,138.9,49.01,53.9,-1,-1
1890,-1,401.16,171.59,136.43,44.26,42.6,-1,-1
1891,-1,403.44,161.91,138.96,56.24,61.8,-1,-1
1893,-1,401.1,152.08,141.9,67.35,31.9,-1,-1
1893,-1,865.22,30.44,551.08,802.9,26.3,-1,-1
1894,-1,403.95,154.09,144.87,65.48,35.6,-1,-1
1895,-1,405.01,151.91,140.03,68.88,32.5,-1,-1
1895,-1,875.57,61.81,511.47,776.35,25.2,-1,-1
1896,-1,874.76,44.82,494.85,786.64,30.7,-1,-1
1897,-1,877.81,70.78,505.86,759.52,39.4,-1,-1
1898,-1,872.92,135.08,488.02,684.1,40.0,-1,-1
1899,-1,879.82,105.92,477.06,712.11,42.2,-1,-1
1900,-1,871.37,84.79,501.87,744.33,29.9,-1,-1
1905,-1,1474.22,107.82,116.53,52.16,25.2,-1,-1
1911,-1,1440.0,0.0,89.09,30.92,39.0,-1,-1
1911,-1,896.01,274.94,510.72,529.34,29.6,-1,-1
1912,-1,1441.27,0.0,91.38,31.47,40.6,-1,-1
1913,-1,1441.46,0.0,89.44,31.92,36.8,-1,-1
1913,-1,887.29,262.78,523.58,535.74,30.0,-1,-1
1914,-1,1497.14,116.29,98.04,46.02,48.1,-1,-1
1914,-1,899.27,291.73,491.78,505.19,41.5,-1,-1
1914,-1,1445.73,0.0,90.76,30.02,36.1,-1,-1
1915,-1,992.47,298.83,363.86,488.01,43.7,-1,-1
1915,-1,1447.33,0.0,88.59,29.35,32.1,-1,-1
1916,-1,1016.19,297.07,349.95,490.15,49.1,-1,-1
1916,-1,856.36,264.44,543.96,540.96,26.3,-1,-1
1917,-1,1008.61,285.52,374.02,508.67,44.0,-1,-1
1918,-1,903.25,285.66,458.79,505.4,33.3,-1,-1
1919,-1,876.32,284.78,535.38,514.09,33.0,-1,-1
1920,-1,872.13,269.9,531.2,527.58,34.3,-1,-1
1921,-1,873.79,269.31,539.96,531.91,41.9,-1,-1
1922,-1,849.66,247.82,582.42,551.38,40.2,-1,-1
1922,-1,1463.45,0.0,93.55,31.83,37.5,-1,-1
1923,-1,864.33,234.87,577.09,568.91,32.7,-1,-1
1923,-1,1465.53,0.0,96.15,37.88,27.7,-1,-1
1924,-1,867.67,264.0,562.7,535.08,28.3,-1,-1
1925,-1,875.97,199.07,551.14,604.15,33.2,-1,-1
1926,-1,873.12,248.05,546.75,541.99,33.4,-1,-1
1929,-1,886.57,226.02,522.86,569.89,41.1,-1,-1
1930,-1,892.11,215.58,526.09,584.13,37.2,-1,-1
1931,-1,889.81,136.49,543.89,668.04,36.3,-1,-1
1932,-1,1549.45,126.91,114.61,50.06,48.8,-1,-1
1932,-1,1559.42,135.12,119.34,42.94,39.6,-1,-1
1932,-1,877.86,116.05,563.5,686.69,28.2,-1,-1
1933,-1,1547.77,127.79,117.53,50.47,58.9,-1,-1
1933,-1,873.53,161.45,554.49,640.07,28.1,-1,-1
1934,-1,1548.35,120.79,118.69,55.4,60.7,-1,-1
1934,-1,865.86,138.48,559.52,661.09,39.1,-1,-1
1935,-1,1544.67,122.04,120.53,56.46,62.8,-1,-1
1935,-1,867.75,118.84,576.4,680.57,30.3,-1,-1
1936,-1,1545.34,124.68,124.51,55.77,74.0,-1,-1
1936,-1,887.12,127.89,555.38,664.19,36.4,-1,-1
1937,-1,1543.78,124.38,129.48,57.87,73.9,-1,-1
1937,-1,882.31,137.96,561.96,658.93,36.7,-1,-1
1938,-1,1542.83,124.51,139.67,57.02,76.9,-1,-1
1938,-1,883.55,146.75,589.46,644.97,28.2,-1,-1
1939,-1,1550.14,129.77,131.23,50.7,70.9,-1,-1
1939,-1,880.19,140.74,601.12,651.6,37.0,-1,-1
1940,-1,1551.87,132.26,133.39,50.3,68.9,-1,-1
1940,-1,871.08,155.74,600.92,621.21,36.5,-1,-1
1941,-1,1556.48,135.97,133.33,47.71,64.3,-1,-1
1941,-1,878.23,140.03,585.99,634.47,38.5,-1,-1
1942,-1,1560.84,126.43,128.1,57.62,71.2,-1,-1
1942,-1,864.73,152.37,573.3,634.31,43.0,-1,-1
1943,-1,1567.12,124.85,128.59,60.71,63.9,-1,-1
1943,-1,867.08,144.0,578.07,647.87,41.6,-1,-1
1944,-1,1568.29,122.3,127.75,64.01,60.2,-1,-1
1944,-1,877.9,146.99,541.4,641.82,40.3,-1,-1
1945,-1,883.09,160.55,527.38,629.6,47.3,-1,-1
1946,-1,886.9,156.59,510.16,626.79,52.9,-1,-1
1947,-1,900.57,148.67,509.11,635.71,57.2,-1,-1
1948,-1,888.95,162.24,540.92,624.24,57.5,-1,-1
1949,-1,905.05,162.94,523.3,625.61,55.2,-1,-1
1950,-1,896.78,163.26,514.61,626.8,61.4,-1,-1
1951,-1,885.55,149.9,528.53,644.72,53.1,-1,-1
1952,-1,881.97,154.55,538.51,633.21,50.8,-1,-1
1953,-1,884.79,152.33,505.39,628.0,53.4,-1,-1
1954,-1,874.67,151.27,521.88,639.97,53.1,-1,-1
1955,-1,871.76,148.51,533.0,636.36,47.3,-1,-1
1956,-1,884.63,144.73,521.02,637.34,52.6,-1,-1
1957,-1,886.19,143.58,530.14,637.95,51.2,-1,-1
1958,-1,884.24,144.96,510.86,631.15,51.0,-1,-1
1959,-1,890.63,139.36,513.05,638.78,54.7,-1,-1
1960,-1,904.41,135.1,499.49,651.35,57.9,-1,-1
1961,-1,908.57,141.43,500.54,645.4,54.0,-1,-1
1962,-1,915.81,148.71,479.48,643.43,63.3,-1,-1
1963,-1,914.69,157.09,486.01,641.84,64.9,-1,-1
1964,-1,906.92,151.87,482.25,642.14,65.3,-1,-1
1965,-1,963.87,173.57,418.65,600.16,64.5,-1,-1
1965,-1,1539.81,0.0,94.91,63.23,26.1,-1,-1
1966,-1,901.04,155.79,485.02,631.5,61.6,-1,-1
1967,-1,924.83,174.95,468.46,598.92,49.3,-1,-1
1968,-1,885.46,137.92,500.02,651.81,48.2,-1,-1
1968,-1,1542.25,0.0,102.34,50.24,29.0,-1,-1
1969,-1,883.71,107.59,495.68,687.5,52.6,-1,-1
1970,-1,890.69,139.08,477.36,650.38,55.7,-1,-1
1971,-1,887.64,138.3,484.36,655.28,50.7,-1,-1
1972,-1,891.65,46.58,488.76,753.78,50.3,-1,-1
1973,-1,888.06,108.92,503.45,695.6,45.6,-1,-1
1974,-1,887.88,134.26,497.36,663.32,43.6,-1,-1
1975,-1,888.43,139.97,508.79,661.86,42.0,-1,-1
1976,-1,886.66,147.87,507.71,659.57,37.3,-1,-1
1976,-1,1619.31,0.0,118.22,41.56,25.1,-1,-1
1977,-1,888.83,147.47,505.33,659.01,36.1,-1,-1
1979,-1,875.43,141.71,524.08,670.8,35.6,-1,-1
1980,-1,1555.51,0.0,174.16,86.64,43.8,-1,-1
1980,-1,880.1,132.46,527.34,679.14,30.5,-1,-1
1981,-1,882.57,133.57,528.93,672.92,38.0,-1,-1
1982,-1,885.13,181.62,525.86,619.41,39.7,-1,-1
1983,-1,891.03,176.75,516.83,624.58,49.3,-1,-1
1984,-1,1565.88,0.0,171.03,52.41,49.7,-1,-1
1984,-1,1562.34,0.0,176.82,88.22,38.7,-1,-1
1984,-1,890.01,170.71,522.55,628.41,26.7,-1,-1
1985,-1,1563.76,0.0,175.54,88.75,37.8,-1,-1
1985,-1,891.79,195.08,515.92,596.25,35.3,-1,-1
1985,-1,1574.93,0.0,163.35,50.75,33.3,-1,-1
1986,-1,1569.41,0.0,172.45,80.74,65.1,-1,-1
1986,-1,888.99,189.44,517.43,601.33,34.3,-1,-1
1987,-1,1572.94,0.0,175.69,78.68,76.5,-1,-1
1987,-1,1596.24,0.0,151.23,47.14,48.9,-1,-1
1987,-1,887.49,194.8,519.01,595.89,47.4,-1,-1
1988,-1,1574.11,0.0,170.87,82.54,70.7,-1,-1
1988,-1,891.6,197.81,508.23,593.28,42.8,-1,-1
1989,-1,1575.15,0.0,174.57,86.99,48.2,-1,-1
1989,-1,887.17,199.94,512.04,592.46,40.4,-1,-1
1989,-1,1575.83,0.0,169.36,92.66,29.5,-1,-1
1989,-1,1580.13,0.0,171.15,58.71,26.9,-1,-1
1990,-1,885.6,208.39,512.24,583.17,35.1,-1,-1
1990,-1,1575.82,0.0,187.16,96.02,30.8,-1,-1
1991,-1,885.45,205.05,506.68,591.53,47.9,-1,-1
1991,-1,1580.39,0.0,168.66,95.76,35.3,-1,-1
1991,-1,1580.22,0.0,149.31,95.85,25.4,-1,-1
1992,-1,877.62,205.0,519.01,595.45,51.2,-1,-1
1992,-1,1580.42,0.0,192.99,97.87,28.9,-1,-1
1993,-1,882.7,195.43,510.41,600.24,45.0,-1,-1
1993,-1,1582.25,0.0,199.6,103.12,39.3,-1,-1
1994,-1,889.15,195.95,500.76,581.2,38.7,-1,-1
1994,-1,1584.59,0.0,215.81,102.11,31.8,-1,-1
1995,-1,868.84,206.32,519.6,578.81,38.2,-1,-1
1995,-1,1585.68,0.0,224.71,102.58,32.3,-1,-1
1996,-1,877.6,207.77,513.23,585.62,29.3,-1,-1
1997,-1,870.28,201.6,526.36,583.15,30.4,-1,-1
1998,-1,877.5,219.13,518.77,568.29,25.8,-1,-1
1999,-1,866.84,198.76,534.87,601.56,36.4,-1,-1
2000,-1,866.82,197.15,534.42,597.08,38.8,-1,-1
2003,-1,858.3,176.74,538.3,628.47,31.0,-1,-1
2004,-1,853.01,176.86,542.45,629.54,42.8,-1,-1
2005,-1,851.31,169.16,542.16,637.76,42.1,-1,-1
2006,-1,858.31,155.79,529.43,649.7,37.6,-1,-1
2007,-1,875.06,145.35,513.09,652.17,53.5,-1,-1
2007,-1,932.35,147.96,342.21,621.61,25.6,-1,-1
2008,-1,858.65,143.8,530.18,665.09,42.4,-1,-1
2009,-1,851.41,154.21,535.5,651.34,48.7,-1,-1
2010,-1,858.88,120.3,535.41,688.67,49.2,-1,-1
2011,-1,850.97,120.83,548.21,691.15,43.4,-1,-1
2012,-1,855.97,142.38,538.57,667.07,33.7,-1,-1
2013,-1,872.03,175.74,514.8,626.87,43.1,-1,-1
2013,-1,923.62,151.82,367.75,639.06,28.7,-1,-1
2014,-1,861.38,198.93,522.83,604.77,49.4,-1,-1
2015,-1,871.95,224.08,493.32,567.52,54.8,-1,-1
2015,-1,929.16,222.06,348.9,550.18,49.2,-1,-1
2016,-1,868.95,250.23,493.29,535.62,51.8,-1,-1
2017,-1,925.1,230.32,358.72,540.71,49.7,-1,-1
2017,-1,862.54,250.03,521.96,519.73,26.9,-1,-1
2018,-1,937.1,229.83,343.48,540.99,55.7,-1,-1
2018,-1,875.06,240.89,484.5,540.32,50.1,-1,-1
2019,-1,950.38,229.68,342.43,538.0,58.3,-1,-1
2019,-1,871.81,238.34,494.39,537.96,44.7,-1,-1
2020,-1,920.8,230.54,405.8,537.58,55.3,-1,-1
2021,-1,876.26,233.53,464.24,536.96,52.3,-1,-1
2022,-1,894.18,232.58,449.36,535.61,59.6,-1,-1
2023,-1,876.06,234.69,479.07,534.7,57.3,-1,-1
2024,-1,873.07,234.56,476.48,533.84,58.7,-1,-1
2025,-1,886.3,235.39,466.38,533.25,58.7,-1,-1
2026,-1,854.93,233.56,485.7,536.92,44.6,-1,-1
2027,-1,869.21,233.07,469.18,534.13,56.3,-1,-1
2028,-1,863.53,232.51,472.68,537.89,52.7,-1,-1
2029,-1,863.38,232.87,477.57,533.68,51.5,-1,-1
2030,-1,960.47,233.31,384.99,533.56,62.8,-1,-1
2031,-1,942.51,235.3,406.12,536.27,57.5,-1,-1
2032,-1,945.93,234.48,408.23,535.32,55.4,-1,-1
2033,-1,958.49,235.13,392.45,538.34,62.3,-1,-1
2034,-1,955.27,236.23,389.01,536.26,61.1,-1,-1
2035,-1,955.31,238.99,388.58,534.4,59.1,-1,-1
2036,-1,872.98,263.21,494.26,525.97,54.2,-1,-1
2037,-1,871.28,257.46,495.91,536.08,54.6,-1,-1
2038,-1,871.33,258.62,495.98,538.49,62.2,-1,-1
2039,-1,864.8,259.83,513.87,540.65,60.2,-1,-1
2040,-1,877.48,258.32,506.03,538.33,58.7,-1,-1
2041,-1,860.88,254.72,522.75,544.35,51.2,-1,-1
2042,-1,850.14,252.56,516.45,547.09,55.4,-1,-1
2043,-1,834.41,253.42,544.78,536.73,57.3,-1,-1
2044,-1,827.56,250.49,559.8,538.36,48.2,-1,-1
2045,-1,830.84,251.47,560.43,543.23,51.0,-1,-1
2046,-1,833.23,253.55,554.27,546.91,53.1,-1,-1
2047,-1,841.45,240.78,546.46,571.26,38.9,-1,-1
2048,-1,809.47,250.69,565.59,554.11,43.0,-1,-1
2049,-1,800.69,247.11,573.76,556.12,61.3,-1,-1
2050,-1,790.8,243.46,577.28,560.05,53.6,-1,-1
2051,-1,782.37,244.77,584.1,563.23,44.2,-1,-1
2052,-1,785.72,243.34,572.79,566.74,35.3,-1,-1
2053,-1,798.0,231.83,574.64,598.63,32.8,-1,-1
2054,-1,831.62,234.52,544.44,576.92,33.4,-1,-1
2055,-1,835.58,231.49,540.47,574.48,37.2,-1,-1
2056,-1,845.69,220.48,541.96,600.73,26.5,-1,-1
2057,-1,849.02,227.58,542.2,581.54,29.2,-1,-1
2058,-1,848.04,239.14,528.85,561.95,33.3,-1,-1
2061,-1,898.73,240.28,484.99,548.54,30.9,-1,-1
2062,-1,914.05,235.42,456.82,557.61,36.6,-1,-1
2063,-1,914.63,238.63,451.9,553.1,41.3,-1,-1
2064,-1,888.33,252.86,477.97,541.15,40.1,-1,-1
2065,-1,920.82,269.6,453.53,526.48,53.5,-1,-1
2066,-1,915.44,267.16,462.52,528.51,49.1,-1,-1
2067,-1,899.64,281.84,479.05,513.84,43.9,-1,-1
2068,-1,849.31,277.27,529.53,520.22,34.9,-1,-1
2069,-1,965.17,285.23,369.66,501.95,50.1,-1,-1
2069,-1,845.03,278.89,529.3,514.74,44.6,-1,-1
2070,-1,844.05,259.22,517.68,536.17,41.2,-1,-1
2070,-1,933.93,275.53,378.68,510.41,31.0,-1,-1
2071,-1,953.19,291.37,342.13,494.43,53.1,-1,-1
2072,-1,933.23,293.28,354.69,487.73,57.6,-1,-1
2073,-1,928.93,291.06,351.44,489.04,67.7,-1,-1
2074,-1,874.34,302.29,411.38,475.78,62.8,-1,-1
2075,-1,907.38,300.33,376.19,479.67,73.0,-1,-1
2076,-1,894.27,300.44,391.25,478.82,68.6,-1,-1
2077,-1,891.13,301.17,396.56,478.7,63.1,-1,-1
2078,-1,937.23,303.29,350.12,478.74,68.3,-1,-1
2079,-1,953.14,305.1,334.58,475.11,65.3,-1,-1
2080,-1,874.87,286.47,426.33,502.85,62.5,-1,-1
2080,-1,995.3,285.64,297.39,498.13,33.6,-1,-1
2081,-1,882.24,286.68,417.83,503.18,62.4,-1,-1
2082,-1,872.83,288.44,438.9,501.31,60.6,-1,-1
2083,-1,872.45,287.74,439.89,499.31,61.7,-1,-1
2084,-1,876.84,291.64,439.94,498.33,65.8,-1,-1
2085,-1,881.65,295.18,446.54,499.15,59.1,-1,-1
2085,-1,991.23,293.2,306.75,497.53,25.5,-1,-1
2086,-1,884.53,291.7,456.34,500.76,55.8,-1,-1
2086,-1,989.14,294.3,311.22,493.17,29.2,-1,-1
2087,-1,897.51,309.25,416.66,484.35,60.4,-1,-1
2088,-1,913.7,294.02,411.65,496.28,60.2,-1,-1
2089,-1,917.01,287.88,412.87,502.43,53.7,-1,-1
2090,-1,918.31,298.57,411.08,494.99,64.5,-1,-1
2091,-1,911.59,304.27,412.81,491.33,63.0,-1,-1
2092,-1,872.56,300.32,468.13,496.27,50.2,-1,-1
2093,-1,863.87,292.39,515.8,508.41,42.2,-1,-1
2094,-1,877.64,306.55,456.02,490.25,63.8,-1,-1
2095,-1,856.78,302.45,485.24,502.34,53.9,-1,-1
2096,-1,875.7,284.16,455.28,522.09,49.5,-1,-1
2097,-1,871.06,293.2,454.48,513.2,59.6,-1,-1
2098,-1,869.98,286.71,472.67,516.28,58.0,-1,-1
2099,-1,879.67,297.95,461.45,506.91,59.0,-1,-1
2100,-1,850.59,305.14,495.39,505.4,48.2,-1,-1
2101,-1,866.37,299.79,490.34,524.69,50.5,-1,-1
2102,-1,863.55,300.49,483.52,508.65,52.5,-1,-1
2103,-1,858.34,298.17,493.24,509.81,54.8,-1,-1
2104,-1,851.15,290.02,509.6,519.65,53.3,-1,-1
2105,-1,829.63,293.12,537.01,517.67,52.4,-1,-1
2106,-1,827.03,286.68,556.04,520.72,59.6,-1,-1
2107,-1,848.26,281.2,532.95,528.46,50.7,-1,-1
2108,-1,851.07,293.67,537.26,515.63,35.6,-1,-1
2109,-1,846.05,269.65,547.82,546.0,47.2,-1,-1
2110,-1,873.2,292.62,520.54,522.16,42.0,-1,-1
2111,-1,848.28,273.87,543.9,542.1,42.7,-1,-1
2112,-1,865.96,276.64,528.18,540.01,46.7,-1,-1
2113,-1,867.68,274.21,528.54,547.6,41.1,-1,-1
2114,-1,858.54,269.64,535.78,555.71,41.0,-1,-1
2115,-1,867.61,270.1,522.37,557.97,26.0,-1,-1
2116,-1,856.4,264.77,533.82,559.66,37.7,-1,-1
2117,-1,846.58,281.12,549.06,533.48,45.0,-1,-1
2118,-1,849.07,277.26,547.82,546.27,34.7,-1,-1
2119,-1,848.14,276.52,549.22,553.99,34.8,-1,-1
2120,-1,844.98,287.29,554.49,540.28,44.4,-1,-1
2121,-1,843.34,291.03,560.93,542.53,32.0,-1,-1
2122,-1,838.72,294.96,556.51,547.5,36.4,-1,-1
2123,-1,826.65,303.64,553.38,536.3,33.9,-1,-1
2124,-1,827.88,294.8,578.78,547.77,35.5,-1,-1
2125,-1,825.65,300.14,561.17,539.4,40.2,-1,-1
2126,-1,801.72,288.83,570.33,555.15,42.3,-1,-1
2127,-1,811.69,284.27,599.52,559.88,32.7,-1,-1
2145,-1,745.21,281.89,515.89,579.05,29.6,-1,-1
2156,-1,766.96,263.3,383.31,606.24,29.2,-1,-1
2157,-1,767.95,148.86,442.46,721.15,31.5,-1,-1
2158,-1,769.54,128.63,447.96,748.03,27.6,-1,-1
2159,-1,774.25,267.86,414.0,596.46,35.3,-1,-1
2160,-1,777.87,190.5,411.81,680.11,36.0,-1,-1
2161,-1,773.46,137.29,385.36,736.05,44.0,-1,-1
2162,-1,779.38,141.94,378.88,732.54,36.9,-1,-1
2163,-1,776.76,183.34,364.73,675.12,29.2,-1,-1
2164,-1,763.55,225.13,400.3,632.56,26.2,-1,-1
2165,-1,756.0,239.06,407.77,637.69,37.8,-1,-1
2166,-1,760.61,275.86,388.52,592.42,27.9,-1,-1
2167,-1,732.22,342.58,446.26,524.8,25.3,-1,-1
2168,-1,757.77,290.7,416.13,587.38,25.2,-1,-1
2169,-1,766.58,312.99,393.77,562.3,38.4,-1,-1
2171,-1,728.91,305.46,422.22,556.46,26.0,-1,-1
2177,-1,719.02,347.23,434.12,510.14,26.5,-1,-1
2178,-1,715.09,327.58,469.42,533.79,25.6,-1,-1
2180,-1,738.26,304.71,412.37,557.83,27.6,-1,-1
2182,-1,748.75,187.06,366.19,669.59,27.6,-1,-1
2183,-1,740.57,168.38,373.19,689.11,37.1,-1,-1
2185,-1,718.83,144.36,394.91,723.84,38.3,-1,-1
2186,-1,711.13,143.74,408.07,725.63,39.2,-1,-1
2187,-1,700.4,189.1,411.07,670.78,31.5,-1,-1
2188,-1,708.72,293.3,394.51,565.3,46.7,-1,-1
2228,-1,610.29,357.05,456.41,531.85,39.4,-1,-1
2229,-1,608.83,363.09,461.99,525.79,27.0,-1,-1
2230,-1,600.99,353.95,443.45,538.6,47.2,-1,-1
2231,-1,604.35,347.82,439.8,547.91,49.4,-1,-1
2232,-1,601.19,342.21,457.13,557.26,46.3,-1,-1
2233,-1,603.18,359.22,471.82,539.1,34.4,-1,-1
2234,-1,594.9,354.22,487.14,539.62,35.6,-1,-1
2235,-1,628.93,342.93,442.46,553.96,34.8,-1,-1
2236,-1,603.41,300.78,462.99,604.3,40.4,-1,-1
2237,-1,609.74,318.52,466.12,586.11,33.0,-1,-1
2238,-1,605.67,334.06,429.95,567.51,41.3,-1,-1
2239,-1,610.05,312.01,444.16,599.76,32.2,-1,-1
2240,-1,611.93,319.52,454.04,582.26,40.1,-1,-1
2241,-1,588.71,198.05,435.41,715.88,31.3,-1,-1
2242,-1,600.83,264.82,427.77,646.54,33.7,-1,-1
2243,-1,609.04,308.96,387.29,583.04,41.2,-1,-1
2244,-1,621.07,305.98,370.98,585.21,46.5,-1,-1
2245,-1,608.78,322.86,384.41,566.81,36.7,-1,-1
2246,-1,608.88,363.87,386.16,527.75,28.2,-1,-1
2247,-1,619.44,377.65,363.62,514.24,25.5,-1,-1
2248,-1,625.43,390.36,356.9,499.08,38.3,-1,-1
2249,-1,628.17,396.24,365.24,498.78,44.3,-1,-1
2250,-1,616.83,390.51,386.56,505.78,48.6,-1,-1
2251,-1,612.3,307.48,387.86,591.59,35.0,-1,-1
2252,-1,620.56,341.66,369.43,555.36,48.3,-1,-1
2253,-1,611.03,182.14,387.93,713.84,26.2,-1,-1
2254,-1,603.08,229.43,392.52,665.45,28.1,-1,-1
2255,-1,594.56,287.8,382.34,607.61,25.4,-1,-1
2259,-1,575.8,315.82,397.01,580.7,26.7,-1,-1
2260,-1,586.34,176.3,402.95,722.28,33.1,-1,-1
2261,-1,595.24,189.19,385.36,705.64,33.3,-1,-1
2262,-1,590.75,336.19,368.03,553.28,34.6,-1,-1
2263,-1,597.88,328.99,356.38,561.82,38.2,-1,-1
2264,-1,600.08,352.02,341.25,541.81,47.0,-1,-1
2265,-1,606.97,389.64,337.61,499.82,52.6,-1,-1
2266,-1,593.65,366.41,363.58,530.57,52.2,-1,-1
2267,-1,588.5,363.99,371.52,534.92,49.8,-1,-1
2268,-1,589.31,386.38,357.39,512.38,49.0,-1,-1
2269,-1,587.76,330.38,371.71,571.02,37.8,-1,-1
2270,-1,599.04,278.61,365.06,621.58,37.2,-1,-1
2271,-1,612.21,312.61,405.98,587.29,28.6,-1,-1
2272,-1,630.25,274.08,371.8,624.03,27.6,-1,-1
2273,-1,632.52,259.49,334.63,640.48,28.8,-1,-1
2274,-1,616.78,381.21,379.09,519.1,30.4,-1,-1
2281,-1,602.48,258.03,373.92,640.99,36.4,-1,-1
2282,-1,603.35,246.97,380.92,650.63,36.7,-1,-1
2283,-1,597.12,225.15,387.09,672.32,25.2,-1,-1
2284,-1,592.76,219.73,395.07,677.96,25.7,-1,-1
2286,-1,588.77,224.22,394.75,673.55,39.8,-1,-1
2287,-1,587.07,247.51,383.33,651.99,46.9,-1,-1
2288,-1,583.1,316.39,381.9,581.5,42.0,-1,-1
2289,-1,557.3,338.26,415.3,561.85,28.5,-1,-1
2292,-1,581.93,407.71,356.78,491.05,32.7,-1,-1
2293,-1,559.19,356.13,412.06,544.21,26.7,-1,-1
2294,-1,569.88,272.38,388.63,625.77,32.7,-1,-1
2296,-1,579.21,287.0,373.06,612.72,33.0,-1,-1
2297,-1,569.22,402.24,384.62,494.92,29.4,-1,-1
2298,-1,561.01,370.82,391.82,527.16,33.0,-1,-1
2299,-1,562.38,388.66,393.42,511.03,41.7,-1,-1
2300,-1,559.91,415.19,398.38,483.59,41.1,-1,-1
2301,-1,543.58,365.58,409.19,535.52,41.3,-1,-1
2302,-1,557.08,387.48,400.95,512.77,52.1,-1,-1
2303,-1,562.26,389.66,395.43,508.93,43.6,-1,-1
2304,-1,568.34,314.63,392.68,584.95,41.6,-1,-1
2305,-1,563.34,199.0,401.25,700.88,31.2,-1,-1
2306,-1,587.9,280.72,382.6,618.13,29.5,-1,-1
2307,-1,573.32,244.9,407.08,655.11,26.2,-1,-1
2308,-1,579.77,207.73,405.03,695.35,27.6,-1,-1
2312,-1,607.25,146.31,356.84,757.9,26.1,-1,-1
2313,-1,604.17,177.92,360.43,725.87,27.2,-1,-1
2314,-1,583.85,194.36,378.39,709.68,28.8,-1,-1
2315,-1,584.03,236.5,363.65,669.77,39.4,-1,-1
2316,-1,589.78,322.95,352.11,576.76,45.7,-1,-1
2317,-1,599.23,337.56,339.81,562.08,50.8,-1,-1
2318,-1,602.28,383.69,343.51,514.01,47.8,-1,-1
2319,-1,599.07,369.49,349.78,527.78,39.0,-1,-1
2320,-1,607.39,304.3,338.76,591.22,39.1,-1,-1
2321,-1,607.65,252.78,341.32,639.79,27.4,-1,-1
2322,-1,603.58,250.51,347.19,643.01,31.1,-1,-1
2324,-1,621.27,269.83,331.08,616.4,43.3,-1,-1
2325,-1,616.41,207.08,335.05,683.57,39.7,-1,-1
2326,-1,625.46,316.89,325.97,565.63,51.6,-1,-1
2326,-1,677.17,427.19,270.81,447.79,48.7,-1,-1
2327,-1,667.1,375.42,288.75,501.15,53.9,-1,-1
2328,-1,667.42,392.03,286.44,482.64,53.2,-1,-1
2329,-1,634.47,385.15,318.03,497.67,49.1,-1,-1
2330,-1,647.65,394.92,313.12,485.34,53.1,-1,-1
2331,-1,662.21,327.03,303.03,549.32,39.1,-1,-1
2332,-1,663.53,326.86,304.73,550.74,31.8,-1,-1
2336,-1,625.29,209.03,340.21,668.92,26.3,-1,-1
2336,-1,597.86,102.67,412.03,810.1,26.0,-1,-1
2337,-1,641.42,222.1,328.33,655.63,32.0,-1,-1
2338,-1,628.23,235.96,348.23,644.38,40.5,-1,-1
2339,-1,593.76,125.23,430.26,782.86,32.3,-1,-1
2339,-1,609.96,255.42,371.85,622.05,29.7,-1,-1
2340,-1,616.0,93.47,406.54,813.56,45.7,-1,-1
2341,-1,612.13,100.86,415.61,806.51,40.4,-1,-1
2342,-1,648.13,235.17,332.26,644.02,55.8,-1,-1
2342,-1,618.11,106.09,387.17,801.26,43.2,-1,-1
2343,-1,642.13,197.97,340.25,682.23,38.5,-1,-1
2343,-1,600.92,82.22,416.68,829.12,31.0,-1,-1
2344,-1,620.47,294.17,365.16,589.66,38.4,-1,-1
2344,-1,600.91,183.52,425.33,723.77,35.4,-1,-1
2345,-1,611.31,280.01,370.53,603.73,51.1,-1,-1
2345,-1,596.76,78.26,422.68,830.38,32.1,-1,-1
2346,-1,586.79,166.52,415.82,740.34,46.5,-1,-1
2346,-1,614.38,304.49,370.25,574.44,29.0,-1,-1
2347,-1,592.91,185.69,417.5,722.41,32.2,-1,-1
2348,-1,601.02,171.4,407.54,736.71,40.6,-1,-1
2349,-1,611.05,137.14,404.45,772.2,33.7,-1,-1
2350,-1,597.45,150.82,431.32,765.77,29.9,-1,-1
2351,-1,577.69,125.78,463.13,794.36,26.2,-1,-1
2352,-1,591.86,140.44,448.81,770.74,28.6,-1,-1
2355,-1,607.55,235.39,425.5,639.4,33.9,-1,-1
2355,-1,618.3,368.8,378.4,496.92,30.9,-1,-1
2356,-1,633.57,370.24,366.32,499.02,45.1,-1,-1
2357,-1,628.87,366.84,370.97,505.2,49.4,-1,-1
2358,-1,621.67,337.47,377.19,534.43,52.3,-1,-1
2359,-1,630.31,312.99,375.19,556.31,54.8,-1,-1
2360,-1,638.45,335.85,359.11,529.38,53.2,-1,-1
2361,-1,631.22,358.85,371.42,507.85,58.0,-1,-1
2362,-1,631.66,333.35,371.21,539.54,61.3,-1,-1
2363,-1,647.25,289.73,344.83,573.24,54.3,-1,-1
2364,-1,630.7,306.69,406.41,558.48,40.1,-1,-1
2365,-1,636.59,337.2,401.26,524.79,38.3,-1,-1
2366,-1,640.96,264.52,374.41,595.9,39.8,-1,-1
2367,-1,634.57,349.99,394.09,510.86,40.6,-1,-1
2368,-1,626.14,351.35,411.47,518.08,47.3,-1,-1
2369,-1,611.77,368.34,415.77,498.69,45.2,-1,-1
2370,-1,614.48,278.81,419.65,588.09,41.0,-1,-1
2371,-1,616.03,311.31,404.7,557.71,45.2,-1,-1
2372,-1,654.05,358.91,312.27,498.35,48.7,-1,-1
2373,-1,667.97,325.16,298.3,530.72,42.6,-1,-1
2374,-1,617.63,329.01,369.48,529.4,42.7,-1,-1
2374,-1,683.74,354.92,271.87,497.93,25.7,-1,-1
2375,-1,662.56,335.33,294.58,517.29,52.0,-1,-1
2375,-1,634.93,200.17,356.65,653.21,46.2,-1,-1
2376,-1,633.25,229.35,352.63,623.85,44.3,-1,-1
2376,-1,703.29,344.87,263.64,503.35,25.5,-1,-1
2377,-1,626.98,281.95,356.6,569.98,43.7,-1,-1
2378,-1,629.71,247.32,342.54,603.52,43.5,-1,-1
2379,-1,639.79,318.64,330.88,530.06,42.4,-1,-1
2380,-1,646.84,352.91,316.25,500.18,54.9,-1,-1
2381,-1,627.53,330.04,345.26,523.67,42.2,-1,-1
2381,-1,672.07,202.03,294.76,644.1,25.0,-1,-1
2382,-1,639.95,348.98,323.33,496.38,39.5,-1,-1
2383,-1,672.95,383.74,291.47,461.38,62.0,-1,-1
2384,-1,679.69,374.36,282.19,470.89,64.3,-1,-1
2385,-1,660.32,378.93,314.77,462.03,43.6,-1,-1
2386,-1,680.1,369.45,312.14,467.12,42.2,-1,-1
2387,-1,688.29,404.08,311.3,431.78,32.6,-1,-1
2388,-1,700.34,389.53,292.1,438.02,53.9,-1,-1
2389,-1,714.75,400.48,273.11,419.21,62.9,-1,-1
2390,-1,666.48,414.31,303.7,406.21,47.5,-1,-1
2391,-1,699.61,381.11,281.01,422.7,36.3,-1,-1
2392,-1,697.43,336.56,279.05,461.13,29.5,-1,-1
2393,-1,701.62,384.12,259.81,413.4,38.7,-1,-1
2396,-1,711.74,388.61,241.88,399.31,26.4,-1,-1
2397,-1,712.85,411.29,245.86,369.23,29.6,-1,-1
2398,-1,711.26,425.57,241.93,352.91,28.7,-1,-1
2403,-1,718.41,445.24,209.28,321.33,49.2,-1,-1
2405,-1,718.87,444.14,198.92,317.13,42.2,-1,-1
2406,-1,716.57,444.39,194.97,314.24,33.7,-1,-1
2407,-1,712.58,450.08,197.42,312.6,34.3,-1,-1
2408,-1,713.08,452.82,212.43,310.4,31.5,-1,-1
2409,-1,718.86,456.38,189.91,297.44,38.2,-1,-1
2413,-1,724.4,482.32,137.18,260.06,49.7,-1,-1
2414,-1,722.19,480.17,136.48,261.92,33.4,-1,-1
2423,-1,1110.0,554.3,105.86,220.81,25.5,-1,-1
