1,-1,238.23,5.72,877.76,933.88,93.9,-1,-1
1,-1,1024.2,180.31,124.34,226.41,87.2,-1,-1
1,-1,1847.24,380.54,72.29,127.44,84.5,-1,-1
1,-1,394.04,791.66,716.27,126.26,26.2,-1,-1
2,-1,234.8,5.65,881.29,933.49,94.1,-1,-1
2,-1,1024.61,180.33,125.01,226.29,87.0,-1,-1
2,-1,1849.04,383.51,70.48,121.27,83.5,-1,-1
3,-1,235.23,5.48,881.67,934.01,94.1,-1,-1
3,-1,1850.24,383.82,69.31,118.73,87.0,-1,-1
3,-1,1024.23,180.39,126.9,226.02,86.5,-1,-1
4,-1,241.01,5.51,876.66,934.32,94.1,-1,-1
4,-1,1023.45,179.83,128.73,227.39,85.5,-1,-1
4,-1,1850.85,386.79,68.63,116.33,81.7,-1,-1
4,-1,377.17,795.04,731.94,127.74,25.1,-1,-1
5,-1,240.66,5.52,876.19,934.39,94.1,-1,-1
5,-1,1023.36,179.8,128.86,227.38,85.3,-1,-1
5,-1,1850.87,387.02,68.61,116.26,81.6,-1,-1
5,-1,376.53,794.72,731.75,127.91,25.7,-1,-1
6,-1,236.97,5.27,882.77,934.45,93.6,-1,-1
6,-1,1022.96,179.47,128.22,226.58,84.6,-1,-1
6,-1,1851.68,387.34,67.75,118.22,80.5,-1,-1
6,-1,375.92,795.36,732.65,127.6,28.7,-1,-1
7,-1,236.94,5.17,879.06,932.25,93.2,-1,-1
7,-1,1024.12,178.5,127.49,226.29,85.8,-1,-1
7,-1,1853.55,388.8,65.88,112.88,77.4,-1,-1
7,-1,377.19,794.86,729.83,125.57,31.9,-1,-1
8,-1,238.26,5.07,880.76,930.92,93.6,-1,-1
8,-1,1024.89,178.31,126.36,225.95,86.8,-1,-1
8,-1,1854.03,386.39,65.4,116.41,80.1,-1,-1
9,-1,238.9,5.21,882.2,930.43,93.5,-1,-1
9,-1,1024.76,177.73,126.45,226.25,87.1,-1,-1
9,-1,1852.45,388.52,66.93,113.67,79.8,-1,-1
9,-1,376.16,795.78,740.08,125.01,41.0,-1,-1
10,-1,236.53,5.36,885.08,932.85,93.7,-1,-1
10,-1,1025.08,178.01,126.31,227.39,86.4,-1,-1
10,-1,1850.95,387.92,68.41,111.09,80.5,-1,-1
10,-1,375.52,794.59,748.05,127.95,34.1,-1,-1
11,-1,237.53,5.35,884.19,933.08,93.7,-1,-1
11,-1,1025.07,177.86,126.29,227.45,86.5,-1,-1
11,-1,1851.29,387.78,68.07,111.19,80.1,-1,-1
11,-1,375.32,795.18,747.91,127.32,34.5,-1,-1
12,-1,236.76,5.38,884.43,933.39,93.7,-1,-1
12,-1,1025.2,177.94,126.53,226.94,86.8,-1,-1
12,-1,1853.9,389.4,65.47,109.08,81.1,-1,-1
12,-1,375.72,792.05,606.17,119.96,33.2,-1,-1
13,-1,234.32,5.55,885.06,934.07,93.7,-1,-1
13,-1,1024.41,177.74,127.46,227.13,86.6,-1,-1
13,-1,1853.63,389.98,65.76,106.92,79.6,-1,-1
13,-1,383.9,801.02,723.13,122.75,32.9,-1,-1
14,-1,234.03,5.6,888.21,934.21,94.1,-1,-1
14,-1,1024.71,177.34,127.77,227.44,87.1,-1,-1
14,-1,1853.22,394.35,66.25,99.9,71.2,-1,-1
15,-1,234.86,5.85,886.76,935.49,93.9,-1,-1
15,-1,1025.4,176.8,127.63,227.41,86.9,-1,-1
15,-1,1848.6,392.63,70.81,104.15,75.9,-1,-1
15,-1,379.09,788.57,734.17,139.53,28.3,-1,-1
16,-1,225.95,5.86,898.18,936.2,93.7,-1,-1
16,-1,1025.33,176.23,127.81,227.24,86.7,-1,-1
16,-1,1850.09,392.38,69.33,105.2,75.1,-1,-1
16,-1,382.46,789.78,731.0,138.76,25.6,-1,-1
17,-1,225.75,5.88,898.72,935.89,93.7,-1,-1
17,-1,1025.18,176.23,127.82,227.28,86.6,-1,-1
17,-1,1850.76,392.41,68.66,104.86,74.2,-1,-1
18,-1,222.62,5.75,902.6,937.0,93.8,-1,-1
18,-1,1025.73,175.7,127.41,226.74,87.2,-1,-1
18,-1,1850.6,391.49,69.13,106.63,69.7,-1,-1
19,-1,222.3,5.85,901.42,939.11,93.4,-1,-1
19,-1,1025.98,175.62,126.96,225.36,87.9,-1,-1
19,-1,1854.3,397.84,65.09,95.93,71.2,-1,-1
20,-1,216.97,5.77,907.17,939.01,93.4,-1,-1
20,-1,1026.24,175.66,127.04,224.52,88.0,-1,-1
20,-1,1855.45,402.05,63.94,91.26,68.9,-1,-1
21,-1,218.94,5.77,909.3,938.83,93.8,-1,-1
21,-1,1024.97,175.49,128.39,223.91,86.5,-1,-1
21,-1,1853.74,399.06,65.64,93.21,74.5,-1,-1
22,-1,226.91,6.09,899.17,939.28,94.2,-1,-1
22,-1,1023.91,175.09,129.85,224.31,85.4,-1,-1
22,-1,1854.39,398.63,65.07,92.0,76.8,-1,-1
23,-1,228.05,6.11,897.94,939.77,94.2,-1,-1
23,-1,1023.99,175.04,129.8,224.4,85.5,-1,-1
23,-1,1854.06,397.81,65.38,93.16,77.6,-1,-1
24,-1,220.11,6.0,903.91,941.02,93.7,-1,-1
24,-1,1023.83,174.52,129.38,224.68,85.7,-1,-1
24,-1,1856.43,398.74,63.08,88.79,72.9,-1,-1
25,-1,208.68,5.92,912.3,940.42,93.3,-1,-1
25,-1,1023.85,174.76,129.66,224.45,85.6,-1,-1
25,-1,1856.39,398.97,63.16,88.11,72.3,-1,-1
26,-1,202.24,5.8,914.01,943.55,93.6,-1,-1
26,-1,1024.66,174.46,129.02,224.13,85.9,-1,-1
26,-1,1856.11,394.78,63.44,94.69,75.9,-1,-1
27,-1,198.56,3.92,916.49,931.7,93.3,-1,-1
27,-1,1024.52,174.43,129.34,224.32,86.3,-1,-1
27,-1,1854.87,396.91,64.7,92.85,75.5,-1,-1
28,-1,199.3,4.22,913.08,932.69,92.8,-1,-1
28,-1,1023.07,173.83,129.93,225.51,84.4,-1,-1
28,-1,1857.28,392.05,62.3,96.8,76.2,-1,-1
29,-1,199.59,4.23,912.95,932.32,92.8,-1,-1
29,-1,1023.27,173.98,129.77,225.45,84.6,-1,-1
29,-1,1857.17,391.93,62.41,97.11,76.2,-1,-1
30,-1,191.47,4.12,926.79,934.56,93.1,-1,-1
30,-1,1022.95,173.73,130.04,225.33,84.1,-1,-1
30,-1,1857.92,389.12,61.7,99.99,77.5,-1,-1
31,-1,186.78,3.8,934.19,930.05,92.8,-1,-1
31,-1,1023.87,172.89,128.56,225.79,85.6,-1,-1
31,-1,1856.27,389.13,63.31,101.86,73.6,-1,-1
32,-1,191.11,5.21,929.42,941.56,92.9,-1,-1
32,-1,1024.06,172.51,127.87,226.42,85.5,-1,-1
32,-1,1855.64,389.7,64.04,101.24,70.0,-1,-1
32,-1,302.54,786.88,806.12,146.61,32.0,-1,-1
33,-1,161.39,3.1,957.93,922.05,92.9,-1,-1
33,-1,1024.41,171.32,126.51,228.54,86.6,-1,-1
33,-1,1854.74,386.11,65.26,103.2,65.2,-1,-1
33,-1,301.19,772.3,687.68,152.81,28.5,-1,-1
34,-1,172.22,3.81,937.34,945.53,92.9,-1,-1
34,-1,1023.4,170.76,127.28,229.11,86.5,-1,-1
34,-1,1854.11,393.27,65.89,96.51,66.6,-1,-1
35,-1,173.62,3.88,936.19,945.7,93.0,-1,-1
35,-1,1023.38,170.84,127.21,228.73,86.5,-1,-1
35,-1,1853.98,394.05,66.02,95.75,66.4,-1,-1
36,-1,149.33,2.56,953.91,924.86,92.5,-1,-1
36,-1,1022.69,170.46,127.1,230.38,85.1,-1,-1
36,-1,1855.71,396.22,63.91,94.1,69.6,-1,-1
37,-1,143.7,2.89,959.9,925.06,92.4,-1,-1
37,-1,1022.5,169.86,127.3,230.88,85.1,-1,-1
37,-1,1855.54,393.17,64.1,96.59,72.3,-1,-1
37,-1,294.88,797.67,811.1,135.9,38.8,-1,-1
38,-1,143.41,2.93,960.4,924.98,92.4,-1,-1
38,-1,1023.04,170.56,127.77,229.58,86.6,-1,-1
38,-1,1855.5,392.63,64.14,96.95,73.2,-1,-1
38,-1,296.19,801.1,810.33,132.04,44.2,-1,-1
38,-1,296.17,788.04,634.47,134.02,25.0,-1,-1
39,-1,129.95,2.78,942.93,927.45,91.6,-1,-1
39,-1,1021.81,169.36,128.93,228.59,88.5,-1,-1
39,-1,1855.43,390.18,64.57,96.1,68.4,-1,-1
39,-1,275.37,782.9,812.04,153.23,57.4,-1,-1
40,-1,125.97,3.66,948.98,921.57,91.1,-1,-1
40,-1,1021.91,169.17,128.36,226.83,87.0,-1,-1
40,-1,1856.72,387.34,63.28,99.3,71.7,-1,-1
40,-1,276.26,778.21,818.45,155.88,38.3,-1,-1
41,-1,125.87,3.63,949.72,922.75,91.6,-1,-1
41,-1,1021.64,169.24,128.74,226.93,87.2,-1,-1
41,-1,1856.97,386.78,63.03,99.71,71.5,-1,-1
41,-1,278.83,777.41,815.99,157.14,41.4,-1,-1
42,-1,116.41,4.61,959.91,939.14,90.4,-1,-1
42,-1,1021.96,167.89,127.16,227.85,87.8,-1,-1
42,-1,1857.76,384.29,62.24,104.44,70.6,-1,-1
42,-1,267.88,790.86,834.87,140.61,60.3,-1,-1
42,-1,269.27,794.31,665.78,119.16,35.6,-1,-1
43,-1,109.96,4.46,972.96,943.08,88.3,-1,-1
43,-1,1022.54,167.45,126.58,228.4,86.9,-1,-1
43,-1,1858.38,384.93,61.62,102.69,70.1,-1,-1
43,-1,268.58,792.7,839.47,140.97,64.6,-1,-1
43,-1,266.67,793.94,647.25,126.78,46.2,-1,-1
44,-1,110.72,4.14,967.72,921.33,89.4,-1,-1
44,-1,1022.76,165.94,126.14,229.94,86.3,-1,-1
44,-1,1857.99,386.89,62.01,99.6,69.8,-1,-1
44,-1,277.74,793.35,589.69,127.39,34.0,-1,-1
44,-1,270.91,793.97,843.43,141.92,27.4,-1,-1
45,-1,113.93,4.03,960.49,926.34,87.0,-1,-1
45,-1,1022.68,165.86,125.31,231.12,85.4,-1,-1
45,-1,1858.11,389.16,61.54,95.84,72.4,-1,-1
45,-1,254.21,780.49,744.61,151.87,44.5,-1,-1
46,-1,116.52,3.96,958.01,926.68,86.9,-1,-1
46,-1,1022.65,165.85,125.29,231.18,85.5,-1,-1
46,-1,1858.19,389.34,61.46,95.73,72.0,-1,-1
46,-1,252.92,780.26,747.38,152.07,44.7,-1,-1
47,-1,116.96,3.69,951.92,930.3,87.3,-1,-1
47,-1,1022.27,165.76,125.24,231.61,86.6,-1,-1
47,-1,1858.37,381.26,61.63,104.64,72.2,-1,-1
47,-1,245.92,787.42,608.69,141.71,44.7,-1,-1
48,-1,120.29,4.27,962.91,954.39,89.5,-1,-1
48,-1,1021.39,164.71,125.31,232.16,83.9,-1,-1
48,-1,1858.37,377.81,61.63,108.53,69.6,-1,-1
49,-1,111.18,4.07,973.34,949.06,89.1,-1,-1
49,-1,1020.41,164.67,126.22,232.25,84.4,-1,-1
49,-1,1857.64,379.03,62.36,108.82,62.5,-1,-1
50,-1,106.51,4.28,967.72,948.57,90.2,-1,-1
50,-1,1019.71,164.39,126.4,231.98,84.0,-1,-1
50,-1,1858.11,378.79,61.89,110.52,57.3,-1,-1
51,-1,98.17,5.13,949.13,951.3,91.1,-1,-1
51,-1,1018.36,164.98,128.39,231.1,84.8,-1,-1
51,-1,1856.1,376.7,63.9,112.02,63.3,-1,-1
51,-1,842.06,227.29,77.24,115.67,26.4,-1,-1
52,-1,82.02,5.54,961.51,954.17,91.4,-1,-1
52,-1,1016.97,163.94,129.14,232.75,85.1,-1,-1
52,-1,1854.18,373.83,65.82,114.74,66.5,-1,-1
52,-1,841.1,228.25,81.77,116.26,32.1,-1,-1
53,-1,82.0,5.59,961.39,954.1,91.4,-1,-1
53,-1,1016.87,163.99,129.23,232.76,85.1,-1,-1
53,-1,1854.03,373.32,65.97,115.27,67.0,-1,-1
53,-1,841.08,228.18,81.16,116.43,32.7,-1,-1
54,-1,62.86,4.15,989.27,950.33,91.0,-1,-1
54,-1,1016.24,162.25,128.21,232.36,85.2,-1,-1
54,-1,1853.74,371.65,66.26,115.5,62.6,-1,-1
54,-1,841.17,228.82,81.93,117.21,32.9,-1,-1
55,-1,52.45,3.99,989.93,955.06,91.4,-1,-1
55,-1,1016.92,163.43,127.84,231.78,84.7,-1,-1
55,-1,1853.78,372.21,66.22,113.67,66.7,-1,-1
56,-1,50.41,5.39,990.13,959.09,93.4,-1,-1
56,-1,1016.06,163.2,128.55,232.8,84.6,-1,-1
56,-1,1853.69,378.17,65.85,107.58,70.9,-1,-1
56,-1,842.94,228.77,79.78,115.92,26.8,-1,-1
57,-1,39.99,5.89,989.17,958.96,93.3,-1,-1
57,-1,1015.48,163.66,127.81,230.56,85.1,-1,-1
57,-1,1853.76,377.59,65.8,107.24,72.6,-1,-1
58,-1,36.9,5.39,992.6,960.55,92.8,-1,-1
58,-1,1014.27,164.73,129.67,230.3,86.5,-1,-1
58,-1,1853.87,377.43,65.68,108.16,71.7,-1,-1
58,-1,842.26,227.82,80.26,116.36,27.4,-1,-1
59,-1,36.91,5.33,993.65,960.09,92.7,-1,-1
59,-1,1013.95,164.81,130.02,230.21,86.5,-1,-1
59,-1,1853.92,377.87,65.65,107.57,72.2,-1,-1
59,-1,842.17,227.85,80.47,116.11,27.9,-1,-1
60,-1,27.25,5.28,1026.15,961.12,91.8,-1,-1
60,-1,1012.79,165.12,130.89,229.46,86.1,-1,-1
60,-1,1855.11,378.53,64.45,102.63,75.0,-1,-1
61,-1,15.66,5.03,1010.65,961.14,92.2,-1,-1
61,-1,1012.03,164.68,131.37,229.15,86.1,-1,-1
61,-1,1853.8,376.99,65.76,104.32,76.1,-1,-1
61,-1,842.03,228.46,82.16,115.72,26.9,-1,-1
62,-1,6.7,4.95,1026.12,963.14,92.4,-1,-1
62,-1,1011.78,164.52,131.5,229.51,85.9,-1,-1
62,-1,1854.09,377.31,65.43,105.37,77.6,-1,-1
62,-1,842.61,228.73,82.67,115.22,27.3,-1,-1
63,-1,1.89,4.7,1019.21,968.03,92.3,-1,-1
63,-1,1014.37,164.5,128.97,229.05,85.5,-1,-1
63,-1,1855.02,373.29,64.98,111.87,74.6,-1,-1
64,-1,3.62,4.65,1011.86,965.6,92.3,-1,-1
64,-1,1016.77,164.19,127.6,228.97,83.8,-1,-1
64,-1,1856.69,377.09,63.11,106.29,78.4,-1,-1
65,-1,4.26,4.6,1012.81,965.12,92.2,-1,-1
65,-1,1016.49,164.04,127.98,229.4,83.5,-1,-1
65,-1,1856.97,377.32,62.82,105.59,78.2,-1,-1
66,-1,1.71,4.47,1019.85,962.49,92.7,-1,-1
66,-1,1019.05,162.5,128.38,229.85,83.8,-1,-1
66,-1,1858.75,384.13,60.77,99.65,75.4,-1,-1
67,-1,0.0,5.17,1028.12,970.85,92.2,-1,-1
67,-1,1021.39,163.13,128.24,228.63,86.7,-1,-1
67,-1,1860.03,387.36,59.57,96.82,74.7,-1,-1
68,-1,0.0,5.13,1026.15,975.61,91.7,-1,-1
68,-1,1021.79,162.32,129.67,229.17,86.9,-1,-1
68,-1,1863.48,400.02,56.24,82.48,65.4,-1,-1
69,-1,0.0,4.65,1023.05,973.1,92.3,-1,-1
69,-1,1022.91,162.52,130.13,228.45,86.8,-1,-1
69,-1,1866.08,410.63,53.56,72.68,50.8,-1,-1
69,-1,849.48,228.54,73.47,117.6,32.4,-1,-1
70,-1,0.78,4.7,1004.34,973.58,92.5,-1,-1
70,-1,1023.18,163.31,130.38,227.26,87.2,-1,-1
70,-1,1866.8,411.99,52.81,70.61,45.0,-1,-1
70,-1,849.88,228.49,75.12,117.6,37.2,-1,-1
71,-1,0.71,4.7,1004.84,973.66,92.5,-1,-1
71,-1,1023.1,163.26,130.35,227.27,87.2,-1,-1
71,-1,1866.89,411.62,52.71,70.9,44.3,-1,-1
71,-1,849.86,228.52,75.21,117.43,37.5,-1,-1
72,-1,0.0,4.71,1016.92,982.11,91.9,-1,-1
72,-1,1023.04,163.28,130.56,227.05,87.6,-1,-1
72,-1,1865.56,409.83,54.06,72.07,45.7,-1,-1
72,-1,850.93,228.29,76.28,117.56,43.3,-1,-1
73,-1,1.49,4.6,1006.67,981.24,92.1,-1,-1
73,-1,1023.09,162.99,130.42,227.47,88.4,-1,-1
73,-1,851.29,227.48,76.93,117.95,44.1,-1,-1
73,-1,1866.64,411.0,52.98,70.12,34.4,-1,-1
73,-1,874.61,231.13,69.56,110.44,27.0,-1,-1
74,-1,12.77,4.21,992.38,980.38,91.0,-1,-1
74,-1,1023.1,162.67,130.23,227.85,88.3,-1,-1
74,-1,852.56,227.29,74.25,118.3,42.7,-1,-1
74,-1,880.13,230.43,65.75,109.62,26.1,-1,-1
74,-1,1867.0,411.07,52.67,66.85,26.1,-1,-1
75,-1,8.63,4.19,992.77,982.03,90.5,-1,-1
75,-1,1023.17,162.61,130.52,228.52,88.3,-1,-1
75,-1,852.63,226.98,73.55,119.52,44.1,-1,-1
75,-1,1866.73,411.41,52.94,67.83,31.2,-1,-1
75,-1,881.55,230.2,64.61,109.65,25.0,-1,-1
76,-1,4.77,3.76,998.02,981.23,89.2,-1,-1
76,-1,1023.03,162.73,129.4,229.11,88.1,-1,-1
76,-1,851.81,226.77,75.18,120.09,45.9,-1,-1
76,-1,880.06,229.95,66.3,110.28,27.3,-1,-1
77,-1,5.94,3.74,996.91,980.35,89.2,-1,-1
77,-1,1023.03,162.77,129.39,229.08,88.0,-1,-1
77,-1,851.76,226.8,75.04,120.03,45.7,-1,-1
77,-1,880.53,230.01,65.84,110.08,27.5,-1,-1
78,-1,1023.06,162.38,128.63,229.47,88.2,-1,-1
78,-1,3.65,4.81,989.0,982.43,87.5,-1,-1
78,-1,849.96,227.06,74.14,119.51,46.2,-1,-1
78,-1,1869.19,414.11,50.46,66.23,28.7,-1,-1
79,-1,9.24,4.74,980.3,989.88,88.9,-1,-1
79,-1,1023.37,162.5,128.44,229.46,88.5,-1,-1
79,-1,849.67,227.79,74.46,119.37,43.4,-1,-1
80,-1,13.58,4.95,950.34,993.5,91.7,-1,-1
80,-1,1022.52,162.46,129.26,229.98,88.1,-1,-1
80,-1,849.04,227.96,74.29,119.83,44.1,-1,-1
80,-1,735.28,239.47,56.69,99.86,29.8,-1,-1
81,-1,2.69,5.22,971.65,992.46,92.2,-1,-1
81,-1,1022.24,162.27,129.11,232.46,88.7,-1,-1
81,-1,852.12,228.08,73.32,118.56,52.2,-1,-1
81,-1,736.86,238.16,56.1,101.61,30.8,-1,-1
82,-1,4.12,5.31,959.57,987.11,92.0,-1,-1
82,-1,1022.19,162.41,129.26,233.34,88.5,-1,-1
82,-1,851.26,228.07,71.89,118.55,48.1,-1,-1
82,-1,735.79,237.9,56.57,101.45,27.8,-1,-1
83,-1,3.58,5.4,956.18,986.67,91.9,-1,-1
83,-1,1021.93,162.36,129.5,233.66,88.3,-1,-1
83,-1,851.72,227.95,71.86,118.89,48.3,-1,-1
83,-1,736.31,237.96,56.15,101.33,29.2,-1,-1
84,-1,3.31,5.38,959.16,991.36,91.8,-1,-1
84,-1,1021.8,162.98,130.15,234.16,88.1,-1,-1
84,-1,850.77,227.97,71.03,119.39,49.2,-1,-1
84,-1,734.51,237.72,56.11,99.54,25.4,-1,-1
85,-1,1.36,5.46,945.3,992.73,92.0,-1,-1
85,-1,1022.27,163.46,131.15,233.65,87.5,-1,-1
85,-1,853.49,227.61,67.56,120.36,46.1,-1,-1
85,-1,735.82,237.58,57.33,101.33,33.6,-1,-1
85,-1,881.99,230.72,65.53,109.47,28.4,-1,-1
85,-1,1872.05,415.18,47.68,57.5,27.2,-1,-1
86,-1,0.49,5.29,953.54,999.23,91.9,-1,-1
86,-1,1025.19,163.7,130.94,232.13,86.0,-1,-1
86,-1,859.46,227.11,63.65,120.47,52.7,-1,-1
86,-1,897.18,232.08,56.7,109.98,32.1,-1,-1
86,-1,1877.39,415.53,42.35,56.85,29.4,-1,-1
87,-1,4.15,5.27,945.03,996.42,91.9,-1,-1
87,-1,1034.2,164.26,130.77,230.13,87.4,-1,-1
87,-1,868.47,227.78,82.25,118.08,59.1,-1,-1
87,-1,751.99,236.56,55.3,103.73,28.6,-1,-1
88,-1,3.49,5.14,949.95,999.41,91.0,-1,-1
88,-1,1042.2,164.96,129.39,229.35,87.0,-1,-1
88,-1,875.14,228.27,91.48,116.43,51.2,-1,-1
88,-1,759.06,236.47,56.28,101.14,33.4,-1,-1
89,-1,3.35,5.15,951.02,999.25,91.0,-1,-1
89,-1,1042.26,164.98,129.46,229.26,87.0,-1,-1
89,-1,875.08,228.37,91.59,116.29,51.2,-1,-1
89,-1,758.95,236.39,56.34,101.27,34.1,-1,-1
90,-1,0.52,4.64,991.67,1002.04,89.1,-1,-1
90,-1,1049.24,164.1,133.44,231.75,88.8,-1,-1
90,-1,886.4,225.1,69.8,120.58,51.3,-1,-1
90,-1,768.32,234.04,58.48,101.91,42.7,-1,-1
90,-1,905.24,233.55,74.43,107.34,33.6,-1,-1
91,-1,1.48,5.35,972.34,1000.72,89.5,-1,-1
91,-1,1063.19,165.05,126.58,230.66,84.7,-1,-1
91,-1,896.11,228.16,83.71,116.79,41.0,-1,-1
91,-1,778.99,235.56,57.38,99.57,38.5,-1,-1
92,-1,0.0,5.45,961.57,999.68,89.6,-1,-1
92,-1,1071.75,164.2,128.87,229.69,83.6,-1,-1
92,-1,905.5,227.03,67.48,118.24,53.3,-1,-1
92,-1,787.84,236.44,57.12,101.51,51.3,-1,-1
92,-1,927.6,232.73,68.96,109.29,37.0,-1,-1
92,-1,948.07,232.27,51.0,108.97,28.6,-1,-1
93,-1,0.0,3.55,987.06,1001.64,88.8,-1,-1
93,-1,1080.08,164.81,129.78,229.78,85.3,-1,-1
93,-1,913.3,227.16,63.63,116.79,59.2,-1,-1
94,-1,0.0,3.19,1009.89,1000.23,90.1,-1,-1
94,-1,1091.46,164.96,128.79,230.27,86.2,-1,-1
94,-1,924.56,228.1,90.44,117.16,51.9,-1,-1
94,-1,808.6,235.23,60.23,103.87,43.1,-1,-1
95,-1,0.0,3.18,1009.09,1000.27,90.1,-1,-1
95,-1,1091.47,165.02,128.68,230.31,86.2,-1,-1
95,-1,924.77,228.04,90.68,117.17,53.7,-1,-1
95,-1,808.7,235.3,60.3,103.85,45.0,-1,-1
96,-1,0.0,3.74,1037.66,997.72,90.0,-1,-1
96,-1,1102.88,166.11,128.64,232.44,87.5,-1,-1
96,-1,936.11,229.82,76.48,117.37,45.8,-1,-1
96,-1,818.11,238.83,59.18,100.29,45.3,-1,-1
96,-1,955.41,234.11,76.16,111.12,30.7,-1,-1
97,-1,4.14,3.91,1020.37,998.46,90.4,-1,-1
97,-1,1114.1,164.98,128.7,233.01,86.7,-1,-1
97,-1,946.16,229.77,82.12,118.07,40.5,-1,-1
97,-1,829.5,239.36,56.61,101.23,36.0,-1,-1
98,-1,3.66,3.91,1021.72,998.26,90.4,-1,-1
98,-1,1114.15,164.99,128.57,232.93,86.7,-1,-1
98,-1,946.11,229.79,82.08,117.95,40.8,-1,-1
98,-1,829.54,239.31,56.52,101.11,35.9,-1,-1
99,-1,32.36,2.93,1001.29,1014.73,90.9,-1,-1
99,-1,1133.54,166.66,128.9,230.69,88.0,-1,-1
99,-1,968.93,228.45,86.84,115.87,43.1,-1,-1
99,-1,852.37,238.48,50.87,99.84,32.9,-1,-1
100,-1,44.87,3.56,995.23,1014.05,91.5,-1,-1
100,-1,1140.85,167.54,130.46,230.89,88.0,-1,-1
100,-1,972.13,228.63,89.51,115.97,39.4,-1,-1
100,-1,857.34,234.5,58.76,104.53,37.3,-1,-1
101,-1,44.93,3.59,995.31,1013.97,91.4,-1,-1
101,-1,1140.87,167.54,130.44,230.85,88.0,-1,-1
101,-1,972.11,228.64,89.46,116.0,39.0,-1,-1
101,-1,857.31,234.5,58.69,104.54,37.3,-1,-1
102,-1,56.77,4.0,985.77,1013.2,92.0,-1,-1
102,-1,1145.17,167.85,132.71,232.04,87.3,-1,-1
102,-1,864.52,234.16,56.31,101.42,42.9,-1,-1
102,-1,1023.2,231.06,50.66,108.31,32.4,-1,-1
103,-1,61.98,4.59,982.37,1020.78,91.0,-1,-1
103,-1,1149.12,166.41,131.98,236.36,88.5,-1,-1
103,-1,866.03,235.02,58.53,101.13,48.7,-1,-1
103,-1,982.74,224.71,64.86,120.48,41.3,-1,-1
103,-1,1011.52,234.27,67.12,106.67,37.9,-1,-1
104,-1,64.2,4.53,980.09,1024.49,91.0,-1,-1
104,-1,1148.03,166.3,132.91,235.95,88.4,-1,-1
104,-1,866.42,235.74,58.45,100.56,48.1,-1,-1
104,-1,982.51,224.72,63.95,120.61,41.2,-1,-1
104,-1,1013.95,234.28,64.81,106.67,38.8,-1,-1
105,-1,65.8,4.57,978.12,1024.21,91.4,-1,-1
105,-1,1148.13,166.42,132.34,234.7,88.6,-1,-1
105,-1,866.7,235.76,58.38,100.4,57.3,-1,-1
105,-1,982.34,225.08,62.43,120.47,39.9,-1,-1
105,-1,1015.65,234.43,63.27,106.42,37.4,-1,-1
106,-1,68.41,4.54,977.21,1026.26,91.4,-1,-1
106,-1,1147.75,166.12,132.7,234.47,88.6,-1,-1
106,-1,866.31,235.74,58.84,100.26,54.6,-1,-1
106,-1,1016.39,234.35,62.48,106.53,38.7,-1,-1
106,-1,982.5,224.76,62.81,120.69,37.9,-1,-1
107,-1,68.6,4.54,977.4,1026.4,91.3,-1,-1
107,-1,1147.6,166.09,132.75,234.58,88.6,-1,-1
107,-1,866.35,235.64,58.99,100.39,54.7,-1,-1
107,-1,1016.79,234.26,62.14,106.51,39.5,-1,-1
107,-1,982.54,224.65,62.52,120.76,37.9,-1,-1
108,-1,73.77,4.7,972.08,1025.03,91.3,-1,-1
108,-1,1148.28,166.24,132.41,233.9,88.7,-1,-1
108,-1,866.08,235.56,58.75,100.27,54.2,-1,-1
108,-1,1017.31,234.29,61.88,106.36,42.5,-1,-1
108,-1,982.47,224.62,62.49,120.34,37.2,-1,-1
109,-1,77.98,4.54,969.91,1015.8,91.3,-1,-1
109,-1,1147.84,165.75,133.0,234.03,88.7,-1,-1
109,-1,867.63,235.48,58.22,101.05,59.1,-1,-1
109,-1,982.36,224.49,67.81,121.67,37.4,-1,-1
109,-1,1015.5,234.23,64.12,107.07,37.1,-1,-1
110,-1,79.87,4.79,967.61,1010.17,92.9,-1,-1
110,-1,1148.26,166.35,134.37,234.35,88.7,-1,-1
110,-1,868.45,234.75,57.39,101.83,58.4,-1,-1
110,-1,983.11,226.87,74.95,118.72,43.6,-1,-1
110,-1,1002.4,233.9,77.11,108.31,39.7,-1,-1
111,-1,85.05,5.03,964.76,1013.16,92.7,-1,-1
111,-1,1148.62,166.27,134.37,234.05,88.6,-1,-1
111,-1,868.25,234.52,57.25,101.72,58.0,-1,-1
111,-1,982.96,227.03,75.92,118.57,45.4,-1,-1
111,-1,1005.49,233.9,74.98,108.5,40.4,-1,-1
112,-1,88.45,4.67,963.52,1009.15,92.2,-1,-1
112,-1,1149.55,166.05,134.11,234.69,88.5,-1,-1
112,-1,868.44,234.53,56.92,101.7,60.7,-1,-1
112,-1,983.11,227.36,75.73,118.43,50.6,-1,-1
112,-1,1004.1,234.32,76.09,108.33,35.3,-1,-1
113,-1,88.84,4.68,963.31,1009.32,92.2,-1,-1
113,-1,1149.64,166.94,134.15,233.9,88.4,-1,-1
113,-1,868.31,234.49,56.83,101.64,59.4,-1,-1
113,-1,983.09,227.47,76.29,118.43,50.7,-1,-1
113,-1,1003.35,234.47,76.84,108.3,35.7,-1,-1
114,-1,91.46,4.4,954.29,1005.75,92.3,-1,-1
114,-1,1151.09,166.01,133.58,234.37,88.5,-1,-1
114,-1,868.34,234.28,57.37,101.66,60.3,-1,-1
114,-1,983.67,227.25,75.17,118.98,56.8,-1,-1
114,-1,998.23,234.36,81.71,108.27,28.4,-1,-1
115,-1,95.04,4.18,951.75,1006.09,92.6,-1,-1
115,-1,1151.1,166.01,133.64,234.25,88.7,-1,-1
115,-1,870.18,233.66,57.49,101.95,59.7,-1,-1
115,-1,983.87,226.86,75.31,119.02,59.0,-1,-1
116,-1,98.44,3.97,954.31,1007.74,92.7,-1,-1
116,-1,1150.59,165.84,133.74,233.37,88.4,-1,-1
116,-1,871.69,234.14,57.68,101.98,60.6,-1,-1
116,-1,984.2,226.73,72.83,119.33,60.1,-1,-1
117,-1,100.82,4.16,950.81,1003.92,92.2,-1,-1
117,-1,1151.14,165.99,133.4,232.12,88.2,-1,-1
117,-1,984.17,227.4,74.53,119.2,57.5,-1,-1
117,-1,872.73,234.89,57.04,101.25,56.7,-1,-1
118,-1,103.43,4.09,953.53,1005.41,92.0,-1,-1
118,-1,1152.37,165.83,132.66,233.13,88.1,-1,-1
118,-1,875.04,236.63,55.33,99.84,61.6,-1,-1
118,-1,983.88,229.79,80.96,115.94,58.6,-1,-1
119,-1,103.52,4.13,953.31,1005.41,91.9,-1,-1
119,-1,1152.48,165.82,132.59,233.1,88.3,-1,-1
119,-1,875.01,236.56,55.28,99.76,61.4,-1,-1
119,-1,983.79,229.66,80.86,115.97,58.6,-1,-1
120,-1,110.13,4.27,948.72,1009.11,91.0,-1,-1
120,-1,1153.62,165.85,131.05,233.0,87.6,-1,-1
120,-1,875.2,236.49,54.93,99.91,61.3,-1,-1
120,-1,983.71,229.97,81.02,115.7,56.5,-1,-1
121,-1,120.02,2.54,944.9,1009.48,91.3,-1,-1
121,-1,1153.53,166.89,132.19,233.35,86.4,-1,-1
121,-1,875.51,236.96,53.76,98.91,57.3,-1,-1
121,-1,983.37,230.2,80.26,115.48,51.7,-1,-1
122,-1,127.04,3.92,933.06,1004.04,92.1,-1,-1
122,-1,1154.79,166.87,131.29,232.72,85.5,-1,-1
122,-1,875.61,236.58,53.18,99.12,58.3,-1,-1
122,-1,982.94,230.25,80.61,114.53,48.4,-1,-1
123,-1,129.59,2.51,946.12,1003.01,92.1,-1,-1
123,-1,1155.59,167.13,131.75,232.25,84.1,-1,-1
123,-1,876.01,236.57,53.29,99.76,56.2,-1,-1
123,-1,983.08,228.79,76.72,117.5,47.6,-1,-1
124,-1,129.66,2.76,950.88,1000.5,91.4,-1,-1
124,-1,1154.99,165.25,133.39,233.12,83.7,-1,-1
124,-1,875.09,235.89,54.1,100.21,55.7,-1,-1
124,-1,981.27,226.87,73.23,117.75,50.8,-1,-1
125,-1,129.63,2.75,950.57,1000.04,91.5,-1,-1
125,-1,1155.88,165.45,132.31,232.35,83.9,-1,-1
125,-1,875.21,235.99,54.08,100.17,55.9,-1,-1
125,-1,981.52,226.95,74.26,117.86,50.5,-1,-1
126,-1,136.86,5.02,972.29,994.27,92.0,-1,-1
126,-1,1154.57,165.03,134.67,233.11,83.7,-1,-1
126,-1,876.01,235.93,53.93,100.63,48.6,-1,-1
126,-1,982.06,227.76,72.78,117.89,47.7,-1,-1
127,-1,140.19,4.67,969.61,986.61,91.8,-1,-1
127,-1,1156.49,165.29,132.8,231.69,84.2,-1,-1
127,-1,877.29,236.8,54.26,100.71,55.8,-1,-1
127,-1,983.35,228.95,75.32,117.04,45.7,-1,-1
128,-1,141.03,4.79,968.09,983.23,92.1,-1,-1
128,-1,1156.87,164.04,132.42,231.55,84.2,-1,-1
128,-1,877.18,236.33,54.91,100.6,51.8,-1,-1
128,-1,983.48,226.39,72.97,118.63,40.9,-1,-1
129,-1,142.99,4.7,970.6,979.34,92.4,-1,-1
129,-1,1157.05,163.78,132.23,231.25,83.7,-1,-1
129,-1,876.8,236.28,55.96,99.72,49.6,-1,-1
129,-1,984.48,226.18,74.32,118.33,32.7,-1,-1
130,-1,140.03,2.69,947.19,988.69,91.4,-1,-1
130,-1,1156.3,165.76,133.68,229.13,84.8,-1,-1
130,-1,878.68,236.41,54.36,99.32,51.6,-1,-1
130,-1,985.9,226.91,72.5,117.58,34.6,-1,-1
131,-1,143.94,4.65,966.31,973.78,91.5,-1,-1
131,-1,1156.55,165.71,133.31,229.12,84.8,-1,-1
131,-1,878.62,236.64,54.39,99.15,48.1,-1,-1
131,-1,985.36,225.86,72.01,118.41,36.1,-1,-1
132,-1,146.12,4.81,976.12,972.39,91.7,-1,-1
132,-1,1157.02,165.85,132.46,227.55,85.1,-1,-1
132,-1,879.52,236.86,53.67,99.1,51.6,-1,-1
133,-1,164.88,5.76,949.98,970.25,93.0,-1,-1
133,-1,1154.71,163.74,136.76,229.28,83.1,-1,-1
133,-1,880.5,234.82,53.13,99.49,64.7,-1,-1
133,-1,987.7,228.31,83.76,113.48,27.0,-1,-1
134,-1,164.77,5.77,949.97,970.0,93.1,-1,-1
134,-1,1154.86,163.88,136.57,229.05,83.2,-1,-1
134,-1,880.47,234.76,53.26,99.31,64.5,-1,-1
134,-1,987.75,228.22,83.98,113.87,28.5,-1,-1
135,-1,171.57,3.72,931.71,958.51,93.1,-1,-1
135,-1,1158.39,161.37,134.15,229.72,86.7,-1,-1
135,-1,880.37,231.82,54.79,100.72,69.8,-1,-1
135,-1,987.81,226.81,85.06,112.54,35.6,-1,-1
136,-1,174.89,3.82,917.18,953.12,92.9,-1,-1
136,-1,1158.62,160.6,133.82,229.48,86.9,-1,-1
136,-1,880.82,230.77,55.17,100.91,70.4,-1,-1
136,-1,986.58,225.29,95.53,113.85,37.1,-1,-1
137,-1,174.38,3.85,914.35,953.1,92.9,-1,-1
137,-1,1159.35,160.55,133.23,229.89,86.7,-1,-1
137,-1,880.94,230.71,55.01,101.07,72.0,-1,-1
137,-1,986.77,225.57,95.67,113.84,39.0,-1,-1
138,-1,182.9,3.79,917.95,939.57,93.2,-1,-1
138,-1,1157.9,160.35,135.38,229.17,86.4,-1,-1
138,-1,881.4,230.14,54.9,101.67,71.0,-1,-1
138,-1,988.38,225.81,86.19,114.3,38.1,-1,-1
139,-1,186.27,3.92,926.43,938.6,93.1,-1,-1
139,-1,1158.81,159.5,134.25,228.91,86.9,-1,-1
139,-1,881.73,230.06,52.99,99.34,54.8,-1,-1
140,-1,188.47,4.06,930.07,937.12,93.2,-1,-1
140,-1,1157.87,158.27,134.9,229.83,86.4,-1,-1
140,-1,882.56,229.54,51.42,98.26,54.7,-1,-1
141,-1,193.28,3.71,928.37,940.12,92.9,-1,-1
141,-1,1158.26,157.53,134.53,230.61,85.7,-1,-1
141,-1,883.5,228.48,50.21,97.98,58.6,-1,-1
142,-1,199.01,3.82,923.26,938.1,92.8,-1,-1
142,-1,1160.53,157.47,132.18,230.3,86.2,-1,-1
142,-1,883.6,227.54,49.9,98.55,59.4,-1,-1
143,-1,199.36,3.79,923.1,938.06,92.8,-1,-1
143,-1,1160.56,157.44,132.22,230.39,86.1,-1,-1
143,-1,883.65,227.56,49.81,98.49,59.6,-1,-1
144,-1,207.69,3.89,922.17,932.88,92.5,-1,-1
144,-1,1159.54,156.75,133.35,230.86,86.9,-1,-1
144,-1,883.73,227.93,49.28,99.15,54.9,-1,-1
144,-1,988.44,220.36,93.39,114.89,29.6,-1,-1
145,-1,212.56,3.94,914.75,920.59,92.8,-1,-1
145,-1,1161.04,156.28,131.47,230.56,86.9,-1,-1
145,-1,882.96,227.75,50.16,99.13,53.6,-1,-1
145,-1,989.08,219.88,92.2,116.06,31.7,-1,-1
146,-1,220.42,3.8,908.42,926.03,92.5,-1,-1
146,-1,1162.14,155.1,131.36,231.22,86.6,-1,-1
146,-1,883.86,227.38,49.32,99.56,52.5,-1,-1
146,-1,989.56,219.19,91.21,116.94,37.5,-1,-1
147,-1,223.12,3.71,900.87,913.0,92.7,-1,-1
147,-1,1161.79,155.03,132.18,232.11,86.9,-1,-1
147,-1,883.75,226.99,49.33,99.9,52.6,-1,-1
147,-1,989.14,218.5,90.48,117.3,36.9,-1,-1
148,-1,234.22,3.93,891.19,907.26,93.3,-1,-1
148,-1,1162.24,155.63,131.57,231.21,86.9,-1,-1
148,-1,883.92,227.44,49.3,99.86,54.2,-1,-1
148,-1,989.66,218.97,89.05,117.1,33.1,-1,-1
149,-1,234.25,3.96,891.38,906.66,93.4,-1,-1
149,-1,1162.3,155.66,131.59,231.24,86.9,-1,-1
149,-1,883.93,227.49,49.3,99.74,54.4,-1,-1
149,-1,989.69,219.03,89.27,117.0,33.7,-1,-1
150,-1,237.05,3.93,886.66,910.12,93.9,-1,-1
150,-1,1163.34,155.53,130.54,230.94,87.4,-1,-1
150,-1,883.95,227.63,49.43,99.63,48.8,-1,-1
150,-1,989.9,218.95,87.76,117.35,33.7,-1,-1
151,-1,239.38,3.77,887.18,905.13,93.5,-1,-1
151,-1,1163.54,155.41,130.12,231.19,86.9,-1,-1
151,-1,884.09,227.89,49.03,98.92,50.7,-1,-1
152,-1,241.79,3.66,883.67,905.11,93.1,-1,-1
152,-1,1163.48,154.76,129.92,231.73,87.4,-1,-1
152,-1,884.24,227.93,49.24,99.25,50.6,-1,-1
153,-1,243.32,4.28,872.54,912.37,92.0,-1,-1
153,-1,1163.25,155.33,130.61,231.59,87.6,-1,-1
153,-1,884.55,228.14,49.35,98.95,50.3,-1,-1
154,-1,251.36,3.95,871.77,902.67,92.8,-1,-1
154,-1,1163.17,155.74,130.84,231.61,87.8,-1,-1
154,-1,884.76,228.49,48.91,98.25,50.9,-1,-1
155,-1,251.34,3.94,872.2,902.6,92.7,-1,-1
155,-1,1163.23,155.74,130.76,231.84,87.7,-1,-1
155,-1,884.77,228.46,48.87,98.26,50.4,-1,-1
156,-1,253.26,4.77,871.9,915.28,92.2,-1,-1
156,-1,1162.88,156.2,130.78,230.38,87.5,-1,-1
156,-1,884.71,228.43,49.11,98.65,50.8,-1,-1
157,-1,260.97,4.28,862.87,918.27,92.1,-1,-1
157,-1,1162.32,156.79,131.31,230.74,87.0,-1,-1
157,-1,884.71,228.35,49.14,98.46,55.4,-1,-1
157,-1,991.23,219.65,89.57,115.57,29.7,-1,-1
158,-1,266.76,3.9,865.19,919.33,92.7,-1,-1
158,-1,1161.24,157.9,130.79,229.5,86.8,-1,-1
158,-1,884.71,228.11,49.09,98.43,52.3,-1,-1
158,-1,990.41,219.46,90.16,115.05,28.1,-1,-1
159,-1,272.69,3.29,854.5,922.8,91.9,-1,-1
159,-1,1160.67,158.05,131.12,229.72,86.5,-1,-1
159,-1,884.58,228.63,49.54,98.3,48.8,-1,-1
160,-1,276.67,3.36,846.71,924.02,92.3,-1,-1
160,-1,1159.81,158.2,132.34,230.19,86.6,-1,-1
160,-1,884.34,228.44,50.11,98.5,46.1,-1,-1
161,-1,276.53,3.45,847.1,924.5,92.3,-1,-1
161,-1,1159.67,158.23,132.55,230.2,86.5,-1,-1
161,-1,884.32,228.44,50.1,98.54,46.3,-1,-1
162,-1,275.16,5.04,856.35,901.48,92.5,-1,-1
162,-1,1160.29,158.17,132.15,230.26,86.9,-1,-1
162,-1,884.06,228.31,50.54,98.63,51.2,-1,-1
163,-1,277.88,4.6,860.38,895.59,91.7,-1,-1
163,-1,1161.23,158.03,131.94,230.36,86.8,-1,-1
163,-1,884.38,228.12,50.09,98.65,54.3,-1,-1
164,-1,279.78,4.53,857.14,886.36,92.5,-1,-1
164,-1,1161.41,157.98,131.67,230.21,87.1,-1,-1
164,-1,884.35,227.79,50.19,98.78,52.7,-1,-1
165,-1,281.21,4.12,852.07,898.17,89.3,-1,-1
165,-1,1161.81,158.38,131.3,229.89,87.1,-1,-1
165,-1,884.14,227.99,50.29,98.62,50.0,-1,-1
166,-1,284.92,4.34,853.5,894.66,89.3,-1,-1
166,-1,1161.85,158.59,130.7,229.76,87.4,-1,-1
166,-1,884.06,228.03,50.55,99.04,48.7,-1,-1
167,-1,298.74,4.23,845.81,899.85,89.3,-1,-1
167,-1,1161.93,158.59,130.74,229.76,87.5,-1,-1
167,-1,884.07,228.03,50.54,99.16,49.7,-1,-1
168,-1,308.41,3.34,829.15,897.48,88.9,-1,-1
168,-1,1162.87,159.25,129.97,228.38,87.6,-1,-1
168,-1,884.11,228.59,50.85,99.22,50.7,-1,-1
169,-1,294.91,4.1,843.35,895.19,90.2,-1,-1
169,-1,1163.16,159.18,130.24,228.23,87.9,-1,-1
169,-1,883.98,228.24,51.46,99.44,50.9,-1,-1
170,-1,291.81,4.55,845.23,894.22,91.8,-1,-1
170,-1,1162.78,159.06,130.73,228.15,87.3,-1,-1
170,-1,884.17,228.15,51.33,99.19,49.6,-1,-1
171,-1,298.87,4.4,830.71,896.47,92.2,-1,-1
171,-1,1163.49,159.64,130.3,227.25,87.9,-1,-1
171,-1,884.58,228.33,51.55,98.97,50.5,-1,-1
172,-1,299.98,4.45,832.29,895.04,92.0,-1,-1
172,-1,1163.31,159.92,130.39,226.82,87.3,-1,-1
172,-1,884.29,228.52,52.02,99.1,50.9,-1,-1
173,-1,300.27,4.44,831.71,895.21,92.1,-1,-1
173,-1,1163.31,159.92,130.4,226.88,87.3,-1,-1
173,-1,884.33,228.49,51.97,99.09,51.5,-1,-1
174,-1,307.83,4.37,821.61,893.46,92.8,-1,-1
174,-1,1162.95,160.01,131.07,226.91,87.3,-1,-1
174,-1,884.3,228.43,51.98,99.07,50.5,-1,-1
175,-1,309.66,4.54,827.88,889.89,92.7,-1,-1
175,-1,1161.96,159.83,131.85,226.54,87.2,-1,-1
175,-1,884.29,228.62,51.5,98.37,50.8,-1,-1
176,-1,310.35,4.56,822.02,890.0,93.2,-1,-1
176,-1,1162.49,159.82,131.9,226.31,87.0,-1,-1
176,-1,884.39,228.57,51.05,97.98,50.6,-1,-1
177,-1,312.11,4.49,813.22,886.26,93.5,-1,-1
177,-1,1162.48,159.86,131.78,226.24,87.3,-1,-1
177,-1,884.65,228.32,50.37,97.97,50.7,-1,-1
178,-1,311.33,4.48,820.4,884.49,93.2,-1,-1
178,-1,1160.53,159.29,132.24,226.67,86.9,-1,-1
178,-1,884.52,228.0,50.28,98.03,51.1,-1,-1
178,-1,988.44,220.48,91.56,114.09,25.9,-1,-1
179,-1,311.26,4.51,820.48,884.44,93.3,-1,-1
179,-1,1160.54,159.34,132.12,226.58,86.9,-1,-1
179,-1,884.52,228.01,50.32,98.13,51.8,-1,-1
179,-1,988.55,220.43,91.66,114.25,27.0,-1,-1
180,-1,311.94,4.67,820.14,883.09,92.9,-1,-1
180,-1,1160.67,160.2,131.19,227.24,86.8,-1,-1
180,-1,884.43,228.53,50.16,97.8,53.4,-1,-1
181,-1,312.11,3.88,820.78,891.18,92.9,-1,-1
181,-1,1160.26,159.93,130.92,227.32,86.9,-1,-1
181,-1,884.31,228.7,50.2,98.16,57.2,-1,-1
182,-1,307.75,4.94,823.25,881.6,92.3,-1,-1
182,-1,1161.07,159.82,129.53,227.23,86.8,-1,-1
182,-1,884.55,228.13,49.64,97.95,58.2,-1,-1
183,-1,304.78,4.94,827.18,885.12,91.9,-1,-1
183,-1,1160.4,158.35,130.13,227.95,86.0,-1,-1
183,-1,884.1,228.06,49.29,98.39,55.9,-1,-1
184,-1,299.09,4.92,826.22,885.67,91.7,-1,-1
184,-1,1161.13,158.38,129.6,228.28,86.5,-1,-1
184,-1,884.45,228.39,49.18,98.06,58.6,-1,-1
185,-1,299.28,4.88,826.38,885.6,91.7,-1,-1
185,-1,1161.06,158.36,129.69,228.56,86.6,-1,-1
185,-1,884.44,228.37,49.18,98.01,59.1,-1,-1
186,-1,293.3,5.29,820.8,878.79,93.9,-1,-1
186,-1,1160.77,159.2,129.59,227.27,86.4,-1,-1
186,-1,884.02,228.23,49.11,98.43,54.4,-1,-1
187,-1,291.26,5.56,821.12,876.81,94.0,-1,-1
187,-1,1161.36,160.3,128.93,226.34,86.5,-1,-1
187,-1,884.08,228.08,48.98,98.34,54.5,-1,-1
188,-1,291.59,5.5,816.4,880.01,94.3,-1,-1
188,-1,1161.88,160.46,128.59,226.0,86.4,-1,-1
188,-1,884.34,228.15,48.37,97.89,54.9,-1,-1
189,-1,289.84,5.25,809.48,879.79,94.3,-1,-1
189,-1,1161.55,160.21,128.94,225.2,87.1,-1,-1
189,-1,883.95,227.75,48.78,97.7,55.3,-1,-1
190,-1,289.9,5.19,814.69,877.89,94.1,-1,-1
190,-1,1160.39,159.91,130.25,225.41,87.0,-1,-1
190,-1,883.56,227.94,48.99,97.61,52.9,-1,-1
191,-1,290.29,5.21,814.63,878.38,94.1,-1,-1
191,-1,1160.44,159.81,130.21,225.57,87.0,-1,-1
191,-1,883.53,227.92,49.02,97.66,53.2,-1,-1
192,-1,288.88,5.12,819.81,877.93,93.9,-1,-1
192,-1,1160.9,159.78,130.55,226.79,86.1,-1,-1
192,-1,883.49,227.06,48.98,98.24,55.7,-1,-1
193,-1,287.81,5.24,820.27,874.46,94.0,-1,-1
193,-1,1161.05,159.73,131.41,225.17,86.0,-1,-1
193,-1,883.47,227.65,49.55,98.09,57.8,-1,-1
194,-1,286.97,5.12,815.15,871.7,94.5,-1,-1
194,-1,1160.21,160.42,130.1,225.59,86.7,-1,-1
194,-1,883.61,227.97,48.99,97.26,59.7,-1,-1
195,-1,277.43,5.35,830.92,870.77,93.7,-1,-1
195,-1,1159.85,160.22,129.61,225.16,86.3,-1,-1
195,-1,882.34,227.34,50.17,98.46,57.0,-1,-1
196,-1,270.28,5.27,837.05,869.34,93.7,-1,-1
196,-1,1159.24,159.7,129.67,224.25,85.7,-1,-1
196,-1,882.06,227.33,50.31,98.05,58.8,-1,-1
197,-1,270.36,5.25,836.92,869.34,93.7,-1,-1
197,-1,1159.22,159.76,129.7,224.14,85.5,-1,-1
197,-1,882.08,227.37,50.3,98.01,58.9,-1,-1
198,-1,267.2,5.15,828.69,866.98,93.0,-1,-1
198,-1,1158.26,158.53,130.14,225.48,85.0,-1,-1
198,-1,881.99,227.85,50.51,98.22,61.1,-1,-1
199,-1,265.74,4.88,808.24,866.08,93.2,-1,-1
199,-1,1158.4,157.6,130.02,226.06,85.6,-1,-1
199,-1,882.45,227.2,51.6,97.72,60.2,-1,-1
200,-1,261.24,3.31,813.24,868.34,93.7,-1,-1
200,-1,1157.67,158.27,130.77,226.65,86.4,-1,-1
200,-1,882.15,227.71,51.95,97.8,65.2,-1,-1
201,-1,256.81,3.15,801.88,867.06,93.1,-1,-1
201,-1,1156.55,159.2,130.86,225.11,86.6,-1,-1
201,-1,881.12,227.38,52.98,98.57,61.6,-1,-1
202,-1,253.94,3.41,803.77,865.54,93.8,-1,-1
202,-1,1156.27,160.08,130.62,224.72,86.7,-1,-1
202,-1,881.12,227.13,53.08,98.16,59.2,-1,-1
203,-1,253.93,3.41,804.27,865.63,93.9,-1,-1
203,-1,1156.24,159.93,130.83,224.94,86.9,-1,-1
203,-1,881.2,227.1,53.02,98.33,59.4,-1,-1
204,-1,246.17,3.02,812.51,865.09,94.2,-1,-1
204,-1,1155.58,159.95,130.76,224.27,87.1,-1,-1
204,-1,880.87,226.54,53.2,97.97,62.0,-1,-1
205,-1,244.28,3.15,794.75,863.57,94.2,-1,-1
205,-1,1154.14,159.33,131.65,224.71,87.3,-1,-1
205,-1,880.81,226.11,53.7,98.57,66.5,-1,-1
205,-1,985.05,219.75,90.94,115.41,45.7,-1,-1
206,-1,244.31,2.93,808.7,868.88,93.9,-1,-1
206,-1,1152.93,159.29,132.61,224.85,87.5,-1,-1
206,-1,880.2,224.51,53.62,99.32,66.2,-1,-1
206,-1,984.65,220.36,79.98,116.17,44.9,-1,-1
207,-1,240.13,3.02,809.84,862.66,94.8,-1,-1
207,-1,1152.46,159.57,132.11,224.98,88.0,-1,-1
207,-1,878.67,223.77,53.8,99.26,61.6,-1,-1
207,-1,982.91,219.24,73.61,116.69,47.7,-1,-1
208,-1,236.11,3.04,815.96,863.12,94.7,-1,-1
208,-1,1154.13,159.42,129.42,222.84,88.3,-1,-1
208,-1,876.11,222.06,55.81,100.0,56.5,-1,-1
208,-1,982.71,217.6,72.75,117.59,53.3,-1,-1
209,-1,235.96,3.08,817.15,863.27,94.7,-1,-1
209,-1,1154.18,159.43,129.3,222.85,88.3,-1,-1
209,-1,875.99,222.14,55.77,99.89,55.6,-1,-1
209,-1,982.79,217.75,72.65,117.59,52.9,-1,-1
210,-1,233.03,3.34,806.28,856.0,95.4,-1,-1
210,-1,1154.89,159.74,126.83,222.83,88.9,-1,-1
210,-1,983.42,218.26,73.38,119.11,57.9,-1,-1
210,-1,875.61,222.12,55.47,99.38,54.7,-1,-1
211,-1,223.73,3.25,806.0,858.88,94.8,-1,-1
211,-1,1153.34,159.44,127.55,222.34,88.8,-1,-1
211,-1,983.25,217.44,72.01,119.13,55.1,-1,-1
211,-1,874.26,221.95,55.73,99.2,51.2,-1,-1
212,-1,218.41,3.52,813.69,863.01,94.7,-1,-1
212,-1,1152.63,159.43,127.48,222.18,88.6,-1,-1
212,-1,983.2,218.2,72.62,118.23,56.9,-1,-1
212,-1,873.74,222.32,55.56,98.53,51.3,-1,-1
213,-1,214.56,3.92,809.3,863.22,95.0,-1,-1
213,-1,1151.62,158.91,128.38,222.92,88.5,-1,-1
213,-1,982.16,218.07,68.83,117.5,56.9,-1,-1
213,-1,872.25,222.03,55.82,98.7,50.8,-1,-1
214,-1,205.31,5.94,813.04,865.32,94.5,-1,-1
214,-1,1149.99,158.59,130.13,223.41,88.2,-1,-1
214,-1,982.21,218.52,68.84,117.4,57.8,-1,-1
214,-1,870.72,222.45,56.69,98.41,54.7,-1,-1
215,-1,205.45,5.92,812.17,865.45,94.5,-1,-1
215,-1,1149.91,158.6,130.15,223.39,88.3,-1,-1
215,-1,982.21,218.38,68.35,117.18,57.1,-1,-1
215,-1,870.66,222.22,56.79,98.47,55.8,-1,-1
216,-1,200.05,6.23,795.39,862.07,94.8,-1,-1
216,-1,1148.7,158.72,131.95,223.03,88.2,-1,-1
216,-1,981.98,218.89,66.8,117.39,62.0,-1,-1
216,-1,870.81,223.2,52.11,97.98,60.0,-1,-1
217,-1,194.02,5.92,817.21,863.5,94.9,-1,-1
217,-1,1148.34,158.68,132.22,223.32,88.6,-1,-1
217,-1,981.96,218.84,66.16,116.7,65.3,-1,-1
217,-1,870.85,223.13,51.98,97.07,62.4,-1,-1
218,-1,190.71,5.75,819.39,864.63,94.9,-1,-1
218,-1,1148.28,158.47,131.65,223.79,88.8,-1,-1
218,-1,981.45,218.98,65.26,116.71,62.9,-1,-1
218,-1,870.06,223.35,52.13,97.46,61.4,-1,-1
218,-1,1014.82,223.88,65.02,106.86,27.4,-1,-1
219,-1,190.14,5.77,816.38,863.08,95.1,-1,-1
219,-1,1147.99,157.85,131.13,223.6,88.6,-1,-1
219,-1,982.07,218.52,65.75,118.28,59.3,-1,-1
219,-1,870.61,224.08,52.05,97.58,57.1,-1,-1
219,-1,1016.63,223.75,63.47,108.21,33.4,-1,-1
220,-1,190.78,5.76,815.68,863.21,95.2,-1,-1
220,-1,1148.09,157.86,131.03,223.59,88.6,-1,-1
220,-1,982.5,218.73,66.54,117.96,59.8,-1,-1
220,-1,870.8,224.03,52.19,97.66,58.2,-1,-1
220,-1,1014.12,223.74,65.87,108.09,32.9,-1,-1
221,-1,179.9,5.44,815.64,855.55,94.7,-1,-1
221,-1,1148.48,157.89,129.24,222.42,87.9,-1,-1
221,-1,869.91,223.85,55.61,97.53,58.2,-1,-1
221,-1,983.5,218.81,62.02,118.05,57.3,-1,-1
221,-1,1019.17,224.22,60.38,107.12,39.2,-1,-1
222,-1,168.32,3.47,811.59,857.1,94.3,-1,-1
222,-1,1147.69,157.79,129.42,222.1,87.7,-1,-1
222,-1,870.79,225.01,55.94,97.38,56.5,-1,-1
222,-1,984.04,218.97,57.13,118.09,52.5,-1,-1
222,-1,1024.63,224.86,55.22,105.86,37.7,-1,-1
222,-1,983.2,219.19,80.55,115.87,28.1,-1,-1
223,-1,162.52,5.14,809.31,856.5,93.7,-1,-1
223,-1,1147.26,157.32,129.5,222.7,87.4,-1,-1
223,-1,983.86,218.86,56.57,118.1,57.0,-1,-1
223,-1,870.16,225.09,56.31,98.21,53.5,-1,-1
223,-1,1024.81,225.08,54.65,105.79,37.2,-1,-1
224,-1,152.37,5.18,820.59,857.56,93.0,-1,-1
224,-1,1146.59,157.19,129.54,224.25,87.6,-1,-1
224,-1,871.91,225.22,55.53,99.01,60.3,-1,-1
224,-1,983.9,219.01,57.51,117.23,59.9,-1,-1
224,-1,1025.16,224.97,53.46,105.21,33.9,-1,-1
225,-1,146.94,5.23,816.89,861.93,92.7,-1,-1
225,-1,1144.89,157.08,131.79,223.42,87.7,-1,-1
225,-1,983.2,218.16,61.26,119.12,68.4,-1,-1
225,-1,871.52,224.9,57.52,99.12,62.9,-1,-1
225,-1,1022.68,223.41,55.78,107.71,32.5,-1,-1
226,-1,143.64,5.16,818.23,866.47,92.6,-1,-1
226,-1,1144.39,157.07,131.3,222.92,86.9,-1,-1
226,-1,983.25,218.11,61.16,118.87,68.4,-1,-1
226,-1,871.35,224.99,57.33,99.36,63.4,-1,-1
226,-1,1023.32,223.61,54.58,107.25,32.1,-1,-1
227,-1,143.71,2.58,820.61,868.56,92.9,-1,-1
227,-1,1144.33,157.17,131.22,222.0,86.4,-1,-1
227,-1,982.29,217.37,61.98,119.65,67.4,-1,-1
227,-1,871.37,225.12,53.99,100.36,60.4,-1,-1
227,-1,1023.84,223.32,54.35,107.18,33.0,-1,-1
228,-1,140.72,5.18,809.43,873.02,93.4,-1,-1
228,-1,1144.17,157.9,131.32,222.08,86.3,-1,-1
228,-1,982.31,218.2,62.31,118.91,69.4,-1,-1
228,-1,871.65,225.53,53.24,101.77,59.9,-1,-1
228,-1,1024.15,223.9,52.35,105.99,30.2,-1,-1
229,-1,134.84,4.88,817.23,876.41,93.9,-1,-1
229,-1,1144.15,157.24,131.64,223.52,86.6,-1,-1
229,-1,982.61,217.87,62.47,119.98,70.4,-1,-1
229,-1,870.66,226.02,53.23,100.17,58.4,-1,-1
229,-1,1023.37,223.64,52.95,106.94,26.1,-1,-1
230,-1,122.44,4.98,821.15,870.03,94.5,-1,-1
230,-1,1143.2,158.21,131.95,222.66,86.6,-1,-1
230,-1,982.67,218.23,63.39,118.52,67.7,-1,-1
230,-1,871.11,225.03,53.3,100.09,60.0,-1,-1
231,-1,116.69,5.04,827.3,870.52,94.4,-1,-1
231,-1,1142.28,158.05,132.69,222.06,86.5,-1,-1
231,-1,982.72,218.63,61.51,117.26,66.6,-1,-1
231,-1,871.41,225.5,52.75,99.31,57.0,-1,-1
232,-1,109.71,5.1,825.77,873.47,94.6,-1,-1
232,-1,1142.38,157.98,132.09,221.51,86.1,-1,-1
232,-1,982.68,218.42,60.27,116.63,69.2,-1,-1
232,-1,870.98,224.69,52.68,98.34,58.7,-1,-1
232,-1,1023.67,224.62,52.32,105.04,30.7,-1,-1
233,-1,109.71,5.12,825.8,873.58,94.6,-1,-1
233,-1,1142.34,157.98,132.15,221.38,86.1,-1,-1
233,-1,982.77,218.47,60.07,116.58,69.5,-1,-1
233,-1,870.96,224.78,52.8,98.4,58.5,-1,-1
233,-1,1023.69,224.64,52.44,105.11,31.0,-1,-1
234,-1,103.88,4.92,828.07,876.81,94.7,-1,-1
234,-1,1141.97,157.87,131.45,221.54,85.2,-1,-1
234,-1,981.63,219.6,63.05,115.34,67.7,-1,-1
234,-1,871.23,225.6,51.31,96.7,59.8,-1,-1
234,-1,1023.25,225.09,53.11,105.21,29.5,-1,-1
235,-1,98.94,4.63,827.3,872.86,94.7,-1,-1
235,-1,1141.77,158.21,131.97,220.56,85.0,-1,-1
235,-1,982.79,219.19,61.18,115.85,66.8,-1,-1
235,-1,872.57,225.03,53.11,99.22,58.2,-1,-1
235,-1,1023.94,224.51,52.51,105.37,27.6,-1,-1
236,-1,95.95,4.65,830.74,874.13,94.6,-1,-1
236,-1,1143.59,156.18,132.16,222.51,85.7,-1,-1
236,-1,873.82,224.8,54.23,99.59,57.5,-1,-1
236,-1,985.77,218.16,60.76,117.54,57.2,-1,-1
236,-1,1012.1,223.47,67.32,107.92,25.6,-1,-1
237,-1,93.0,4.57,830.09,875.99,94.6,-1,-1
237,-1,1145.23,157.71,131.93,222.27,86.6,-1,-1
237,-1,874.13,225.92,53.24,98.32,58.8,-1,-1
237,-1,986.81,220.28,79.3,115.35,58.2,-1,-1
238,-1,90.78,4.63,824.07,874.87,94.8,-1,-1
238,-1,1146.73,157.52,130.91,221.28,86.1,-1,-1
238,-1,875.73,226.65,52.18,97.18,56.6,-1,-1
238,-1,987.53,220.31,72.47,114.44,52.3,-1,-1
239,-1,90.8,4.65,824.24,874.9,94.8,-1,-1
239,-1,1146.7,157.51,131.07,221.32,86.1,-1,-1
239,-1,876.17,226.72,52.12,97.11,58.1,-1,-1
239,-1,987.55,220.39,72.81,114.35,52.2,-1,-1
240,-1,82.74,4.57,832.74,875.99,94.1,-1,-1
240,-1,1145.91,157.24,131.88,222.16,86.6,-1,-1
240,-1,877.88,225.04,53.68,99.26,60.6,-1,-1
240,-1,988.24,220.6,73.59,114.56,50.4,-1,-1
241,-1,66.92,5.73,837.46,876.52,93.7,-1,-1
241,-1,1145.97,157.09,131.5,222.37,86.5,-1,-1
241,-1,877.79,225.1,54.39,99.59,59.1,-1,-1
241,-1,988.33,220.78,74.51,113.84,49.5,-1,-1
242,-1,54.36,5.4,834.81,879.18,93.2,-1,-1
242,-1,1146.01,157.68,131.07,224.1,87.1,-1,-1
242,-1,878.9,224.83,55.08,99.66,58.5,-1,-1
242,-1,988.61,221.13,76.67,114.54,42.4,-1,-1
243,-1,50.46,5.17,838.68,883.81,93.3,-1,-1
243,-1,1146.32,157.1,130.37,224.3,87.2,-1,-1
243,-1,879.25,224.97,55.14,98.98,62.7,-1,-1
243,-1,988.69,220.93,76.13,115.13,41.5,-1,-1
244,-1,45.52,4.51,814.48,882.17,93.4,-1,-1
244,-1,1146.74,156.58,130.23,223.73,87.2,-1,-1
244,-1,879.85,227.28,56.62,96.94,66.5,-1,-1
244,-1,988.99,221.01,79.41,115.14,42.3,-1,-1
245,-1,45.4,4.5,814.97,882.22,93.4,-1,-1
245,-1,1146.67,156.57,130.33,223.78,87.3,-1,-1
245,-1,880.12,224.94,55.15,99.3,65.2,-1,-1
245,-1,988.96,221.03,78.69,115.13,42.0,-1,-1
246,-1,39.12,4.56,824.8,882.61,93.5,-1,-1
246,-1,1146.2,155.79,130.29,224.16,86.8,-1,-1
246,-1,879.58,227.18,57.09,97.27,67.3,-1,-1
246,-1,989.42,220.84,76.77,114.94,42.7,-1,-1
247,-1,34.75,4.6,819.2,882.96,94.2,-1,-1
247,-1,1145.27,155.59,131.3,224.4,86.6,-1,-1
247,-1,879.71,227.0,56.54,96.81,68.3,-1,-1
247,-1,989.36,220.87,79.98,114.14,41.0,-1,-1
248,-1,33.53,4.6,826.99,877.66,94.1,-1,-1
248,-1,1145.29,155.18,130.67,224.56,86.3,-1,-1
248,-1,879.91,226.81,56.05,97.38,72.5,-1,-1
248,-1,990.02,221.5,85.32,114.17,51.5,-1,-1
249,-1,24.08,5.0,835.52,877.59,94.5,-1,-1
249,-1,1144.98,154.98,130.75,224.26,85.7,-1,-1
249,-1,879.92,226.48,55.65,97.53,75.0,-1,-1
249,-1,990.42,221.57,83.73,114.04,54.9,-1,-1
250,-1,16.44,4.82,849.63,877.59,94.4,-1,-1
250,-1,1143.86,155.03,131.59,223.98,85.9,-1,-1
250,-1,880.47,226.39,54.98,96.83,76.3,-1,-1
250,-1,990.69,221.5,82.42,114.37,57.3,-1,-1
251,-1,16.26,4.82,849.76,877.65,94.4,-1,-1
251,-1,1143.76,155.01,131.72,223.84,85.7,-1,-1
251,-1,880.56,226.38,54.82,96.75,76.7,-1,-1
251,-1,990.67,221.43,82.63,114.46,57.0,-1,-1
252,-1,11.52,4.82,846.49,882.99,94.8,-1,-1
252,-1,1144.73,154.99,131.2,223.77,86.0,-1,-1
252,-1,880.04,226.15,55.06,96.6,71.6,-1,-1
252,-1,991.54,221.48,83.64,113.65,52.6,-1,-1
253,-1,8.95,4.82,841.52,879.41,94.7,-1,-1
253,-1,1144.42,154.82,132.23,225.1,87.2,-1,-1
253,-1,881.04,225.0,53.58,98.65,73.7,-1,-1
253,-1,992.43,221.49,82.29,113.2,51.1,-1,-1
254,-1,6.43,4.86,831.52,878.72,94.9,-1,-1
254,-1,1144.79,154.86,132.01,225.05,87.2,-1,-1
254,-1,881.41,225.77,53.47,98.04,72.2,-1,-1
254,-1,992.29,221.01,73.87,113.19,47.1,-1,-1
255,-1,5.13,4.8,837.34,879.45,95.1,-1,-1
255,-1,1145.72,154.7,131.77,225.55,87.9,-1,-1
255,-1,882.66,226.37,52.7,97.7,73.3,-1,-1
255,-1,993.2,221.04,74.35,113.83,46.4,-1,-1
256,-1,4.35,4.7,835.05,879.23,95.3,-1,-1
256,-1,1146.8,154.72,131.78,223.99,87.4,-1,-1
256,-1,883.86,226.03,52.43,99.33,73.4,-1,-1
256,-1,994.12,221.37,75.04,113.22,38.5,-1,-1
257,-1,4.37,4.73,835.55,878.8,95.3,-1,-1
257,-1,1146.79,154.7,131.77,223.98,87.4,-1,-1
257,-1,883.86,226.0,52.49,99.27,73.5,-1,-1
257,-1,994.08,221.37,75.55,113.2,39.7,-1,-1
258,-1,3.53,4.62,833.15,878.26,95.4,-1,-1
258,-1,1148.0,155.02,131.17,224.32,87.4,-1,-1
258,-1,884.66,226.66,53.44,99.73,72.4,-1,-1
258,-1,995.06,220.92,77.79,113.84,43.6,-1,-1
259,-1,4.06,4.72,828.82,880.08,95.5,-1,-1
259,-1,1149.72,154.96,129.6,224.3,88.0,-1,-1
259,-1,885.27,226.45,54.02,99.05,76.3,-1,-1
259,-1,995.69,220.45,77.72,115.25,48.4,-1,-1
260,-1,3.85,4.74,827.1,878.04,95.1,-1,-1
260,-1,1150.91,155.37,128.81,225.09,88.1,-1,-1
260,-1,886.96,225.65,54.23,99.45,75.8,-1,-1
260,-1,996.87,220.11,81.56,116.37,49.7,-1,-1
261,-1,3.44,4.65,829.14,874.66,95.1,-1,-1
261,-1,1151.64,155.73,129.36,224.96,87.8,-1,-1
261,-1,889.38,226.06,54.12,101.0,78.3,-1,-1
261,-1,997.82,219.39,81.61,116.83,48.5,-1,-1
262,-1,3.44,4.69,827.66,876.3,94.9,-1,-1
262,-1,1153.09,155.74,129.31,224.62,87.7,-1,-1
262,-1,889.62,226.65,54.7,100.75,78.3,-1,-1
262,-1,998.81,219.22,76.55,117.26,45.1,-1,-1
263,-1,3.42,4.69,827.25,875.89,94.8,-1,-1
263,-1,1153.2,155.73,129.14,224.73,87.8,-1,-1
263,-1,889.65,226.45,54.7,100.91,79.1,-1,-1
263,-1,998.74,219.15,76.45,117.44,46.5,-1,-1
264,-1,3.09,4.56,823.28,877.99,94.9,-1,-1
264,-1,1154.24,155.97,129.57,223.44,87.9,-1,-1
264,-1,890.53,226.43,54.41,101.02,80.4,-1,-1
264,-1,1000.04,220.17,69.86,116.54,49.4,-1,-1
265,-1,2.7,4.53,827.12,881.35,94.9,-1,-1
265,-1,1155.99,154.62,129.08,224.01,87.7,-1,-1
265,-1,891.08,226.9,54.18,100.61,77.0,-1,-1
265,-1,1000.69,220.87,66.52,115.39,46.3,-1,-1
266,-1,2.53,4.62,825.65,880.38,94.9,-1,-1
266,-1,1158.43,154.56,129.06,224.84,87.7,-1,-1
266,-1,892.49,227.14,53.04,99.92,72.2,-1,-1
266,-1,1002.96,222.28,67.73,113.56,43.4,-1,-1
267,-1,2.28,4.59,824.85,881.56,94.9,-1,-1
267,-1,1159.76,154.11,128.76,224.62,88.4,-1,-1
267,-1,894.41,226.65,52.87,100.29,73.3,-1,-1
267,-1,1004.48,221.46,65.12,112.15,46.4,-1,-1
268,-1,2.56,4.57,826.78,882.29,94.8,-1,-1
268,-1,1161.18,153.92,128.22,225.15,89.0,-1,-1
268,-1,895.43,226.81,52.39,100.18,70.3,-1,-1
268,-1,1005.03,222.45,61.87,111.7,51.1,-1,-1
269,-1,2.28,4.58,825.65,881.56,94.8,-1,-1
269,-1,1161.33,153.97,128.43,225.3,89.1,-1,-1
269,-1,895.35,227.05,52.34,99.92,69.4,-1,-1
269,-1,1005.07,222.5,61.71,111.87,51.0,-1,-1
270,-1,2.81,4.54,825.76,882.69,94.9,-1,-1
270,-1,1162.83,154.05,128.16,224.86,88.7,-1,-1
270,-1,896.26,226.11,52.53,100.93,69.6,-1,-1
270,-1,1006.01,219.87,58.0,113.63,63.9,-1,-1
270,-1,1050.92,226.99,46.49,101.32,27.0,-1,-1
271,-1,2.05,4.58,828.71,881.57,94.5,-1,-1
271,-1,1164.27,154.7,127.26,223.9,85.9,-1,-1
271,-1,1007.28,219.35,53.89,114.04,68.6,-1,-1
271,-1,899.09,225.42,50.89,100.52,68.4,-1,-1
271,-1,1051.95,227.19,46.04,100.3,25.4,-1,-1
272,-1,1.14,4.74,828.24,874.17,94.5,-1,-1
272,-1,1163.71,153.57,127.52,223.71,86.3,-1,-1
272,-1,1008.78,218.48,52.65,116.26,75.1,-1,-1
272,-1,900.72,223.95,52.22,101.36,70.0,-1,-1
272,-1,1052.83,226.16,46.14,102.5,28.2,-1,-1
273,-1,0.95,4.84,827.25,873.46,94.3,-1,-1
273,-1,1163.95,153.83,129.44,222.01,85.9,-1,-1
273,-1,1009.75,218.46,51.82,115.48,73.8,-1,-1
273,-1,901.89,223.78,52.14,101.49,69.5,-1,-1
273,-1,1053.67,226.05,46.56,102.0,26.1,-1,-1
274,-1,1.23,4.91,822.91,869.78,94.2,-1,-1
274,-1,1164.45,152.83,130.58,223.65,85.7,-1,-1
274,-1,1010.49,219.05,52.58,115.47,72.4,-1,-1
274,-1,902.04,224.05,53.08,101.31,70.4,-1,-1
274,-1,1053.81,225.64,48.45,103.54,26.4,-1,-1
275,-1,1.41,4.91,822.5,869.4,94.2,-1,-1
275,-1,1164.39,152.81,130.7,223.74,85.8,-1,-1
275,-1,1010.46,219.09,53.24,115.47,71.2,-1,-1
275,-1,902.12,224.0,53.11,101.4,70.7,-1,-1
275,-1,1053.64,225.55,48.62,103.58,26.0,-1,-1
276,-1,1.39,4.76,823.64,870.42,94.5,-1,-1
276,-1,1165.81,152.9,130.33,223.51,86.5,-1,-1
276,-1,903.25,223.2,52.56,101.94,73.2,-1,-1
276,-1,1011.45,219.97,52.92,114.26,70.7,-1,-1
277,-1,0.76,5.96,811.72,868.09,94.6,-1,-1
277,-1,1168.02,153.47,129.41,222.63,85.9,-1,-1
277,-1,905.2,223.64,51.17,100.82,73.7,-1,-1
277,-1,1012.11,220.42,53.8,113.04,68.6,-1,-1
277,-1,1058.42,226.98,48.1,99.62,29.3,-1,-1
278,-1,2.13,4.97,817.39,869.37,94.5,-1,-1
278,-1,1169.26,153.76,128.35,222.21,86.4,-1,-1
278,-1,906.51,224.43,49.98,100.05,76.8,-1,-1
278,-1,1012.82,220.91,57.98,112.67,70.8,-1,-1
279,-1,0.0,6.04,802.0,866.39,94.6,-1,-1
279,-1,1169.56,154.79,128.65,220.85,85.5,-1,-1
279,-1,907.62,224.9,49.19,99.56,77.8,-1,-1
279,-1,1013.85,221.36,60.64,111.55,68.2,-1,-1
280,-1,0.49,5.99,808.94,861.34,94.4,-1,-1
280,-1,1169.96,155.34,128.88,222.3,86.1,-1,-1
280,-1,908.93,225.99,47.71,98.46,78.3,-1,-1
280,-1,1014.4,222.77,62.11,110.09,63.0,-1,-1
281,-1,0.62,6.0,809.95,861.95,94.4,-1,-1
281,-1,1170.05,155.34,128.82,222.44,85.9,-1,-1
281,-1,908.94,226.05,47.69,98.31,78.4,-1,-1
281,-1,1014.44,222.79,61.91,110.13,62.7,-1,-1
282,-1,1.55,4.96,804.91,864.28,94.3,-1,-1
282,-1,1170.01,155.71,128.96,222.63,86.5,-1,-1
282,-1,909.74,226.26,47.51,98.82,77.4,-1,-1
282,-1,1014.94,223.13,60.1,110.3,58.9,-1,-1
283,-1,3.55,4.97,824.86,866.7,94.3,-1,-1
283,-1,1170.04,156.13,129.64,220.84,86.1,-1,-1
283,-1,910.06,226.04,47.49,98.84,77.7,-1,-1
283,-1,1015.34,223.13,57.9,110.21,62.8,-1,-1
283,-1,1058.79,226.05,50.87,100.55,25.7,-1,-1
284,-1,3.47,5.11,816.42,864.91,94.5,-1,-1
284,-1,1170.93,157.0,129.73,220.78,84.7,-1,-1
284,-1,910.69,225.71,47.38,98.94,76.8,-1,-1
284,-1,1015.59,223.18,53.69,110.31,60.2,-1,-1
284,-1,1059.91,226.08,50.19,100.7,30.2,-1,-1
285,-1,1.65,5.99,815.61,858.88,94.6,-1,-1
285,-1,1171.53,156.95,129.31,220.9,84.7,-1,-1
285,-1,911.03,225.65,47.35,98.54,76.8,-1,-1
285,-1,1016.63,222.93,53.67,109.64,56.4,-1,-1
285,-1,1059.2,225.72,52.1,101.03,35.3,-1,-1
286,-1,5.75,5.28,807.4,859.27,94.8,-1,-1
286,-1,1172.36,156.87,130.52,222.8,84.8,-1,-1
286,-1,910.82,225.11,48.27,99.74,81.1,-1,-1
286,-1,1017.44,222.18,61.29,112.25,58.8,-1,-1
286,-1,1059.29,225.31,51.93,101.47,31.9,-1,-1
287,-1,5.53,5.21,809.75,855.72,94.9,-1,-1
287,-1,1171.25,156.06,131.44,222.26,83.9,-1,-1
287,-1,911.24,226.23,48.16,97.87,78.3,-1,-1
287,-1,1017.06,222.92,54.86,110.56,60.1,-1,-1
287,-1,1059.69,225.76,51.59,100.83,33.2,-1,-1
288,-1,7.89,5.3,824.3,864.18,94.7,-1,-1
288,-1,1172.16,155.62,131.04,222.43,85.1,-1,-1
288,-1,912.44,226.24,48.1,97.59,79.0,-1,-1
288,-1,1017.49,222.72,51.3,110.86,59.7,-1,-1
288,-1,1060.41,225.51,51.24,101.51,37.6,-1,-1
289,-1,8.45,5.28,825.73,863.31,94.7,-1,-1
289,-1,1172.75,156.0,131.27,221.89,85.5,-1,-1
289,-1,912.7,226.1,48.32,97.16,77.3,-1,-1
289,-1,1017.99,222.52,51.9,111.18,58.8,-1,-1
289,-1,1060.39,225.27,51.93,102.65,33.0,-1,-1
290,-1,8.82,5.11,829.91,867.44,94.6,-1,-1
290,-1,1173.16,155.79,132.14,222.44,85.3,-1,-1
290,-1,913.2,226.01,48.21,97.07,79.0,-1,-1
290,-1,1018.44,222.26,51.18,112.36,56.9,-1,-1
290,-1,1061.49,224.5,51.26,103.5,32.1,-1,-1
291,-1,11.02,4.94,829.42,877.03,95.0,-1,-1
291,-1,1174.57,155.74,132.6,222.89,86.0,-1,-1
291,-1,914.11,226.5,48.82,96.71,77.9,-1,-1
291,-1,1020.51,223.55,66.3,112.27,58.3,-1,-1
291,-1,1063.05,223.48,50.11,104.39,26.8,-1,-1
292,-1,10.67,5.07,830.31,871.45,95.0,-1,-1
292,-1,1175.88,156.27,132.0,221.69,86.1,-1,-1
292,-1,914.08,226.19,49.88,97.06,80.9,-1,-1
292,-1,1020.22,222.71,56.2,111.95,62.3,-1,-1
293,-1,11.03,5.05,829.74,870.33,95.0,-1,-1
293,-1,1175.86,156.27,132.19,221.82,86.1,-1,-1
293,-1,914.07,226.17,50.11,97.05,80.8,-1,-1
293,-1,1020.21,222.73,55.57,111.98,62.4,-1,-1
294,-1,15.28,5.03,829.42,872.5,95.0,-1,-1
294,-1,1176.93,156.29,130.99,222.34,86.4,-1,-1
294,-1,914.03,226.85,50.85,96.81,82.8,-1,-1
294,-1,1020.42,222.72,57.36,112.61,63.3,-1,-1
295,-1,14.82,4.93,827.11,874.8,95.2,-1,-1
295,-1,1179.32,155.41,129.6,223.66,87.0,-1,-1
295,-1,914.21,227.29,51.41,96.67,82.6,-1,-1
295,-1,1020.46,222.84,58.27,112.52,63.2,-1,-1
296,-1,18.78,4.86,825.33,875.75,95.0,-1,-1
296,-1,1179.69,155.15,129.36,223.76,87.1,-1,-1
296,-1,914.14,227.4,51.23,96.51,81.2,-1,-1
296,-1,1020.81,222.38,56.93,112.61,66.8,-1,-1
297,-1,21.32,4.82,817.2,876.6,95.0,-1,-1
297,-1,1179.89,155.31,129.49,224.36,86.7,-1,-1
297,-1,914.8,227.14,50.3,96.85,80.3,-1,-1
297,-1,1021.18,222.32,53.49,113.45,70.7,-1,-1
298,-1,20.77,4.71,823.48,878.79,95.3,-1,-1
298,-1,1180.41,155.65,129.49,224.74,86.5,-1,-1
298,-1,915.28,227.25,49.62,97.27,79.6,-1,-1
298,-1,1021.65,222.19,53.0,113.43,70.7,-1,-1
299,-1,20.85,4.74,822.85,877.41,95.3,-1,-1
299,-1,1180.32,155.63,129.56,224.62,86.7,-1,-1
299,-1,915.16,227.2,49.72,97.32,79.4,-1,-1
299,-1,1021.57,222.2,52.88,113.28,70.7,-1,-1
300,-1,25.91,4.79,819.21,876.83,95.4,-1,-1
300,-1,1181.26,155.64,129.32,224.61,88.2,-1,-1
300,-1,915.0,227.2,51.17,96.87,80.7,-1,-1
300,-1,1021.81,222.37,52.05,114.44,72.2,-1,-1
301,-1,26.47,4.72,818.91,877.19,95.3,-1,-1
301,-1,1181.74,155.93,128.72,223.67,88.4,-1,-1
301,-1,914.76,227.76,50.25,96.89,78.6,-1,-1
301,-1,1021.96,222.34,52.48,114.19,72.1,-1,-1
302,-1,27.46,4.71,812.67,877.16,95.1,-1,-1
302,-1,1184.16,156.76,126.47,222.89,86.7,-1,-1
302,-1,913.6,227.2,51.01,97.03,71.4,-1,-1
302,-1,1021.68,222.08,51.41,113.59,68.4,-1,-1
303,-1,32.31,4.98,809.02,874.95,94.6,-1,-1
303,-1,1185.36,157.31,126.4,223.3,86.6,-1,-1
303,-1,914.6,227.76,50.01,96.41,73.2,-1,-1
303,-1,1021.95,221.89,52.29,113.5,68.8,-1,-1
304,-1,31.5,4.79,815.03,874.76,94.4,-1,-1
304,-1,1186.1,157.55,125.9,224.43,86.3,-1,-1
304,-1,914.88,227.57,49.85,96.88,75.7,-1,-1
304,-1,1022.17,221.93,53.89,112.92,69.0,-1,-1
305,-1,31.45,4.78,815.67,874.54,94.4,-1,-1
305,-1,1186.17,157.57,125.98,224.8,86.4,-1,-1
305,-1,914.93,227.36,49.71,97.03,76.9,-1,-1
305,-1,1022.28,221.93,54.4,112.82,69.7,-1,-1
306,-1,35.67,4.79,827.02,871.66,94.2,-1,-1
306,-1,1185.34,157.24,127.39,225.08,86.9,-1,-1
306,-1,915.64,227.62,49.43,96.59,80.2,-1,-1
306,-1,1023.02,221.85,55.81,113.43,69.9,-1,-1
307,-1,35.86,4.84,834.81,872.47,93.9,-1,-1
307,-1,1186.86,158.1,126.45,224.9,86.8,-1,-1
307,-1,915.57,227.68,49.37,96.94,78.9,-1,-1
307,-1,1023.11,221.94,58.7,112.73,66.7,-1,-1
308,-1,36.13,4.97,828.6,870.27,93.5,-1,-1
308,-1,1186.27,158.79,127.26,222.88,86.5,-1,-1
308,-1,914.13,227.76,50.22,97.44,70.2,-1,-1
308,-1,1023.05,221.67,59.87,112.81,60.2,-1,-1
309,-1,42.28,5.11,815.81,867.66,93.5,-1,-1
309,-1,1186.42,158.8,127.45,222.43,86.6,-1,-1
309,-1,913.95,228.16,50.19,97.6,69.3,-1,-1
309,-1,1023.32,221.5,58.61,112.8,61.2,-1,-1
310,-1,41.79,5.03,825.34,866.64,93.8,-1,-1
310,-1,1184.21,158.59,130.62,222.21,86.7,-1,-1
310,-1,914.03,225.43,49.99,98.73,66.7,-1,-1
310,-1,1023.36,221.22,57.14,112.92,62.2,-1,-1
311,-1,42.45,5.04,824.71,866.71,93.8,-1,-1
311,-1,1184.71,158.7,130.33,223.06,86.7,-1,-1
311,-1,913.82,225.47,50.04,98.55,66.0,-1,-1
311,-1,1023.34,221.22,56.92,112.82,61.8,-1,-1
312,-1,42.68,5.15,828.85,866.08,93.8,-1,-1
312,-1,1184.96,158.19,130.34,223.46,87.0,-1,-1
312,-1,914.35,225.9,49.39,98.34,66.4,-1,-1
312,-1,1024.24,221.85,55.33,111.81,61.1,-1,-1
313,-1,47.14,5.16,833.13,865.59,93.6,-1,-1
313,-1,1184.8,157.56,130.92,223.85,87.5,-1,-1
313,-1,915.52,226.46,49.19,98.5,71.0,-1,-1
313,-1,1025.28,222.48,57.41,110.48,60.3,-1,-1
314,-1,47.18,5.17,832.97,865.49,93.6,-1,-1
314,-1,1185.52,157.53,130.34,223.99,87.6,-1,-1
314,-1,915.25,226.46,49.39,98.56,70.2,-1,-1
314,-1,1025.16,222.41,57.25,110.65,60.4,-1,-1
315,-1,48.07,5.25,823.46,864.42,92.8,-1,-1
315,-1,1187.0,157.23,129.32,223.52,86.7,-1,-1
315,-1,915.18,228.54,50.3,97.9,71.1,-1,-1
315,-1,1026.03,222.71,56.35,109.47,54.0,-1,-1
316,-1,50.65,5.35,833.68,865.14,93.6,-1,-1
316,-1,1188.62,158.65,127.45,221.71,86.7,-1,-1
316,-1,916.09,228.31,49.6,98.77,70.7,-1,-1
316,-1,1026.8,221.83,61.5,113.66,46.8,-1,-1
317,-1,51.03,5.34,834.24,865.14,93.5,-1,-1
317,-1,1188.89,158.77,127.39,221.86,86.6,-1,-1
317,-1,916.36,228.17,49.3,98.84,71.7,-1,-1
317,-1,1026.86,222.03,62.34,113.54,46.7,-1,-1
318,-1,54.04,5.3,837.28,864.67,93.3,-1,-1
318,-1,1189.38,158.8,127.66,221.29,86.0,-1,-1
318,-1,917.34,228.82,48.97,97.78,76.3,-1,-1
318,-1,1027.07,223.2,60.79,109.05,38.6,-1,-1
319,-1,57.6,5.34,834.94,865.29,93.6,-1,-1
319,-1,1189.15,158.89,129.56,221.16,86.0,-1,-1
319,-1,917.7,228.83,48.91,98.21,76.6,-1,-1
319,-1,1027.24,222.67,63.86,110.51,39.3,-1,-1
320,-1,62.54,5.47,824.7,867.0,93.4,-1,-1
320,-1,1189.52,158.76,130.01,220.96,85.7,-1,-1
320,-1,917.51,229.37,49.29,98.06,74.8,-1,-1
320,-1,1028.03,221.21,64.76,114.46,43.3,-1,-1
321,-1,64.47,5.7,828.0,865.82,93.5,-1,-1
321,-1,1191.57,158.99,129.63,221.79,85.6,-1,-1
321,-1,917.29,230.08,49.52,98.09,72.3,-1,-1
321,-1,1028.29,221.48,64.26,113.8,47.7,-1,-1
321,-1,1068.73,226.6,51.5,103.82,27.3,-1,-1
322,-1,67.33,5.58,832.2,869.88,93.1,-1,-1
322,-1,1192.95,159.19,129.02,222.15,85.4,-1,-1
322,-1,918.01,229.78,49.14,98.02,73.0,-1,-1
322,-1,1028.47,221.43,63.61,113.72,44.5,-1,-1
323,-1,67.38,5.6,832.46,869.5,93.1,-1,-1
323,-1,1192.98,159.16,129.1,222.39,85.5,-1,-1
323,-1,917.81,229.84,49.21,98.06,72.4,-1,-1
323,-1,1028.46,221.23,63.39,113.92,42.9,-1,-1
324,-1,74.03,5.7,826.51,871.72,93.3,-1,-1
324,-1,1192.87,159.82,129.68,222.67,85.9,-1,-1
324,-1,918.09,229.51,49.48,98.47,74.3,-1,-1
324,-1,1028.09,220.83,61.85,115.9,40.2,-1,-1
325,-1,77.5,5.71,825.97,864.24,93.8,-1,-1
325,-1,1192.7,158.99,130.34,224.0,86.9,-1,-1
325,-1,918.87,228.68,49.47,99.17,76.3,-1,-1
325,-1,1027.84,220.87,60.0,116.14,42.1,-1,-1
326,-1,84.73,4.79,823.66,860.36,93.3,-1,-1
326,-1,1192.94,159.41,130.62,223.39,86.9,-1,-1
326,-1,919.47,229.33,49.5,98.63,73.8,-1,-1
326,-1,1028.36,221.5,58.65,115.28,49.0,-1,-1
327,-1,86.42,4.8,820.28,860.06,93.6,-1,-1
327,-1,1193.69,159.83,130.43,222.09,87.0,-1,-1
327,-1,919.68,229.69,49.33,98.23,72.7,-1,-1
327,-1,1028.77,221.3,56.32,115.93,57.3,-1,-1
327,-1,1074.22,231.71,47.81,99.78,27.6,-1,-1
328,-1,88.53,4.79,832.73,858.69,94.3,-1,-1
328,-1,1194.28,160.17,130.12,221.55,87.1,-1,-1
328,-1,919.93,230.02,49.26,98.11,70.3,-1,-1
328,-1,1029.34,221.42,57.51,116.41,54.8,-1,-1
329,-1,88.55,4.77,832.41,858.91,94.3,-1,-1
329,-1,1194.26,160.2,130.14,221.47,87.1,-1,-1
329,-1,919.89,230.23,49.29,98.04,69.9,-1,-1
329,-1,1029.33,221.43,57.64,116.36,55.0,-1,-1
330,-1,91.9,4.85,816.03,852.32,94.2,-1,-1
330,-1,1194.79,160.79,130.14,220.5,88.0,-1,-1
330,-1,920.53,228.89,48.98,98.7,70.1,-1,-1
330,-1,1029.51,221.63,61.67,116.21,53.0,-1,-1
331,-1,93.89,5.01,799.12,849.28,94.3,-1,-1
331,-1,1195.89,160.71,129.46,219.06,86.9,-1,-1
331,-1,920.88,227.98,48.72,97.89,72.3,-1,-1
331,-1,1029.72,221.88,61.65,115.18,48.6,-1,-1
332,-1,96.21,4.97,799.25,850.14,94.8,-1,-1
332,-1,1197.12,161.11,128.22,218.07,85.9,-1,-1
332,-1,920.79,228.66,48.54,97.3,70.5,-1,-1
332,-1,1029.62,221.98,60.37,114.9,51.2,-1,-1
333,-1,96.15,4.97,799.58,850.24,94.8,-1,-1
333,-1,1197.2,161.2,128.1,217.83,86.0,-1,-1
333,-1,920.77,228.68,48.61,97.45,70.3,-1,-1
333,-1,1029.68,222.01,60.34,114.81,51.3,-1,-1
334,-1,101.61,5.11,819.51,855.21,95.2,-1,-1
334,-1,1197.66,161.43,128.1,218.16,86.5,-1,-1
334,-1,921.26,228.72,48.57,97.59,70.9,-1,-1
334,-1,1029.73,221.75,60.44,115.51,53.8,-1,-1
335,-1,104.03,5.15,820.18,855.59,95.4,-1,-1
335,-1,1197.04,159.42,129.74,220.57,85.9,-1,-1
335,-1,923.05,226.79,48.1,98.63,76.4,-1,-1
335,-1,1029.97,220.25,63.97,117.24,53.9,-1,-1
336,-1,104.95,5.0,802.54,851.01,95.6,-1,-1
336,-1,1197.39,158.57,129.85,219.55,86.1,-1,-1
336,-1,923.72,227.2,48.63,97.86,79.4,-1,-1
336,-1,1030.66,220.73,69.34,117.37,54.2,-1,-1
337,-1,105.99,5.09,822.92,847.54,95.5,-1,-1
337,-1,1198.24,159.18,129.96,221.1,86.3,-1,-1
337,-1,923.73,227.32,49.07,97.68,79.2,-1,-1
337,-1,1031.41,221.25,73.38,116.82,46.9,-1,-1
338,-1,108.12,4.81,817.76,847.92,95.4,-1,-1
338,-1,1198.93,159.83,130.67,221.16,86.6,-1,-1
338,-1,923.97,227.35,50.18,98.64,79.0,-1,-1
338,-1,1031.52,223.28,73.87,112.79,46.0,-1,-1
339,-1,109.8,4.55,802.72,848.54,95.6,-1,-1
339,-1,1199.28,159.84,131.33,221.62,87.0,-1,-1
339,-1,924.26,227.22,50.46,98.82,77.7,-1,-1
339,-1,1031.52,223.49,74.36,112.69,47.2,-1,-1
340,-1,112.29,4.85,829.5,852.9,94.7,-1,-1
340,-1,1199.11,160.36,132.72,220.55,87.2,-1,-1
340,-1,924.69,227.57,51.21,98.38,79.1,-1,-1
340,-1,1032.24,223.8,75.75,112.54,53.8,-1,-1
341,-1,112.27,4.85,829.82,852.86,94.7,-1,-1
341,-1,1199.51,160.32,132.38,220.57,87.2,-1,-1
341,-1,924.66,227.63,51.34,98.49,79.0,-1,-1
341,-1,1032.21,223.84,76.41,112.59,54.5,-1,-1
342,-1,114.26,4.98,833.15,855.65,94.8,-1,-1
342,-1,1199.41,160.14,133.2,220.72,87.0,-1,-1
342,-1,924.44,227.95,51.15,98.24,75.9,-1,-1
342,-1,1031.72,223.77,74.96,112.52,50.8,-1,-1
343,-1,120.09,4.8,826.2,854.39,94.6,-1,-1
343,-1,1200.93,159.28,132.82,221.9,87.4,-1,-1
343,-1,924.31,227.95,52.38,98.6,77.4,-1,-1
343,-1,1032.41,223.89,78.13,112.34,53.8,-1,-1
344,-1,123.84,2.4,813.24,853.79,94.5,-1,-1
344,-1,1202.22,158.73,132.25,222.42,87.6,-1,-1
344,-1,924.75,227.72,52.31,99.04,81.1,-1,-1
344,-1,1032.94,223.77,78.94,112.58,55.0,-1,-1
345,-1,127.54,2.29,820.29,854.18,94.4,-1,-1
345,-1,1202.9,158.79,131.66,222.16,87.7,-1,-1
345,-1,924.96,227.61,52.36,99.48,80.4,-1,-1
345,-1,1032.92,224.16,82.06,112.36,52.0,-1,-1
346,-1,129.23,2.52,823.87,854.95,94.2,-1,-1
346,-1,1204.46,160.19,130.64,221.62,88.3,-1,-1
346,-1,925.78,227.44,52.43,100.08,81.3,-1,-1
346,-1,1033.29,224.38,84.57,111.87,48.2,-1,-1
347,-1,129.11,2.57,824.41,855.24,94.1,-1,-1
347,-1,1204.55,160.19,130.43,221.6,88.4,-1,-1
347,-1,925.7,227.47,52.46,100.06,80.9,-1,-1
347,-1,1033.29,224.36,84.66,111.94,48.1,-1,-1
348,-1,131.37,2.28,822.44,853.6,94.2,-1,-1
348,-1,1205.52,160.85,130.71,221.67,88.4,-1,-1
348,-1,925.22,227.35,53.44,100.74,78.2,-1,-1
348,-1,1033.11,224.35,86.88,111.99,43.3,-1,-1
349,-1,132.35,2.02,837.46,851.44,94.3,-1,-1
349,-1,1206.27,160.21,130.87,220.78,87.6,-1,-1
349,-1,925.52,227.06,53.33,100.77,78.3,-1,-1
349,-1,1032.58,224.35,87.03,111.64,42.7,-1,-1
350,-1,139.24,1.98,829.47,850.12,94.4,-1,-1
350,-1,1207.73,160.54,129.47,220.23,87.6,-1,-1
350,-1,926.46,226.79,52.57,100.75,79.2,-1,-1
350,-1,1033.33,224.57,88.77,111.58,42.8,-1,-1
351,-1,143.54,5.15,824.84,856.64,94.1,-1,-1
351,-1,1208.76,160.6,128.62,220.8,87.4,-1,-1
351,-1,925.94,226.84,52.6,100.34,76.1,-1,-1
351,-1,1032.86,224.12,88.26,111.9,39.2,-1,-1
352,-1,147.55,5.08,825.57,857.83,93.9,-1,-1
352,-1,1208.78,160.13,128.59,220.69,86.9,-1,-1
352,-1,926.32,226.15,52.5,100.18,76.7,-1,-1
352,-1,1033.66,221.76,95.0,114.12,37.7,-1,-1
353,-1,146.82,5.06,827.55,857.92,93.8,-1,-1
353,-1,1208.79,160.16,128.53,220.77,86.9,-1,-1
353,-1,926.31,226.22,52.23,99.91,75.6,-1,-1
353,-1,1034.01,223.66,88.16,112.51,35.3,-1,-1
354,-1,151.71,5.27,835.55,851.67,94.2,-1,-1
354,-1,1208.69,159.86,129.2,221.96,86.9,-1,-1
354,-1,927.26,226.14,51.54,99.57,76.8,-1,-1
354,-1,1034.94,224.19,87.13,111.74,31.7,-1,-1
355,-1,160.27,5.15,807.73,854.84,93.8,-1,-1
355,-1,1209.02,159.25,128.59,222.15,86.8,-1,-1
355,-1,927.39,226.58,51.62,99.42,74.0,-1,-1
355,-1,1036.45,223.78,83.05,111.46,27.7,-1,-1
356,-1,157.93,5.3,842.63,851.86,94.2,-1,-1
356,-1,1209.35,159.48,129.06,222.19,86.7,-1,-1
356,-1,929.07,226.91,50.51,98.54,74.9,-1,-1
356,-1,1038.35,223.41,86.97,112.58,30.1,-1,-1
357,-1,167.88,5.12,831.58,855.45,94.5,-1,-1
357,-1,1208.77,159.69,131.07,221.8,86.7,-1,-1
357,-1,931.3,225.67,48.48,101.7,78.1,-1,-1
357,-1,1039.1,223.29,87.73,113.39,31.3,-1,-1
358,-1,185.31,4.89,803.82,858.89,94.0,-1,-1
358,-1,1208.86,161.4,132.82,220.78,85.9,-1,-1
358,-1,931.63,225.81,48.73,101.08,76.3,-1,-1
359,-1,185.44,4.88,804.41,859.39,94.0,-1,-1
359,-1,1208.85,161.4,132.93,220.8,85.8,-1,-1
359,-1,931.65,225.82,48.76,101.12,76.4,-1,-1
360,-1,186.9,4.66,800.6,859.58,94.1,-1,-1
360,-1,1209.53,160.05,133.4,219.42,84.8,-1,-1
360,-1,931.85,225.89,48.65,101.12,73.2,-1,-1
361,-1,188.71,4.51,816.89,856.54,94.5,-1,-1
361,-1,1210.33,158.73,134.17,220.44,84.7,-1,-1
361,-1,931.56,225.43,49.16,101.42,67.5,-1,-1
362,-1,194.6,4.83,826.93,856.57,94.6,-1,-1
362,-1,1211.59,158.15,134.01,221.41,85.9,-1,-1
362,-1,931.35,225.52,50.11,100.94,62.4,-1,-1
363,-1,199.09,4.8,828.46,857.61,94.8,-1,-1
363,-1,1211.77,158.78,134.71,221.51,85.7,-1,-1
363,-1,932.25,226.36,50.01,100.39,61.2,-1,-1
364,-1,203.23,4.79,818.47,853.63,95.5,-1,-1
364,-1,1212.04,159.32,134.76,219.97,85.2,-1,-1
364,-1,932.58,226.69,49.69,100.26,58.6,-1,-1
364,-1,1050.68,222.45,81.52,112.05,27.7,-1,-1
365,-1,203.21,4.81,818.35,853.35,95.4,-1,-1
365,-1,1212.39,159.3,134.64,220.22,85.3,-1,-1
365,-1,932.56,226.92,49.72,100.11,58.8,-1,-1
365,-1,1050.15,222.56,82.12,112.02,28.1,-1,-1
366,-1,208.58,4.98,808.58,853.1,95.4,-1,-1
366,-1,1215.65,159.36,132.84,220.26,84.1,-1,-1
366,-1,933.2,226.01,48.58,100.98,60.1,-1,-1
366,-1,1049.95,223.15,82.42,111.26,29.7,-1,-1
367,-1,212.21,4.98,803.8,857.17,95.2,-1,-1
367,-1,1216.25,159.56,132.65,218.89,83.3,-1,-1
367,-1,933.84,227.59,47.66,98.78,54.2,-1,-1
367,-1,1051.06,223.17,80.8,111.08,29.0,-1,-1
368,-1,218.74,4.94,791.33,851.56,95.5,-1,-1
368,-1,1215.76,159.67,134.0,218.29,82.1,-1,-1
368,-1,934.62,226.46,46.71,98.74,52.7,-1,-1
368,-1,1053.84,222.73,78.31,111.11,32.5,-1,-1
368,-1,1076.47,224.89,59.04,107.23,25.7,-1,-1
369,-1,225.54,2.7,818.09,851.3,94.7,-1,-1
369,-1,1214.76,160.16,135.73,217.7,80.9,-1,-1
369,-1,934.46,227.18,47.07,97.89,52.8,-1,-1
369,-1,1053.63,222.98,79.37,110.8,33.2,-1,-1
369,-1,1076.04,224.82,60.02,107.47,26.4,-1,-1
370,-1,230.88,2.49,817.23,853.33,95.0,-1,-1
370,-1,1218.04,159.58,132.96,219.67,81.9,-1,-1
370,-1,933.97,227.44,47.85,97.91,51.7,-1,-1
370,-1,1054.36,221.79,78.25,112.61,31.0,-1,-1
370,-1,1074.49,223.14,61.44,109.42,25.5,-1,-1
371,-1,230.75,2.44,817.32,853.56,95.0,-1,-1
371,-1,1217.47,159.58,133.57,219.59,81.3,-1,-1
371,-1,933.74,227.64,47.81,97.95,51.4,-1,-1
371,-1,1054.23,221.71,78.29,112.77,32.0,-1,-1
371,-1,1073.88,223.09,62.03,109.61,27.3,-1,-1
372,-1,237.91,2.76,811.13,850.61,94.9,-1,-1
372,-1,1217.4,159.54,134.53,220.85,80.6,-1,-1
372,-1,934.8,227.45,46.4,97.79,54.2,-1,-1
372,-1,1056.12,221.91,76.46,112.27,33.7,-1,-1
373,-1,240.17,2.28,813.26,847.92,94.8,-1,-1
373,-1,1218.67,159.89,133.29,220.98,83.4,-1,-1
373,-1,932.06,225.58,50.17,100.17,54.4,-1,-1
373,-1,1060.82,221.3,71.21,111.62,29.9,-1,-1
374,-1,238.9,2.71,814.89,845.21,94.5,-1,-1
374,-1,1218.31,159.69,131.2,222.24,82.8,-1,-1
374,-1,930.57,227.06,48.64,97.99,60.8,-1,-1
374,-1,1061.23,221.33,71.2,111.1,34.4,-1,-1
375,-1,241.42,2.99,816.71,846.91,94.5,-1,-1
375,-1,1216.29,159.52,130.43,220.28,85.9,-1,-1
375,-1,927.6,225.51,51.03,97.77,66.5,-1,-1
375,-1,1052.68,223.08,77.76,108.99,27.4,-1,-1
376,-1,241.15,3.02,817.25,847.09,94.4,-1,-1
376,-1,1216.35,159.6,130.01,219.82,86.2,-1,-1
376,-1,928.01,225.69,51.1,97.67,69.3,-1,-1
376,-1,1052.2,223.31,78.49,108.71,31.2,-1,-1
377,-1,240.57,2.81,821.53,849.91,94.2,-1,-1
377,-1,1212.93,158.11,128.97,218.99,88.1,-1,-1
377,-1,924.13,225.5,51.4,101.58,55.1,-1,-1
377,-1,1029.05,217.14,68.14,114.69,41.8,-1,-1
377,-1,1067.98,225.6,58.51,102.98,25.6,-1,-1
378,-1,241.8,2.9,823.37,850.12,94.2,-1,-1
378,-1,1210.36,159.42,129.26,219.1,87.9,-1,-1
378,-1,919.78,225.77,50.16,98.57,59.1,-1,-1
378,-1,1060.82,225.46,63.49,103.11,38.8,-1,-1
378,-1,1021.38,219.49,41.55,110.34,32.6,-1,-1
379,-1,244.49,2.95,824.83,847.4,94.0,-1,-1
379,-1,1210.82,159.47,128.92,220.15,88.8,-1,-1
379,-1,918.02,227.32,48.66,98.05,57.7,-1,-1
379,-1,1019.4,220.86,46.71,108.0,33.2,-1,-1
379,-1,1064.82,221.49,56.46,106.01,32.2,-1,-1
380,-1,247.12,2.65,826.08,848.11,94.2,-1,-1
380,-1,1209.74,159.65,130.04,220.1,87.9,-1,-1
380,-1,918.41,226.32,48.74,96.19,58.6,-1,-1
380,-1,1019.24,219.91,43.4,107.71,32.4,-1,-1
380,-1,1064.81,221.16,56.53,105.79,31.8,-1,-1
381,-1,249.88,5.12,847.5,848.4,94.0,-1,-1
381,-1,1208.9,159.38,129.93,220.09,87.6,-1,-1
381,-1,918.16,226.21,49.47,96.46,59.7,-1,-1
381,-1,1020.21,219.09,42.98,107.78,32.4,-1,-1
381,-1,1066.13,221.16,55.32,105.94,30.3,-1,-1
382,-1,256.32,5.12,847.66,844.4,94.5,-1,-1
382,-1,1209.9,158.42,128.91,221.49,87.2,-1,-1
382,-1,917.69,225.34,49.85,96.73,57.6,-1,-1
382,-1,1064.72,220.43,56.99,105.82,32.7,-1,-1
382,-1,1019.68,217.56,41.29,108.99,31.2,-1,-1
383,-1,256.46,5.04,847.42,844.08,94.5,-1,-1
383,-1,1210.36,158.37,128.5,221.55,87.3,-1,-1
383,-1,917.84,225.13,49.86,96.91,58.4,-1,-1
383,-1,1065.35,220.54,56.54,105.37,33.6,-1,-1
383,-1,1019.61,217.36,41.43,108.91,31.6,-1,-1
384,-1,264.88,4.73,832.34,852.33,94.2,-1,-1
384,-1,1210.66,158.01,128.17,219.72,87.5,-1,-1
384,-1,917.45,224.59,50.26,96.51,57.2,-1,-1
384,-1,1064.43,220.26,57.45,105.39,32.4,-1,-1
384,-1,1020.49,216.86,40.81,108.74,26.9,-1,-1
385,-1,273.33,4.62,828.22,853.29,94.5,-1,-1
385,-1,1208.42,159.26,129.75,219.49,87.9,-1,-1
385,-1,918.18,225.51,50.39,98.52,65.0,-1,-1
385,-1,1023.28,217.39,62.5,109.73,37.6,-1,-1
385,-1,1066.09,219.07,53.64,109.32,27.5,-1,-1
386,-1,283.98,4.0,817.09,851.41,94.9,-1,-1
386,-1,1207.93,158.69,127.64,219.54,87.5,-1,-1
386,-1,914.85,225.2,50.03,98.43,57.8,-1,-1
386,-1,1018.92,217.26,54.41,111.83,32.8,-1,-1
387,-1,266.91,4.53,837.91,842.79,94.6,-1,-1
387,-1,1206.28,158.13,127.58,220.5,88.5,-1,-1
387,-1,913.4,224.87,50.05,99.43,37.2,-1,-1
388,-1,273.11,4.26,826.47,853.67,94.4,-1,-1
388,-1,1203.8,159.93,124.9,217.73,87.3,-1,-1
388,-1,908.92,225.65,49.21,97.91,33.3,-1,-1
388,-1,1024.85,222.81,83.66,107.83,32.9,-1,-1
389,-1,273.48,4.16,826.02,854.18,94.3,-1,-1
389,-1,1204.01,159.89,124.5,217.49,87.3,-1,-1
389,-1,1023.37,219.17,86.47,112.17,35.9,-1,-1
389,-1,908.95,225.55,49.31,98.08,34.6,-1,-1
390,-1,264.9,4.95,844.12,843.57,94.4,-1,-1
390,-1,1199.06,160.47,125.95,217.55,86.1,-1,-1
390,-1,1021.02,222.28,84.69,108.57,34.4,-1,-1
390,-1,905.62,225.14,48.45,100.2,33.2,-1,-1
391,-1,266.1,4.84,844.04,846.5,94.4,-1,-1
391,-1,1195.23,162.16,127.66,216.65,84.8,-1,-1
391,-1,1011.31,218.48,71.31,116.31,36.7,-1,-1
391,-1,1019.66,220.43,80.31,110.26,27.4,-1,-1
392,-1,265.73,4.81,844.1,846.16,94.4,-1,-1
392,-1,1195.26,162.16,127.7,216.63,84.8,-1,-1
392,-1,1011.29,218.44,71.64,116.34,37.6,-1,-1
392,-1,1019.57,220.42,80.59,110.37,28.6,-1,-1
393,-1,265.11,4.97,847.16,847.99,94.0,-1,-1
393,-1,1192.12,161.3,128.26,217.03,84.0,-1,-1
393,-1,1010.14,217.74,69.61,115.92,28.8,-1,-1
393,-1,897.0,225.79,51.4,99.83,25.0,-1,-1
394,-1,262.66,5.32,846.95,849.38,94.1,-1,-1
394,-1,1186.85,160.06,125.62,217.54,82.4,-1,-1
394,-1,890.21,225.39,51.64,99.7,30.4,-1,-1
395,-1,263.86,5.12,845.19,849.34,94.0,-1,-1
395,-1,1185.81,159.62,127.64,217.53,82.6,-1,-1
395,-1,890.3,225.33,51.68,99.73,32.8,-1,-1
395,-1,1032.33,219.72,56.17,107.29,26.4,-1,-1
395,-1,1009.6,215.61,70.69,115.86,25.8,-1,-1
396,-1,263.08,5.33,844.22,849.61,94.1,-1,-1
396,-1,1182.54,159.77,128.76,217.28,83.4,-1,-1
396,-1,992.91,216.39,76.01,117.68,29.5,-1,-1
396,-1,889.6,224.01,50.54,101.72,27.0,-1,-1
397,-1,262.54,5.49,848.07,846.91,94.1,-1,-1
397,-1,1182.71,159.87,128.09,216.53,84.3,-1,-1
397,-1,887.98,226.41,50.43,98.72,41.0,-1,-1
397,-1,1003.71,219.69,78.08,111.33,30.8,-1,-1
398,-1,266.61,5.53,847.02,844.45,93.9,-1,-1
398,-1,1182.85,159.94,128.09,216.24,83.7,-1,-1
398,-1,887.91,226.57,50.49,98.74,37.6,-1,-1
398,-1,1005.55,219.2,77.21,111.1,32.5,-1,-1
399,-1,269.82,5.66,843.05,846.56,93.9,-1,-1
399,-1,1184.5,159.74,126.51,215.76,83.5,-1,-1
399,-1,1006.99,218.15,76.17,111.61,33.0,-1,-1
399,-1,888.61,224.42,50.05,101.04,31.0,-1,-1
400,-1,269.76,5.74,844.45,845.72,94.0,-1,-1
400,-1,1184.43,159.75,127.08,216.2,83.6,-1,-1
400,-1,887.85,226.09,51.8,99.25,34.3,-1,-1
400,-1,1006.47,218.54,76.13,111.25,31.1,-1,-1
401,-1,271.09,5.49,846.03,846.88,94.5,-1,-1
401,-1,1184.49,159.88,127.02,215.76,83.5,-1,-1
401,-1,887.88,226.24,51.71,99.16,38.3,-1,-1
401,-1,1006.37,219.08,76.5,111.66,33.2,-1,-1
402,-1,272.8,5.47,835.47,846.23,94.1,-1,-1
402,-1,1183.99,159.8,127.32,216.34,84.0,-1,-1
402,-1,887.82,227.06,51.57,98.61,37.7,-1,-1
402,-1,1009.02,219.21,74.02,111.26,32.1,-1,-1
403,-1,274.74,5.45,848.39,849.83,94.4,-1,-1
403,-1,1184.12,159.99,127.96,215.83,83.6,-1,-1
403,-1,887.85,226.37,52.23,99.1,29.9,-1,-1
403,-1,1009.44,217.94,73.15,112.42,29.9,-1,-1
404,-1,274.54,5.42,848.17,849.43,94.4,-1,-1
404,-1,1184.05,159.93,127.92,215.65,83.7,-1,-1
404,-1,1008.75,218.14,73.63,112.35,29.0,-1,-1
404,-1,888.0,226.5,51.97,98.87,28.3,-1,-1
405,-1,279.07,5.63,837.09,851.65,94.3,-1,-1
405,-1,1184.35,159.97,126.97,216.13,83.7,-1,-1
406,-1,279.06,5.55,839.66,852.16,94.3,-1,-1
406,-1,1183.96,160.06,127.11,215.69,83.5,-1,-1
407,-1,278.94,5.51,839.25,852.58,94.2,-1,-1
407,-1,1183.94,160.03,127.09,215.8,83.5,-1,-1
408,-1,278.88,5.54,841.26,849.1,94.1,-1,-1
408,-1,1184.01,159.48,127.0,216.8,83.3,-1,-1
409,-1,278.71,5.45,851.01,848.73,94.3,-1,-1
409,-1,1180.43,158.99,130.23,218.27,82.9,-1,-1
409,-1,885.57,225.0,49.51,99.74,27.9,-1,-1
410,-1,279.19,5.4,850.33,850.63,92.7,-1,-1
410,-1,1180.12,158.84,130.39,219.47,83.3,-1,-1
410,-1,885.22,224.94,49.71,99.33,25.5,-1,-1
411,-1,279.33,5.41,849.71,850.69,93.0,-1,-1
411,-1,1180.3,158.81,130.18,219.29,83.4,-1,-1
411,-1,885.22,224.83,49.77,99.4,25.9,-1,-1
412,-1,293.47,4.87,840.27,852.89,92.1,-1,-1
412,-1,1182.09,159.41,130.07,219.51,84.1,-1,-1
412,-1,1011.24,218.19,71.46,108.94,26.9,-1,-1
412,-1,886.16,225.25,48.37,99.03,26.2,-1,-1
413,-1,293.67,4.88,839.1,852.46,92.1,-1,-1
413,-1,1181.86,159.46,130.38,219.41,84.0,-1,-1
413,-1,1010.99,218.23,71.64,108.91,26.6,-1,-1
413,-1,886.06,225.29,48.45,99.0,26.0,-1,-1
414,-1,280.8,5.65,853.52,850.92,91.6,-1,-1
414,-1,1180.02,158.58,132.7,218.77,84.4,-1,-1
414,-1,1009.22,217.89,74.46,109.92,33.9,-1,-1
414,-1,886.48,225.33,48.62,99.47,32.8,-1,-1
415,-1,280.37,5.71,843.72,851.91,92.7,-1,-1
415,-1,1180.22,158.09,133.53,218.62,84.7,-1,-1
415,-1,886.21,225.4,48.64,99.7,32.4,-1,-1
415,-1,1009.12,217.9,74.49,110.22,32.4,-1,-1
416,-1,277.0,5.67,840.79,849.09,92.4,-1,-1
416,-1,1181.4,157.98,132.54,218.61,85.4,-1,-1
416,-1,1009.08,218.06,75.49,111.15,40.1,-1,-1
416,-1,886.69,227.23,49.23,97.89,36.7,-1,-1
417,-1,274.18,5.67,847.09,852.24,91.5,-1,-1
417,-1,1183.85,157.92,130.29,217.89,85.2,-1,-1
417,-1,1009.28,217.1,75.19,111.66,41.9,-1,-1
417,-1,886.83,226.86,49.14,97.52,36.0,-1,-1
418,-1,272.8,5.62,860.89,843.37,92.5,-1,-1
418,-1,1185.57,158.01,127.75,218.43,84.1,-1,-1
418,-1,1009.9,217.15,73.79,110.45,35.5,-1,-1
418,-1,886.46,227.28,49.24,97.06,34.4,-1,-1
419,-1,272.5,5.69,861.52,843.33,92.6,-1,-1
419,-1,1185.65,157.98,127.66,218.44,84.1,-1,-1
419,-1,1009.86,217.18,73.79,110.36,35.0,-1,-1
419,-1,886.44,227.22,49.32,97.1,34.7,-1,-1
420,-1,265.81,4.31,839.5,814.42,90.4,-1,-1
420,-1,1185.89,157.37,127.7,219.46,84.4,-1,-1
420,-1,886.29,228.14,49.99,96.8,39.6,-1,-1
420,-1,1009.59,217.96,73.97,110.34,37.2,-1,-1
421,-1,265.08,4.32,822.72,814.7,89.0,-1,-1
421,-1,1185.49,157.5,127.72,219.99,84.9,-1,-1
421,-1,886.33,227.71,50.41,97.43,44.4,-1,-1
421,-1,1008.88,218.19,74.9,110.47,40.3,-1,-1
422,-1,268.82,5.27,867.97,842.71,90.5,-1,-1
422,-1,1186.29,157.54,126.66,219.47,83.9,-1,-1
422,-1,885.78,227.34,50.44,97.78,38.4,-1,-1
422,-1,1010.22,218.18,73.84,109.34,36.2,-1,-1
423,-1,266.7,5.33,870.36,842.43,91.5,-1,-1
423,-1,1185.64,156.46,126.53,219.7,83.3,-1,-1
423,-1,1010.89,217.49,72.53,110.27,34.4,-1,-1
423,-1,885.51,227.92,50.39,97.73,31.6,-1,-1
424,-1,259.88,3.89,866.5,813.39,89.5,-1,-1
424,-1,1185.69,156.39,126.21,219.11,83.3,-1,-1
424,-1,1011.24,217.86,71.55,109.59,30.2,-1,-1
424,-1,885.03,228.09,50.72,97.83,26.4,-1,-1
425,-1,259.71,3.86,866.8,814.06,89.6,-1,-1
425,-1,1185.77,156.38,126.17,219.09,83.4,-1,-1
425,-1,1011.38,217.81,71.33,109.61,29.8,-1,-1
425,-1,884.59,227.79,51.1,97.27,26.4,-1,-1
426,-1,264.22,5.29,873.32,838.35,92.5,-1,-1
426,-1,1185.78,155.97,126.27,219.57,83.8,-1,-1
426,-1,1011.4,217.51,71.49,110.37,31.4,-1,-1
426,-1,885.11,227.56,50.7,98.46,26.6,-1,-1
427,-1,334.24,2.66,801.59,849.97,86.5,-1,-1
427,-1,1184.69,155.61,127.46,218.34,84.1,-1,-1
427,-1,255.52,3.99,798.93,701.41,42.1,-1,-1
427,-1,884.83,227.18,50.83,98.33,36.7,-1,-1
427,-1,1011.43,217.52,71.46,110.39,33.9,-1,-1
428,-1,259.5,5.02,868.63,846.63,90.5,-1,-1
428,-1,1184.48,155.06,128.06,219.64,84.2,-1,-1
428,-1,1010.75,218.01,71.95,109.2,35.2,-1,-1
428,-1,883.96,224.6,50.5,99.55,28.3,-1,-1
429,-1,252.67,3.44,877.05,826.99,87.2,-1,-1
429,-1,1184.74,155.1,127.21,220.36,84.5,-1,-1
429,-1,883.89,224.75,50.83,99.46,29.6,-1,-1
429,-1,1011.88,218.94,70.83,107.6,29.2,-1,-1
430,-1,250.41,3.49,873.43,823.07,88.6,-1,-1
430,-1,1182.98,155.38,130.31,219.68,85.1,-1,-1
430,-1,1010.83,219.4,72.2,107.24,31.6,-1,-1
430,-1,883.85,226.55,52.73,98.74,26.8,-1,-1
431,-1,250.71,3.47,874.0,823.83,88.7,-1,-1
431,-1,1183.1,155.33,130.29,219.71,85.0,-1,-1
431,-1,1010.74,219.38,72.12,107.38,31.3,-1,-1
431,-1,883.61,224.81,52.03,100.16,26.1,-1,-1
432,-1,248.73,3.18,880.64,826.11,89.2,-1,-1
432,-1,1182.89,155.1,130.78,219.57,84.1,-1,-1
432,-1,1010.13,219.8,71.66,107.51,26.4,-1,-1
433,-1,245.85,3.01,874.6,823.77,90.3,-1,-1
433,-1,1181.22,155.29,132.2,219.05,84.8,-1,-1
433,-1,1008.58,220.34,74.45,107.32,30.8,-1,-1
433,-1,883.34,224.49,51.01,99.57,27.3,-1,-1
434,-1,245.78,2.99,851.37,820.39,90.1,-1,-1
434,-1,1183.0,155.65,129.49,219.09,84.3,-1,-1
434,-1,1009.34,219.51,73.22,107.55,27.2,-1,-1
434,-1,883.08,223.98,51.22,99.74,26.8,-1,-1
435,-1,245.72,3.0,853.95,821.03,89.7,-1,-1
435,-1,1183.09,155.64,129.44,219.19,84.2,-1,-1
435,-1,1009.19,219.61,73.22,107.47,27.4,-1,-1
435,-1,882.99,224.02,51.26,99.72,26.4,-1,-1
436,-1,242.71,3.25,852.4,819.19,90.2,-1,-1
436,-1,1181.95,155.23,131.36,218.8,84.4,-1,-1
436,-1,1010.21,219.09,72.84,108.09,29.0,-1,-1
437,-1,239.95,2.83,851.0,820.4,90.2,-1,-1
437,-1,1182.77,155.01,130.43,218.89,84.4,-1,-1
437,-1,1009.67,219.45,75.31,107.81,34.8,-1,-1
437,-1,882.75,223.52,50.05,99.57,27.7,-1,-1
438,-1,238.36,3.15,871.32,820.11,90.4,-1,-1
438,-1,1183.05,155.18,130.39,219.01,84.0,-1,-1
438,-1,1009.19,218.35,75.79,108.83,34.2,-1,-1
438,-1,882.2,223.03,50.76,100.21,29.0,-1,-1
439,-1,235.55,3.14,878.97,829.0,89.2,-1,-1
439,-1,1183.51,154.76,129.98,219.44,83.9,-1,-1
439,-1,1007.01,218.28,78.93,109.53,38.0,-1,-1
439,-1,881.21,222.54,50.6,100.08,32.4,-1,-1
440,-1,223.6,3.2,881.13,829.1,91.8,-1,-1
440,-1,1183.93,155.47,129.6,218.7,83.0,-1,-1
440,-1,1008.43,216.91,77.96,110.06,39.8,-1,-1
440,-1,881.38,222.7,51.01,100.26,26.2,-1,-1
441,-1,221.33,3.16,884.07,837.71,92.3,-1,-1
441,-1,1185.16,155.61,128.72,217.65,82.8,-1,-1
441,-1,1007.25,216.88,79.02,110.6,42.3,-1,-1
442,-1,214.74,3.08,890.89,838.25,91.8,-1,-1
442,-1,1185.29,155.6,128.32,217.76,82.9,-1,-1
442,-1,1006.48,217.48,78.99,108.49,38.6,-1,-1
443,-1,214.47,3.08,890.63,837.83,91.8,-1,-1
443,-1,1185.16,155.61,128.59,217.81,83.0,-1,-1
443,-1,1006.44,217.51,79.02,108.64,39.6,-1,-1
444,-1,209.73,3.02,864.57,839.94,91.2,-1,-1
444,-1,1185.92,155.85,126.52,218.85,82.9,-1,-1
444,-1,1009.17,217.53,76.17,109.07,39.4,-1,-1
444,-1,880.22,221.98,50.85,99.65,31.1,-1,-1
445,-1,208.12,3.09,869.49,841.98,91.7,-1,-1
445,-1,1184.4,155.99,127.68,218.73,83.1,-1,-1
445,-1,1009.0,218.51,76.73,108.49,40.6,-1,-1
445,-1,880.39,222.87,50.7,98.81,33.2,-1,-1
446,-1,201.15,3.43,857.5,851.68,92.4,-1,-1
446,-1,1184.81,156.1,126.6,218.64,83.0,-1,-1
446,-1,1009.14,218.29,76.46,107.98,35.6,-1,-1
446,-1,880.17,222.42,50.3,98.76,33.4,-1,-1
447,-1,197.77,3.95,853.87,851.3,92.2,-1,-1
447,-1,1184.59,156.15,126.65,218.94,83.2,-1,-1
447,-1,1007.26,217.0,78.37,110.63,39.3,-1,-1
447,-1,880.48,223.26,48.74,98.16,37.4,-1,-1
448,-1,197.39,3.95,853.79,850.58,92.2,-1,-1
448,-1,1184.74,156.18,126.59,218.9,83.1,-1,-1
448,-1,1007.35,217.06,78.36,110.49,39.4,-1,-1
448,-1,880.29,223.22,48.88,98.1,37.4,-1,-1
449,-1,194.6,3.84,856.65,852.14,92.1,-1,-1
449,-1,1184.59,156.31,126.41,218.91,83.2,-1,-1
449,-1,1005.98,217.36,79.15,108.96,38.3,-1,-1
449,-1,879.88,224.08,49.52,96.7,38.3,-1,-1
450,-1,189.39,3.85,866.55,853.21,92.0,-1,-1
450,-1,1184.6,156.42,126.25,219.33,84.5,-1,-1
450,-1,879.69,225.13,49.23,96.0,43.3,-1,-1
450,-1,1005.11,218.04,80.29,109.18,39.0,-1,-1
451,-1,187.77,4.43,862.65,863.54,92.1,-1,-1
451,-1,1183.74,155.93,126.94,219.38,84.0,-1,-1
451,-1,879.07,227.42,47.85,94.15,39.9,-1,-1
451,-1,1007.74,217.81,77.12,108.41,32.4,-1,-1
452,-1,181.88,4.51,881.36,867.36,92.2,-1,-1
452,-1,1183.67,155.86,126.49,219.81,83.6,-1,-1
452,-1,880.41,224.77,48.69,94.69,38.7,-1,-1
452,-1,1006.59,221.1,79.63,104.45,29.8,-1,-1
453,-1,172.6,4.4,891.76,870.4,91.1,-1,-1
453,-1,1183.35,155.32,127.48,219.43,83.4,-1,-1
453,-1,879.7,228.15,48.28,93.66,47.2,-1,-1
453,-1,1007.21,221.24,79.61,104.85,34.9,-1,-1
454,-1,161.52,4.76,888.51,868.46,91.3,-1,-1
454,-1,1182.03,155.32,128.26,219.15,83.4,-1,-1
454,-1,878.81,227.54,48.71,94.28,49.4,-1,-1
454,-1,1004.7,220.79,82.58,105.6,42.4,-1,-1
455,-1,161.39,4.79,887.65,868.23,91.3,-1,-1
455,-1,1181.95,155.31,128.18,219.08,83.5,-1,-1
455,-1,878.67,227.55,48.71,94.29,49.4,-1,-1
455,-1,1004.24,218.62,82.32,108.42,43.4,-1,-1
456,-1,158.37,4.63,890.26,872.77,91.3,-1,-1
456,-1,1181.86,155.19,128.46,219.41,83.2,-1,-1
456,-1,877.74,227.76,48.37,93.99,47.1,-1,-1
456,-1,1004.49,221.09,82.59,105.06,41.4,-1,-1
457,-1,154.2,4.83,899.41,883.36,90.8,-1,-1
457,-1,1182.58,155.12,127.46,219.44,83.1,-1,-1
457,-1,878.88,227.35,48.42,94.18,49.2,-1,-1
457,-1,1003.81,221.12,83.67,105.0,43.8,-1,-1
458,-1,146.06,4.53,897.21,886.3,91.6,-1,-1
458,-1,1183.3,155.19,126.79,218.71,82.3,-1,-1
458,-1,878.52,227.25,47.81,93.94,47.1,-1,-1
458,-1,1004.48,221.94,82.61,103.93,32.5,-1,-1
459,-1,138.97,4.54,897.84,888.41,91.1,-1,-1
459,-1,1184.05,155.23,125.65,219.43,83.6,-1,-1
459,-1,877.81,227.04,47.7,94.78,45.2,-1,-1
459,-1,1004.29,221.23,82.79,104.83,33.2,-1,-1
460,-1,134.11,4.56,891.45,894.22,91.2,-1,-1
460,-1,1183.17,155.27,126.25,219.79,83.7,-1,-1
460,-1,877.92,227.24,47.54,94.96,45.5,-1,-1
460,-1,1004.29,221.55,82.87,105.08,38.6,-1,-1
461,-1,134.24,4.57,892.09,894.03,91.1,-1,-1
461,-1,1183.11,155.26,126.43,219.69,83.7,-1,-1
461,-1,877.97,226.94,47.59,95.07,45.9,-1,-1
461,-1,1004.24,221.5,82.95,105.18,38.9,-1,-1
462,-1,130.43,4.36,897.21,895.76,91.2,-1,-1
462,-1,1182.69,155.13,127.02,219.95,83.7,-1,-1
462,-1,877.62,226.83,47.42,95.17,46.9,-1,-1
462,-1,1004.19,221.53,82.64,105.35,40.3,-1,-1
463,-1,121.28,1.88,896.29,888.69,92.4,-1,-1
463,-1,1183.07,155.35,127.15,218.91,83.9,-1,-1
463,-1,876.66,227.64,47.11,94.94,46.3,-1,-1
463,-1,1004.86,222.01,81.83,104.86,35.6,-1,-1
464,-1,108.3,2.21,903.96,892.08,91.7,-1,-1
464,-1,1182.8,155.37,127.0,218.4,84.1,-1,-1
464,-1,875.61,226.97,47.4,94.63,46.6,-1,-1
464,-1,1004.6,221.35,82.12,104.95,39.3,-1,-1
465,-1,104.23,4.87,905.73,892.6,92.3,-1,-1
465,-1,1182.46,155.28,127.08,217.94,83.5,-1,-1
465,-1,875.49,226.91,47.39,94.33,49.1,-1,-1
465,-1,1005.41,220.95,81.06,105.52,37.5,-1,-1
