27,-1,574.22,544.6,18.15,41.85,26.4,-1,-1
57,-1,575.64,533.57,18.33,54.42,25.8,-1,-1
58,-1,1327.6,382.34,41.67,80.91,31.3,-1,-1
59,-1,576.11,533.47,18.13,52.42,26.2,-1,-1
84,-1,1314.48,384.33,44.25,77.71,26.5,-1,-1
85,-1,1318.22,377.81,48.36,85.26,45.7,-1,-1
86,-1,1318.19,377.86,48.34,85.23,45.8,-1,-1
87,-1,1318.91,375.16,49.01,87.57,42.2,-1,-1
88,-1,1318.01,374.72,49.4,87.9,36.9,-1,-1
89,-1,1318.83,377.15,48.66,85.17,26.9,-1,-1
96,-1,820.01,778.81,18.66,44.11,26.0,-1,-1
97,-1,821.61,776.39,21.49,46.87,38.1,-1,-1
97,-1,824.6,769.66,22.01,50.83,31.4,-1,-1
98,-1,821.61,776.39,21.49,46.87,38.1,-1,-1
98,-1,824.6,769.66,22.01,50.83,31.4,-1,-1
100,-1,822.46,780.03,16.59,42.32,27.1,-1,-1
101,-1,821.79,780.59,16.98,41.44,25.7,-1,-1
103,-1,828.17,776.79,17.24,42.77,30.3,-1,-1
104,-1,828.17,776.78,17.25,42.78,30.3,-1,-1
113,-1,258.94,762.56,22.54,52.93,34.1,-1,-1
114,-1,259.28,763.83,21.94,52.14,41.8,-1,-1
115,-1,259.06,762.38,22.43,53.52,40.5,-1,-1
115,-1,886.42,776.81,19.71,47.58,25.4,-1,-1
116,-1,259.06,762.38,22.44,53.52,40.6,-1,-1
116,-1,886.42,776.83,19.71,47.57,25.4,-1,-1
117,-1,257.77,759.77,24.05,56.75,38.2,-1,-1
118,-1,257.63,762.71,26.21,56.0,32.0,-1,-1
119,-1,257.54,761.57,25.96,57.0,28.6,-1,-1
120,-1,883.21,775.91,19.96,43.19,26.2,-1,-1
121,-1,256.8,763.39,35.34,55.66,25.4,-1,-1
122,-1,256.8,763.39,35.35,55.66,25.3,-1,-1
125,-1,583.16,529.15,20.61,54.59,28.1,-1,-1
125,-1,796.88,497.68,37.27,89.48,25.6,-1,-1
126,-1,882.92,774.64,18.12,44.46,25.4,-1,-1
127,-1,882.96,773.41,18.91,45.71,29.4,-1,-1
128,-1,882.96,773.42,18.91,45.71,29.4,-1,-1
129,-1,882.65,774.87,18.62,44.46,29.1,-1,-1
130,-1,882.65,775.34,18.17,44.17,29.0,-1,-1
130,-1,687.76,775.47,17.07,41.5,26.9,-1,-1
131,-1,250.74,739.69,43.63,79.86,30.2,-1,-1
131,-1,882.94,773.88,18.65,45.09,29.3,-1,-1
131,-1,587.97,531.92,19.6,47.83,27.7,-1,-1
131,-1,585.14,524.54,21.6,59.2,27.5,-1,-1
131,-1,687.73,775.55,16.72,40.91,25.6,-1,-1
132,-1,589.61,534.01,19.42,45.79,28.8,-1,-1
132,-1,882.5,772.45,19.28,46.57,27.4,-1,-1
132,-1,687.54,777.23,16.21,39.42,25.2,-1,-1
136,-1,588.98,529.98,21.07,49.99,31.5,-1,-1
137,-1,588.96,529.46,20.72,49.98,27.3,-1,-1
138,-1,687.73,777.43,17.44,39.97,27.8,-1,-1
142,-1,687.75,774.71,17.69,43.84,27.0,-1,-1
143,-1,689.57,774.88,17.88,43.84,27.2,-1,-1
144,-1,690.83,774.97,17.98,43.68,26.7,-1,-1
148,-1,1314.39,380.27,38.66,74.54,34.9,-1,-1
154,-1,1313.96,380.86,38.77,74.51,27.1,-1,-1
155,-1,1313.93,379.95,39.32,75.44,29.0,-1,-1
156,-1,1312.88,378.84,38.88,76.93,35.5,-1,-1
157,-1,1312.29,378.63,37.59,76.44,38.6,-1,-1
158,-1,1312.23,378.66,37.63,76.46,39.0,-1,-1
159,-1,1312.08,378.78,36.86,76.14,36.6,-1,-1
160,-1,1312.39,379.71,35.75,75.16,30.3,-1,-1
160,-1,800.85,480.75,49.88,103.8,27.0,-1,-1
160,-1,875.1,768.62,21.7,49.31,26.4,-1,-1
161,-1,1311.09,378.68,36.49,76.76,45.8,-1,-1
161,-1,805.64,496.72,46.3,88.34,30.1,-1,-1
162,-1,1309.47,378.37,38.89,77.88,54.4,-1,-1
162,-1,806.74,498.67,46.04,86.2,30.1,-1,-1
163,-1,1309.67,379.41,39.51,76.29,54.1,-1,-1
163,-1,617.7,518.8,23.67,64.38,41.9,-1,-1
164,-1,1309.58,379.43,39.59,76.35,54.2,-1,-1
164,-1,617.69,518.8,23.68,64.39,42.2,-1,-1
165,-1,1308.92,379.27,39.86,76.68,54.1,-1,-1
165,-1,617.96,518.03,23.34,65.24,44.5,-1,-1
166,-1,1308.28,381.09,39.87,74.48,50.0,-1,-1
166,-1,614.58,520.54,25.78,66.19,31.4,-1,-1
167,-1,1309.08,381.89,39.71,73.54,44.8,-1,-1
167,-1,614.46,521.14,26.06,66.18,29.4,-1,-1
168,-1,613.94,521.86,26.28,65.26,45.2,-1,-1
168,-1,1310.34,382.57,37.37,72.04,38.6,-1,-1
169,-1,614.63,523.6,24.99,63.1,47.2,-1,-1
170,-1,614.63,523.59,24.98,63.1,47.2,-1,-1
178,-1,616.37,525.05,22.71,59.17,33.9,-1,-1
190,-1,801.46,461.51,49.17,125.02,25.4,-1,-1
191,-1,450.23,770.37,24.26,50.73,31.3,-1,-1
192,-1,451.5,770.02,23.89,50.86,29.0,-1,-1
192,-1,1744.06,402.04,23.06,53.04,27.3,-1,-1
201,-1,792.34,488.47,56.87,100.46,28.4,-1,-1
202,-1,792.76,486.73,56.14,101.77,39.0,-1,-1
203,-1,792.44,486.31,54.79,101.83,37.4,-1,-1
204,-1,1301.09,382.13,30.7,67.1,28.3,-1,-1
205,-1,1299.32,380.24,32.03,70.48,35.1,-1,-1
206,-1,1299.31,380.28,31.99,70.45,34.8,-1,-1
207,-1,626.55,774.1,20.15,49.59,26.7,-1,-1
207,-1,1296.5,377.6,35.15,73.53,26.1,-1,-1
208,-1,1296.44,378.46,34.08,72.69,27.2,-1,-1
210,-1,597.05,523.98,22.25,62.37,42.2,-1,-1
219,-1,1289.5,379.41,38.47,73.03,31.3,-1,-1
220,-1,1289.93,380.68,38.47,71.71,25.5,-1,-1
221,-1,1290.33,380.21,36.98,71.35,33.3,-1,-1
222,-1,1290.7,381.21,36.15,70.32,35.5,-1,-1
223,-1,1291.08,381.21,38.17,70.43,39.2,-1,-1
224,-1,1291.14,381.16,38.14,70.47,39.3,-1,-1
225,-1,1295.08,384.26,35.0,66.7,37.5,-1,-1
226,-1,1280.48,381.77,33.43,74.49,37.3,-1,-1
226,-1,1287.16,380.95,38.01,74.44,37.0,-1,-1
226,-1,527.83,782.99,16.72,44.9,25.2,-1,-1
227,-1,1286.96,380.75,38.13,75.1,38.5,-1,-1
227,-1,785.01,436.91,58.96,153.06,35.5,-1,-1
227,-1,1279.65,381.54,37.16,75.06,33.8,-1,-1
227,-1,533.72,755.3,13.9,37.62,30.3,-1,-1
227,-1,528.0,772.83,16.87,54.0,29.4,-1,-1
228,-1,1283.93,380.17,38.48,77.07,50.0,-1,-1
228,-1,534.61,754.25,15.06,33.54,29.5,-1,-1
228,-1,527.83,772.9,16.94,53.96,28.8,-1,-1
229,-1,781.56,448.76,63.19,142.18,46.1,-1,-1
229,-1,534.86,751.39,14.26,32.4,34.0,-1,-1
230,-1,781.52,448.79,63.24,142.12,46.7,-1,-1
230,-1,534.88,751.44,14.26,32.39,33.9,-1,-1
231,-1,783.88,452.11,60.61,138.29,42.2,-1,-1
231,-1,535.35,753.37,13.82,36.01,27.4,-1,-1
232,-1,782.98,435.06,60.83,154.12,40.7,-1,-1
233,-1,783.34,444.67,60.22,145.09,39.1,-1,-1
234,-1,783.78,448.42,59.66,141.72,51.5,-1,-1
236,-1,786.51,443.27,55.56,145.78,25.3,-1,-1
240,-1,776.89,444.08,63.73,145.07,29.7,-1,-1
241,-1,79.62,475.77,22.65,49.18,27.4,-1,-1
242,-1,79.62,475.73,22.67,49.23,27.5,-1,-1
243,-1,776.49,459.02,64.36,130.46,26.6,-1,-1
246,-1,344.56,761.69,32.26,66.07,28.0,-1,-1
247,-1,701.99,781.61,15.36,42.11,26.9,-1,-1
248,-1,701.98,781.65,15.34,42.03,26.6,-1,-1
249,-1,1272.72,375.43,39.7,79.18,38.8,-1,-1
250,-1,1271.31,375.49,41.61,80.01,30.4,-1,-1
251,-1,788.23,440.33,51.42,145.01,30.6,-1,-1
251,-1,1271.06,375.78,37.66,79.84,28.8,-1,-1
252,-1,787.54,490.83,50.83,95.09,32.1,-1,-1
253,-1,786.44,494.86,50.81,91.22,51.6,-1,-1
254,-1,786.42,494.8,50.86,91.3,52.0,-1,-1
255,-1,789.63,444.31,50.13,141.51,31.4,-1,-1
256,-1,1266.51,374.91,42.64,80.09,34.0,-1,-1
259,-1,497.6,773.06,19.08,50.1,28.2,-1,-1
260,-1,497.59,773.0,19.09,50.16,28.2,-1,-1
261,-1,431.57,783.3,17.01,45.49,30.2,-1,-1
261,-1,496.05,773.29,18.13,49.87,29.9,-1,-1
262,-1,494.45,765.62,22.0,59.49,35.0,-1,-1
262,-1,428.89,781.9,18.24,47.28,29.5,-1,-1
263,-1,493.16,774.09,24.2,53.23,43.6,-1,-1
263,-1,428.45,779.82,19.94,48.58,32.9,-1,-1
264,-1,491.89,772.05,24.71,55.14,40.3,-1,-1
264,-1,621.11,536.23,20.73,54.18,28.2,-1,-1
265,-1,620.27,528.58,21.28,62.09,25.4,-1,-1
266,-1,620.28,528.88,21.23,61.81,25.2,-1,-1
267,-1,780.16,498.67,50.95,86.38,35.0,-1,-1
267,-1,620.38,529.06,20.9,61.19,25.4,-1,-1
268,-1,1651.16,391.18,31.86,63.95,41.1,-1,-1
268,-1,780.78,499.03,50.06,85.73,27.4,-1,-1
268,-1,1265.23,379.77,38.71,72.4,26.9,-1,-1
269,-1,621.01,531.33,19.75,58.76,32.3,-1,-1
269,-1,780.14,499.5,53.12,84.97,28.7,-1,-1
270,-1,620.71,525.15,20.68,65.53,30.1,-1,-1
271,-1,620.05,526.69,21.95,64.57,36.5,-1,-1
271,-1,779.14,499.32,43.19,83.74,25.7,-1,-1
272,-1,620.01,526.53,22.0,64.72,36.8,-1,-1
272,-1,779.18,499.32,43.15,83.74,25.7,-1,-1
273,-1,775.72,498.83,48.44,87.75,44.9,-1,-1
273,-1,619.66,526.61,21.64,64.41,43.2,-1,-1
273,-1,1266.97,379.66,35.37,75.19,30.1,-1,-1
273,-1,590.11,774.7,21.6,49.85,27.7,-1,-1
274,-1,619.24,524.63,22.11,65.64,55.5,-1,-1
274,-1,777.85,499.11,45.43,84.89,40.4,-1,-1
274,-1,1263.0,376.29,40.38,77.12,30.0,-1,-1
275,-1,620.25,528.76,20.71,61.57,51.8,-1,-1
275,-1,776.48,498.01,44.98,85.22,28.9,-1,-1
275,-1,1263.56,376.43,40.65,76.36,26.4,-1,-1
276,-1,618.84,526.02,22.47,66.31,38.6,-1,-1
276,-1,1261.42,378.19,39.94,75.41,27.2,-1,-1
277,-1,617.27,525.23,23.31,67.07,35.4,-1,-1
277,-1,767.54,495.17,55.92,92.8,27.9,-1,-1
277,-1,1260.09,376.87,40.78,75.96,25.9,-1,-1
278,-1,617.26,525.2,23.34,67.1,35.5,-1,-1
278,-1,767.58,495.21,55.87,92.74,29.1,-1,-1
278,-1,1260.12,376.83,40.72,76.01,26.0,-1,-1
279,-1,615.55,526.38,25.11,66.08,34.2,-1,-1
279,-1,766.6,495.79,57.29,94.22,27.1,-1,-1
280,-1,1256.78,342.38,44.85,112.85,36.3,-1,-1
281,-1,1259.33,357.95,41.85,96.45,28.7,-1,-1
282,-1,1258.18,351.2,42.56,101.54,30.2,-1,-1
283,-1,1258.03,366.59,41.49,86.54,38.8,-1,-1
283,-1,809.04,412.96,53.86,97.41,25.6,-1,-1
284,-1,1258.03,366.62,41.5,86.5,38.8,-1,-1
284,-1,808.95,412.95,53.93,97.43,26.0,-1,-1
285,-1,1256.78,362.48,41.06,90.05,25.7,-1,-1
286,-1,808.39,417.19,54.24,95.88,37.2,-1,-1
287,-1,806.42,414.22,56.59,101.11,43.1,-1,-1
287,-1,806.12,408.72,60.61,158.77,25.7,-1,-1
288,-1,806.85,417.58,55.82,97.61,31.2,-1,-1
303,-1,761.04,491.66,48.88,94.16,28.7,-1,-1
304,-1,1248.54,364.04,40.02,85.78,31.6,-1,-1
305,-1,1248.09,364.71,40.15,84.58,36.2,-1,-1
306,-1,761.06,493.0,46.29,93.7,34.1,-1,-1
309,-1,744.11,485.61,57.57,106.12,33.5,-1,-1
310,-1,742.41,489.77,59.64,102.89,43.3,-1,-1
312,-1,741.55,437.27,61.19,154.77,30.5,-1,-1
313,-1,740.98,439.22,62.35,152.82,35.8,-1,-1
313,-1,1247.33,367.21,37.0,82.45,28.4,-1,-1
314,-1,740.9,438.42,62.51,153.62,35.7,-1,-1
314,-1,1247.28,367.18,37.09,82.47,29.0,-1,-1
315,-1,291.27,433.34,47.35,97.13,25.9,-1,-1
322,-1,1237.14,360.65,43.42,88.51,27.4,-1,-1
323,-1,280.42,445.09,50.22,88.99,50.4,-1,-1
323,-1,280.06,408.44,49.57,125.21,38.0,-1,-1
323,-1,737.53,454.68,57.77,138.35,31.2,-1,-1
324,-1,282.63,440.29,46.47,92.01,57.9,-1,-1
324,-1,738.62,427.04,58.32,165.16,38.2,-1,-1
325,-1,280.96,442.5,46.87,88.87,41.4,-1,-1
325,-1,677.11,807.34,20.81,44.2,27.1,-1,-1
326,-1,280.97,442.45,46.89,88.86,41.8,-1,-1
326,-1,677.21,807.4,20.79,44.15,27.0,-1,-1
327,-1,283.02,438.96,42.44,91.83,41.2,-1,-1
328,-1,737.47,432.77,58.42,160.22,50.7,-1,-1
328,-1,282.75,435.64,42.8,95.49,39.8,-1,-1
329,-1,738.81,426.59,56.11,164.82,66.4,-1,-1
329,-1,279.8,438.26,42.61,92.29,54.5,-1,-1
330,-1,277.98,435.51,42.84,93.42,41.8,-1,-1
330,-1,735.73,426.18,55.17,165.08,40.4,-1,-1
331,-1,733.69,424.42,55.7,167.02,67.8,-1,-1
331,-1,271.03,436.59,46.71,91.73,47.9,-1,-1
332,-1,733.7,424.43,55.73,166.97,67.7,-1,-1
332,-1,270.9,436.57,46.83,91.75,47.4,-1,-1
333,-1,733.36,427.59,56.07,164.26,68.6,-1,-1
333,-1,269.6,441.32,48.69,89.88,59.0,-1,-1
334,-1,268.4,438.17,47.33,91.91,60.1,-1,-1
334,-1,736.53,437.45,51.55,149.87,25.4,-1,-1
335,-1,735.91,437.23,51.6,150.38,32.3,-1,-1
335,-1,264.86,440.3,50.88,89.11,29.7,-1,-1
336,-1,734.46,442.41,50.9,143.7,29.1,-1,-1
337,-1,528.76,773.72,15.44,32.27,37.3,-1,-1
338,-1,528.87,773.7,15.36,32.29,37.3,-1,-1
343,-1,426.24,804.57,21.5,54.29,28.1,-1,-1
344,-1,426.36,805.15,21.36,53.77,27.8,-1,-1
345,-1,256.92,432.82,51.58,99.63,27.2,-1,-1
345,-1,426.68,800.95,21.26,57.74,26.8,-1,-1
346,-1,720.39,427.39,57.1,173.57,39.2,-1,-1
346,-1,424.87,805.14,22.99,54.44,39.1,-1,-1
346,-1,255.93,432.77,48.08,99.94,35.0,-1,-1
347,-1,255.35,437.03,44.05,94.61,45.3,-1,-1
348,-1,254.44,442.47,46.17,89.22,50.8,-1,-1
349,-1,720.32,434.52,56.56,165.07,47.2,-1,-1
349,-1,254.82,440.31,44.18,91.79,43.3,-1,-1
349,-1,278.71,777.24,32.09,83.56,28.0,-1,-1
350,-1,720.3,434.42,56.58,165.14,47.6,-1,-1
350,-1,254.86,440.37,44.2,91.73,43.2,-1,-1
350,-1,278.86,777.73,31.88,82.95,27.3,-1,-1
351,-1,720.02,438.57,55.5,161.51,47.2,-1,-1
351,-1,251.0,440.46,46.55,92.67,45.0,-1,-1
352,-1,251.33,438.87,43.98,92.85,44.1,-1,-1
352,-1,718.75,442.22,55.99,158.64,41.0,-1,-1
353,-1,719.45,428.57,55.66,170.89,58.0,-1,-1
353,-1,248.52,440.28,42.78,90.8,34.6,-1,-1
354,-1,245.39,436.29,49.76,97.13,36.4,-1,-1
354,-1,716.44,410.0,57.45,189.45,26.8,-1,-1
354,-1,1225.51,368.61,33.13,78.18,26.7,-1,-1
355,-1,1628.63,391.62,28.26,57.62,27.3,-1,-1
355,-1,241.89,440.52,49.28,93.85,25.6,-1,-1
356,-1,1627.42,390.95,29.38,58.29,28.3,-1,-1
356,-1,241.89,440.62,49.21,93.75,26.0,-1,-1
357,-1,714.04,406.79,62.64,192.6,48.5,-1,-1
358,-1,715.51,417.12,57.1,183.09,60.2,-1,-1
358,-1,240.71,438.37,48.17,96.45,39.9,-1,-1
358,-1,710.06,462.25,63.44,140.22,32.7,-1,-1
359,-1,714.7,409.44,58.38,190.33,47.2,-1,-1
360,-1,714.55,410.19,59.5,187.13,64.3,-1,-1
361,-1,715.62,411.99,56.21,184.22,61.7,-1,-1
362,-1,715.63,412.01,56.17,184.2,61.7,-1,-1
363,-1,734.66,408.68,40.41,172.16,36.7,-1,-1
364,-1,714.24,412.62,60.17,185.5,47.9,-1,-1
365,-1,720.83,423.5,52.7,174.39,40.4,-1,-1
366,-1,721.6,418.72,52.38,179.1,41.3,-1,-1
366,-1,234.06,437.72,45.87,98.01,33.9,-1,-1
367,-1,718.87,418.4,56.47,182.74,34.8,-1,-1
368,-1,718.87,418.5,56.41,182.63,35.1,-1,-1
370,-1,230.38,437.84,46.67,96.42,43.7,-1,-1
370,-1,729.08,414.66,44.22,183.02,27.0,-1,-1
372,-1,731.63,422.4,43.4,174.24,27.8,-1,-1
378,-1,404.32,804.71,27.46,64.34,31.6,-1,-1
379,-1,403.87,796.32,25.65,70.28,52.5,-1,-1
380,-1,403.93,796.36,25.61,70.3,52.8,-1,-1
381,-1,207.18,437.62,54.22,98.32,40.4,-1,-1
382,-1,406.43,802.08,19.07,56.11,25.8,-1,-1
383,-1,206.95,433.37,53.49,102.98,38.7,-1,-1
383,-1,397.91,803.27,23.11,59.03,28.4,-1,-1
384,-1,208.25,428.5,51.51,106.21,28.5,-1,-1
385,-1,1201.23,358.92,38.53,89.1,42.9,-1,-1
385,-1,206.91,432.41,50.91,103.49,41.1,-1,-1
386,-1,1201.27,358.97,38.47,88.95,43.0,-1,-1
386,-1,206.93,432.27,50.87,103.67,40.8,-1,-1
386,-1,396.78,807.61,23.24,59.85,26.2,-1,-1
387,-1,1202.35,359.08,35.92,88.32,34.1,-1,-1
387,-1,207.64,437.55,47.5,96.34,33.7,-1,-1
387,-1,428.08,809.45,24.03,55.88,29.8,-1,-1
388,-1,689.15,407.89,66.74,188.49,43.4,-1,-1
389,-1,687.45,410.06,66.74,188.82,38.3,-1,-1
389,-1,1202.97,360.13,34.45,86.36,35.3,-1,-1
390,-1,201.2,440.16,47.48,94.01,39.3,-1,-1
390,-1,1200.89,359.53,36.56,86.9,27.7,-1,-1
391,-1,199.11,439.57,46.94,95.33,36.6,-1,-1
391,-1,1199.29,357.54,34.88,88.97,25.2,-1,-1
392,-1,199.13,439.64,46.84,95.27,37.1,-1,-1
392,-1,1199.18,357.63,35.15,88.92,26.6,-1,-1
393,-1,391.03,800.26,28.03,65.6,39.9,-1,-1
393,-1,1199.56,357.98,32.9,86.66,36.0,-1,-1
393,-1,195.7,437.46,51.26,99.38,30.6,-1,-1
394,-1,388.25,794.58,30.85,76.69,47.1,-1,-1
395,-1,1194.73,357.24,38.55,87.79,47.1,-1,-1
395,-1,195.87,438.81,45.07,95.06,28.5,-1,-1
396,-1,1194.35,358.37,37.67,87.24,37.9,-1,-1
396,-1,682.0,412.13,72.34,186.71,26.9,-1,-1
396,-1,197.11,436.68,42.84,96.31,25.1,-1,-1
397,-1,1197.23,361.91,34.83,83.01,34.2,-1,-1
398,-1,1197.19,361.88,34.88,83.03,34.5,-1,-1
399,-1,1195.43,359.52,36.62,85.0,43.8,-1,-1
400,-1,1191.12,358.82,39.74,85.85,50.1,-1,-1
401,-1,1188.57,358.01,41.81,86.56,48.6,-1,-1
402,-1,1192.64,361.32,38.2,83.08,46.5,-1,-1
402,-1,1182.67,361.14,39.47,83.75,34.4,-1,-1
403,-1,1191.09,359.11,38.78,86.14,30.6,-1,-1
403,-1,1180.9,357.87,44.38,87.8,29.3,-1,-1
404,-1,1191.06,359.14,38.82,86.13,30.6,-1,-1
404,-1,1180.9,357.9,44.43,87.77,29.1,-1,-1
405,-1,1181.23,357.36,41.86,87.86,42.0,-1,-1
405,-1,665.91,414.49,72.5,233.38,33.3,-1,-1
406,-1,659.08,414.88,79.84,231.9,33.7,-1,-1
406,-1,1196.69,362.52,32.51,81.79,27.8,-1,-1
406,-1,1757.56,355.93,38.37,76.39,26.7,-1,-1
407,-1,185.66,435.24,46.15,98.85,31.3,-1,-1
408,-1,185.71,434.64,44.93,100.96,35.4,-1,-1
408,-1,665.44,413.66,72.72,229.47,26.0,-1,-1
408,-1,1758.12,355.41,39.0,75.15,25.4,-1,-1
409,-1,669.9,408.39,68.6,238.6,49.6,-1,-1
410,-1,669.88,408.49,68.62,238.68,49.3,-1,-1
411,-1,671.22,412.31,64.97,191.94,33.6,-1,-1
412,-1,671.72,410.58,65.99,193.38,34.2,-1,-1
412,-1,581.34,364.64,19.89,49.22,25.1,-1,-1
413,-1,677.84,401.38,60.22,214.59,26.5,-1,-1
413,-1,174.03,433.9,53.5,100.92,25.3,-1,-1
414,-1,669.65,415.93,66.86,187.15,52.1,-1,-1
414,-1,174.86,438.99,48.12,93.19,34.6,-1,-1
415,-1,669.99,405.28,65.93,195.41,53.4,-1,-1
415,-1,171.16,435.21,50.13,95.74,27.4,-1,-1
416,-1,670.44,404.92,65.56,195.87,52.1,-1,-1
416,-1,170.97,435.15,50.25,95.77,26.1,-1,-1
417,-1,670.0,408.4,66.33,203.76,40.1,-1,-1
417,-1,507.73,817.78,19.06,54.9,27.4,-1,-1
418,-1,670.43,409.05,61.85,195.46,58.4,-1,-1
419,-1,668.47,410.75,61.24,192.02,61.4,-1,-1
419,-1,523.42,548.35,19.98,59.79,42.4,-1,-1
419,-1,166.28,405.63,50.92,129.22,27.1,-1,-1
420,-1,522.12,545.19,20.84,62.42,42.3,-1,-1
420,-1,670.86,415.36,58.3,179.9,37.2,-1,-1
421,-1,667.05,419.01,63.7,176.46,62.6,-1,-1
421,-1,498.16,825.46,19.85,47.35,30.3,-1,-1
422,-1,667.02,418.96,63.77,176.46,62.5,-1,-1
422,-1,498.15,825.46,19.86,47.37,30.2,-1,-1
423,-1,663.03,410.88,63.98,190.76,54.3,-1,-1
423,-1,1176.68,354.54,41.37,88.55,40.3,-1,-1
424,-1,1176.21,354.88,39.55,88.72,52.8,-1,-1
424,-1,665.31,404.6,61.02,197.82,51.6,-1,-1
424,-1,160.87,433.45,51.95,99.5,30.3,-1,-1
425,-1,665.2,420.04,59.62,182.31,57.3,-1,-1
425,-1,1172.59,353.28,42.29,88.38,27.5,-1,-1
426,-1,158.63,435.56,51.43,98.61,46.3,-1,-1
426,-1,663.74,411.13,57.99,190.39,36.8,-1,-1
426,-1,1167.87,355.61,34.09,89.08,29.5,-1,-1
426,-1,490.05,825.2,24.8,50.47,27.8,-1,-1
426,-1,1173.58,352.99,39.43,90.35,27.1,-1,-1
427,-1,666.17,407.73,57.88,191.41,44.0,-1,-1
427,-1,160.03,436.96,47.91,97.09,32.1,-1,-1
427,-1,1168.08,354.31,36.61,90.57,26.5,-1,-1
427,-1,1173.03,351.88,40.56,90.37,25.0,-1,-1
428,-1,666.18,407.7,57.87,191.44,44.0,-1,-1
428,-1,160.02,436.99,47.93,97.04,32.2,-1,-1
428,-1,1168.03,354.32,36.57,90.53,26.0,-1,-1
429,-1,662.03,417.8,58.82,184.2,64.3,-1,-1
429,-1,554.59,824.54,28.93,53.82,35.6,-1,-1
429,-1,158.38,435.67,48.37,99.0,25.3,-1,-1
430,-1,659.78,417.88,58.45,186.19,50.9,-1,-1
430,-1,156.8,436.68,47.82,97.32,37.8,-1,-1
430,-1,675.79,409.68,47.44,190.41,30.3,-1,-1
431,-1,660.79,412.17,61.45,195.8,41.1,-1,-1
431,-1,1166.64,353.41,41.56,89.3,35.6,-1,-1
431,-1,154.08,437.59,49.38,96.82,29.2,-1,-1
432,-1,661.09,408.0,57.87,209.08,47.6,-1,-1
432,-1,1165.94,353.73,41.89,89.04,33.6,-1,-1
433,-1,658.98,397.35,57.56,220.79,41.3,-1,-1
433,-1,1164.24,353.74,43.35,88.56,36.5,-1,-1
434,-1,659.02,397.49,57.49,220.06,41.3,-1,-1
434,-1,1164.26,353.95,43.31,88.39,36.8,-1,-1
435,-1,656.4,406.08,58.98,208.73,49.4,-1,-1
435,-1,1165.47,356.11,38.33,86.7,31.8,-1,-1
436,-1,654.16,401.91,64.94,207.4,57.2,-1,-1
436,-1,1163.63,357.88,36.82,86.28,33.1,-1,-1
437,-1,652.7,407.54,61.77,202.97,59.9,-1,-1
437,-1,1162.92,356.86,36.99,86.66,34.9,-1,-1
438,-1,652.83,405.8,61.15,238.34,48.8,-1,-1
438,-1,1162.79,355.57,36.97,88.1,32.9,-1,-1
438,-1,544.74,819.43,21.99,58.13,26.7,-1,-1
439,-1,649.75,404.26,63.46,246.23,45.1,-1,-1
439,-1,1159.39,354.67,37.09,89.39,37.0,-1,-1
440,-1,649.76,404.11,63.43,245.95,45.3,-1,-1
440,-1,1159.37,354.67,37.06,89.41,36.9,-1,-1
441,-1,651.39,402.54,61.49,253.53,48.1,-1,-1
441,-1,1158.64,354.59,36.5,89.12,41.7,-1,-1
442,-1,138.87,432.04,49.02,100.41,40.0,-1,-1
442,-1,1723.72,340.76,41.88,84.28,32.3,-1,-1
442,-1,649.26,402.98,61.05,239.77,29.1,-1,-1
443,-1,1726.57,342.03,38.71,82.11,47.2,-1,-1
443,-1,137.58,431.23,49.56,101.14,36.1,-1,-1
443,-1,646.81,402.81,62.79,207.16,33.0,-1,-1
443,-1,1157.26,354.1,31.79,88.5,32.2,-1,-1
444,-1,1728.02,348.89,35.05,75.1,38.0,-1,-1
445,-1,644.72,406.1,60.77,198.44,41.5,-1,-1
445,-1,138.4,439.08,46.7,93.34,32.9,-1,-1
445,-1,1727.39,339.88,36.79,84.43,32.3,-1,-1
446,-1,649.05,398.01,56.88,198.62,41.6,-1,-1
446,-1,138.44,439.09,46.69,93.34,33.2,-1,-1
446,-1,1727.4,339.77,36.79,84.55,32.2,-1,-1
447,-1,636.35,408.24,70.23,195.98,61.7,-1,-1
447,-1,1728.35,338.99,40.02,84.55,40.3,-1,-1
448,-1,1726.56,335.27,41.17,88.89,33.5,-1,-1
449,-1,1726.67,332.72,44.63,90.7,55.6,-1,-1
449,-1,639.14,412.72,63.72,189.25,52.2,-1,-1
449,-1,298.69,829.69,30.24,57.51,29.4,-1,-1
450,-1,633.73,414.14,70.97,188.98,61.3,-1,-1
450,-1,1729.92,336.16,41.07,87.76,40.9,-1,-1
450,-1,127.0,433.94,52.58,98.57,32.8,-1,-1
450,-1,291.78,829.17,37.66,59.26,29.1,-1,-1
450,-1,354.36,804.4,28.94,75.15,25.2,-1,-1
451,-1,633.5,410.46,70.05,192.07,55.1,-1,-1
451,-1,1734.55,357.64,31.92,67.08,29.4,-1,-1
452,-1,633.5,410.44,70.05,192.09,55.3,-1,-1
452,-1,1734.57,357.67,31.89,67.07,29.3,-1,-1
453,-1,636.18,409.17,66.87,193.27,62.1,-1,-1
453,-1,1731.73,355.13,32.31,69.07,27.3,-1,-1
454,-1,633.49,411.91,70.02,190.9,68.5,-1,-1
455,-1,630.58,408.36,71.93,194.88,68.4,-1,-1
456,-1,636.18,407.13,64.32,193.76,64.6,-1,-1
456,-1,341.76,828.07,27.59,55.54,28.9,-1,-1
457,-1,636.62,407.44,64.3,193.85,75.3,-1,-1
457,-1,1150.91,351.33,44.91,89.2,27.9,-1,-1
457,-1,1113.83,374.68,28.44,59.1,25.6,-1,-1
458,-1,636.62,407.46,64.34,193.77,75.2,-1,-1
458,-1,1150.98,351.35,44.88,89.11,27.8,-1,-1
458,-1,1113.85,374.67,28.45,59.06,25.6,-1,-1
459,-1,636.8,406.74,62.52,197.83,57.4,-1,-1
460,-1,636.65,405.06,60.51,197.03,57.0,-1,-1
460,-1,1148.42,351.39,41.03,90.4,43.1,-1,-1
461,-1,634.91,405.93,61.68,198.62,56.4,-1,-1
461,-1,1147.37,349.01,41.43,92.64,43.4,-1,-1
461,-1,395.26,816.62,27.38,60.99,36.9,-1,-1
462,-1,630.49,410.87,67.2,197.33,54.1,-1,-1
462,-1,1144.5,344.4,44.72,96.73,53.5,-1,-1
462,-1,396.58,824.12,21.97,53.98,25.2,-1,-1
463,-1,1146.52,348.22,41.06,93.39,47.0,-1,-1
463,-1,626.4,402.11,73.82,221.63,28.9,-1,-1
464,-1,1146.47,348.22,41.08,93.42,46.9,-1,-1
464,-1,626.4,402.09,73.83,221.82,28.8,-1,-1
465,-1,624.01,403.74,73.21,211.01,44.0,-1,-1
465,-1,1148.08,346.13,39.22,94.66,36.5,-1,-1
466,-1,1140.08,342.84,49.78,97.29,56.4,-1,-1
466,-1,626.63,400.07,71.55,227.29,34.7,-1,-1
466,-1,107.76,429.04,56.99,105.07,25.1,-1,-1
467,-1,613.19,403.68,86.66,255.56,57.6,-1,-1
467,-1,1140.0,346.98,49.19,92.31,52.9,-1,-1
468,-1,1138.07,344.61,43.97,92.62,46.5,-1,-1
468,-1,625.68,402.92,72.4,239.97,39.2,-1,-1
469,-1,1140.18,346.85,42.8,91.22,51.6,-1,-1
469,-1,630.4,413.51,65.2,200.03,34.5,-1,-1
470,-1,1140.15,346.83,42.84,91.24,51.8,-1,-1
470,-1,630.37,413.48,65.23,200.02,34.6,-1,-1
471,-1,1137.44,349.09,45.31,89.21,54.4,-1,-1
471,-1,1497.53,368.62,34.05,65.62,32.3,-1,-1
472,-1,1138.2,345.25,47.78,93.2,54.2,-1,-1
472,-1,1497.27,366.08,34.19,68.38,26.7,-1,-1
473,-1,94.81,423.41,59.72,109.71,39.6,-1,-1
473,-1,1252.23,336.43,33.68,70.58,31.5,-1,-1
473,-1,1141.04,349.39,43.66,90.79,27.1,-1,-1
474,-1,96.75,419.45,52.41,112.15,34.3,-1,-1
474,-1,1139.6,344.23,43.76,93.26,27.3,-1,-1
475,-1,96.19,417.78,48.46,113.38,39.8,-1,-1
476,-1,96.2,417.81,48.44,113.36,39.8,-1,-1
477,-1,95.09,418.63,50.07,112.25,36.7,-1,-1
480,-1,91.9,415.26,49.52,115.51,31.3,-1,-1
481,-1,1116.19,361.02,25.54,73.99,39.2,-1,-1
482,-1,1116.17,361.01,25.52,74.0,39.5,-1,-1
483,-1,616.29,406.41,70.69,194.66,25.1,-1,-1
484,-1,616.61,398.77,67.72,201.89,31.8,-1,-1
485,-1,615.06,396.75,69.53,211.04,34.5,-1,-1
486,-1,612.76,391.49,69.94,218.71,39.8,-1,-1
486,-1,1119.14,351.95,41.48,85.41,27.4,-1,-1
487,-1,610.56,403.32,68.51,204.41,63.3,-1,-1
488,-1,610.58,403.36,68.49,204.37,63.4,-1,-1
489,-1,612.67,402.81,67.03,211.21,44.1,-1,-1
490,-1,611.23,401.59,65.56,214.79,37.4,-1,-1
491,-1,612.73,402.41,62.43,208.54,38.3,-1,-1
492,-1,611.57,405.03,64.28,203.88,49.1,-1,-1
492,-1,1119.41,343.13,45.45,91.15,41.3,-1,-1
493,-1,610.94,399.87,62.82,207.45,41.0,-1,-1
493,-1,1123.04,345.5,40.67,88.11,36.6,-1,-1
494,-1,610.96,399.78,62.8,207.5,41.3,-1,-1
494,-1,1123.09,345.56,40.61,88.07,37.5,-1,-1
495,-1,1123.2,341.36,40.4,92.89,49.2,-1,-1
496,-1,599.33,410.05,73.66,199.45,46.8,-1,-1
496,-1,1124.35,347.39,40.11,86.83,40.6,-1,-1
498,-1,597.88,404.78,71.88,203.53,29.0,-1,-1
499,-1,600.06,393.12,70.06,216.6,35.3,-1,-1
500,-1,599.99,393.13,70.13,216.61,35.3,-1,-1
501,-1,593.99,418.26,74.43,193.58,51.1,-1,-1
501,-1,1118.01,339.53,40.94,96.84,28.2,-1,-1
502,-1,594.42,416.19,74.13,194.26,63.9,-1,-1
502,-1,1118.38,343.65,40.84,91.46,36.2,-1,-1
503,-1,1115.64,345.6,42.8,89.43,53.3,-1,-1
503,-1,598.73,406.7,68.93,203.92,49.1,-1,-1
504,-1,1115.22,345.5,42.24,88.49,53.0,-1,-1
505,-1,1117.52,340.02,40.61,92.65,38.4,-1,-1
505,-1,596.37,402.64,70.47,208.75,29.3,-1,-1
506,-1,1117.52,339.89,40.65,92.75,38.3,-1,-1
506,-1,596.37,402.69,70.47,208.7,29.3,-1,-1
507,-1,594.81,405.03,71.83,205.93,42.0,-1,-1
510,-1,594.25,405.98,71.85,207.4,33.7,-1,-1
510,-1,1119.67,337.16,37.99,95.13,32.9,-1,-1
511,-1,596.62,395.98,67.86,210.58,51.4,-1,-1
511,-1,1117.72,338.06,39.43,95.45,42.1,-1,-1
512,-1,596.65,395.87,67.86,210.72,51.6,-1,-1
512,-1,1117.82,338.11,39.27,95.15,42.4,-1,-1
513,-1,595.5,402.22,68.45,199.46,49.0,-1,-1
513,-1,1118.44,340.08,35.36,90.26,25.3,-1,-1
514,-1,596.39,395.1,66.31,206.04,49.9,-1,-1
514,-1,1114.44,335.76,40.08,96.09,39.6,-1,-1
515,-1,593.72,395.89,70.2,208.57,55.6,-1,-1
515,-1,1111.59,334.99,42.24,97.75,30.6,-1,-1
515,-1,510.96,846.87,20.31,54.97,30.0,-1,-1
516,-1,587.73,402.95,70.53,202.03,77.0,-1,-1
516,-1,1104.55,336.69,48.23,95.1,32.7,-1,-1
517,-1,588.34,402.91,69.62,203.0,51.0,-1,-1
518,-1,588.35,402.85,69.6,203.05,51.1,-1,-1
519,-1,594.57,385.33,64.97,215.54,33.2,-1,-1
520,-1,587.9,400.13,69.57,204.15,51.6,-1,-1
520,-1,1106.48,332.57,44.76,100.54,34.7,-1,-1
520,-1,795.29,833.58,19.44,60.76,25.7,-1,-1
521,-1,583.07,400.57,73.86,205.48,46.4,-1,-1
522,-1,585.7,396.96,70.86,206.94,65.6,-1,-1
522,-1,1101.12,336.46,48.33,97.35,32.2,-1,-1
523,-1,585.11,396.26,71.83,207.85,36.8,-1,-1
523,-1,1102.23,336.43,49.36,96.66,33.5,-1,-1
524,-1,585.11,396.29,71.84,207.83,36.7,-1,-1
524,-1,1102.22,336.43,49.38,96.64,33.5,-1,-1
525,-1,585.24,389.14,70.35,213.72,42.7,-1,-1
525,-1,1102.54,335.89,48.25,96.11,36.1,-1,-1
526,-1,580.87,387.26,74.31,216.27,31.2,-1,-1
526,-1,1101.14,338.26,46.09,94.6,28.1,-1,-1
527,-1,584.02,394.78,69.23,211.86,39.5,-1,-1
527,-1,1097.4,336.43,51.98,97.87,35.2,-1,-1
528,-1,1098.08,334.63,52.15,99.49,39.0,-1,-1
528,-1,565.32,390.91,88.54,214.46,26.6,-1,-1
529,-1,404.83,859.02,21.77,51.01,50.3,-1,-1
529,-1,1097.28,334.46,53.01,97.06,34.1,-1,-1
529,-1,401.65,855.44,21.39,50.51,26.0,-1,-1
530,-1,404.82,859.01,21.77,51.03,50.4,-1,-1
530,-1,1097.29,334.3,53.04,97.21,33.8,-1,-1
530,-1,401.65,855.41,21.45,50.58,26.1,-1,-1
531,-1,1101.16,339.39,47.26,91.43,35.7,-1,-1
531,-1,408.39,861.47,19.77,46.99,30.4,-1,-1
532,-1,1096.08,336.54,50.4,93.37,45.7,-1,-1
532,-1,407.31,860.37,20.68,48.72,27.4,-1,-1
533,-1,407.75,857.55,19.96,48.6,30.9,-1,-1
533,-1,1096.85,338.16,48.76,90.75,29.6,-1,-1
534,-1,406.86,855.09,21.37,52.41,33.8,-1,-1
534,-1,1099.03,339.19,42.33,90.99,31.2,-1,-1
534,-1,239.73,850.7,27.25,51.73,25.1,-1,-1
535,-1,681.38,842.67,18.36,51.75,35.5,-1,-1
535,-1,237.62,843.38,29.71,58.44,25.5,-1,-1
536,-1,681.38,842.63,18.36,51.8,35.5,-1,-1
536,-1,237.62,843.41,29.7,58.4,25.5,-1,-1
537,-1,680.85,844.26,18.29,50.65,37.8,-1,-1
538,-1,328.1,831.93,26.73,75.8,43.5,-1,-1
538,-1,576.28,418.8,62.59,179.52,31.2,-1,-1
538,-1,680.78,843.26,18.3,52.3,26.5,-1,-1
539,-1,323.07,828.92,31.09,76.97,38.3,-1,-1
539,-1,3.17,185.58,75.33,347.03,29.7,-1,-1
540,-1,2.06,124.38,75.24,409.18,33.0,-1,-1
540,-1,573.21,403.6,61.17,197.39,29.6,-1,-1
540,-1,328.05,830.8,26.21,73.45,28.0,-1,-1
540,-1,5.32,323.94,71.14,207.95,26.3,-1,-1
541,-1,6.07,393.7,68.71,138.72,33.5,-1,-1
541,-1,2.96,284.55,72.79,249.89,31.9,-1,-1
541,-1,572.93,405.59,62.32,192.58,28.2,-1,-1
542,-1,6.08,393.73,68.7,138.69,33.5,-1,-1
542,-1,2.97,285.78,72.78,248.67,31.9,-1,-1
542,-1,572.86,405.5,62.42,192.65,28.8,-1,-1
543,-1,391.28,852.86,23.22,53.89,40.8,-1,-1
543,-1,571.93,409.7,61.72,187.33,32.0,-1,-1
543,-1,822.77,834.45,26.23,61.66,29.5,-1,-1
543,-1,7.02,227.39,64.99,305.02,28.6,-1,-1
543,-1,826.23,829.26,19.31,57.96,27.6,-1,-1
543,-1,3.54,84.84,69.65,450.25,27.1,-1,-1
544,-1,821.55,831.14,30.58,65.13,40.9,-1,-1
544,-1,8.72,424.51,60.16,108.0,40.1,-1,-1
544,-1,391.27,844.68,25.01,64.51,34.9,-1,-1
544,-1,395.58,830.79,19.45,71.58,27.5,-1,-1
545,-1,390.86,838.45,24.06,70.42,45.7,-1,-1
545,-1,5.34,391.2,63.96,142.14,42.1,-1,-1
545,-1,3.77,329.55,64.45,206.84,32.4,-1,-1
545,-1,394.32,831.37,19.73,70.74,28.8,-1,-1
545,-1,569.37,410.43,62.2,184.26,28.7,-1,-1
546,-1,388.15,837.96,24.82,71.0,52.7,-1,-1
546,-1,5.36,401.06,61.75,131.59,31.6,-1,-1
547,-1,389.67,844.34,22.79,64.24,51.4,-1,-1
547,-1,4.69,384.31,59.62,150.01,33.6,-1,-1
547,-1,1528.59,357.39,27.44,57.19,25.4,-1,-1
548,-1,389.78,844.53,22.33,64.08,49.1,-1,-1
548,-1,4.68,383.88,59.64,150.44,33.6,-1,-1
548,-1,1528.57,357.48,27.47,57.11,25.3,-1,-1
549,-1,4.6,425.53,60.29,108.66,38.9,-1,-1
549,-1,461.66,840.06,29.33,64.98,38.3,-1,-1
550,-1,2.78,425.84,58.27,107.14,36.2,-1,-1
550,-1,458.92,833.25,32.14,72.31,32.6,-1,-1
551,-1,460.04,844.66,29.05,60.42,41.6,-1,-1
551,-1,2.39,414.23,55.57,117.68,39.3,-1,-1
551,-1,1.38,363.88,59.69,169.65,25.4,-1,-1
552,-1,1.7,389.67,56.47,143.15,43.6,-1,-1
552,-1,0.79,225.32,60.49,308.97,29.4,-1,-1
552,-1,462.46,845.33,27.1,59.29,27.3,-1,-1
553,-1,1.47,304.41,52.68,226.92,36.3,-1,-1
553,-1,653.69,831.89,22.78,68.66,32.6,-1,-1
553,-1,1.27,419.71,54.97,111.59,27.3,-1,-1
553,-1,566.73,399.4,60.81,195.34,26.0,-1,-1
553,-1,462.33,848.56,22.55,55.16,25.7,-1,-1
554,-1,1.47,303.59,52.66,227.73,36.3,-1,-1
554,-1,653.69,831.87,22.8,68.69,32.8,-1,-1
554,-1,1.27,419.74,54.97,111.55,27.3,-1,-1
554,-1,566.76,399.32,60.78,195.44,25.8,-1,-1
554,-1,462.38,848.58,22.44,55.1,25.3,-1,-1
555,-1,650.55,829.39,28.33,71.94,54.8,-1,-1
555,-1,459.15,840.11,27.22,66.44,45.0,-1,-1
555,-1,651.27,821.59,22.71,75.28,43.1,-1,-1
555,-1,0.98,136.67,53.15,394.15,30.9,-1,-1
556,-1,649.48,828.15,29.04,72.8,53.7,-1,-1
556,-1,649.4,823.01,22.52,74.62,53.3,-1,-1
556,-1,0.97,126.46,51.67,404.41,35.1,-1,-1
556,-1,565.69,401.57,60.61,192.9,33.1,-1,-1
556,-1,459.7,849.76,24.33,55.43,28.3,-1,-1
557,-1,651.64,832.42,26.05,68.88,49.4,-1,-1
557,-1,0.93,101.55,50.42,428.94,32.4,-1,-1
557,-1,459.04,838.77,25.24,66.47,29.2,-1,-1
557,-1,561.66,394.47,63.03,201.28,25.8,-1,-1
558,-1,558.04,400.63,65.07,197.2,48.5,-1,-1
558,-1,654.55,832.95,27.12,68.71,40.4,-1,-1
558,-1,0.0,117.79,53.9,415.1,35.1,-1,-1
558,-1,654.95,824.1,24.05,66.44,28.4,-1,-1
559,-1,555.61,395.44,65.57,204.47,46.3,-1,-1
559,-1,0.91,123.36,48.03,407.95,38.0,-1,-1
559,-1,0.0,398.08,50.25,133.75,34.3,-1,-1
559,-1,1072.1,327.33,51.61,101.0,32.9,-1,-1
560,-1,555.59,395.4,65.58,204.52,46.3,-1,-1
560,-1,0.9,123.13,48.03,408.18,38.0,-1,-1
560,-1,0.0,398.08,50.25,133.75,34.2,-1,-1
560,-1,1072.12,327.37,51.58,100.88,32.7,-1,-1
561,-1,0.0,132.42,50.33,401.25,41.2,-1,-1
561,-1,1072.08,329.46,48.82,99.72,40.1,-1,-1
561,-1,553.19,392.0,68.67,203.79,35.0,-1,-1
561,-1,0.0,398.2,49.34,133.25,27.5,-1,-1
562,-1,551.29,389.64,70.68,209.02,58.3,-1,-1
562,-1,0.0,141.55,49.16,392.06,35.0,-1,-1
562,-1,1072.06,328.8,49.18,101.14,32.3,-1,-1
562,-1,0.0,405.94,48.68,126.1,26.8,-1,-1
562,-1,649.63,840.08,23.88,62.5,25.1,-1,-1
563,-1,552.11,398.09,68.42,199.27,60.8,-1,-1
563,-1,1070.23,328.68,47.88,100.33,45.8,-1,-1
563,-1,0.0,136.64,48.31,396.96,36.9,-1,-1
563,-1,405.12,826.53,20.76,73.38,30.0,-1,-1
563,-1,0.0,395.7,48.96,136.71,25.2,-1,-1
564,-1,552.4,399.83,68.21,197.83,57.0,-1,-1
564,-1,1069.19,333.08,47.7,93.62,57.0,-1,-1
564,-1,0.0,141.5,47.43,392.88,29.0,-1,-1
565,-1,1067.19,334.34,47.8,93.41,70.0,-1,-1
565,-1,546.82,395.55,74.9,206.47,66.6,-1,-1
565,-1,0.12,104.86,45.32,429.89,30.3,-1,-1
566,-1,1067.25,334.36,47.8,93.39,70.3,-1,-1
566,-1,546.8,395.5,74.92,206.52,66.5,-1,-1
566,-1,0.12,106.11,45.32,428.63,30.2,-1,-1
567,-1,1066.29,333.02,49.97,94.36,57.7,-1,-1
567,-1,549.18,390.25,70.07,210.5,41.0,-1,-1
568,-1,1065.8,331.73,45.73,96.49,47.9,-1,-1
568,-1,549.4,387.79,66.65,211.7,44.3,-1,-1
568,-1,1063.96,334.47,35.02,92.53,28.3,-1,-1
569,-1,1066.12,330.94,44.01,96.64,46.4,-1,-1
570,-1,1066.72,329.16,45.14,98.38,25.6,-1,-1
571,-1,549.21,396.58,64.12,201.39,25.3,-1,-1
573,-1,1064.43,331.24,45.77,92.93,34.5,-1,-1
574,-1,541.59,396.88,69.16,204.75,47.1,-1,-1
574,-1,1064.58,329.37,42.32,92.16,29.4,-1,-1
575,-1,539.77,397.32,70.36,204.88,44.1,-1,-1
575,-1,1062.08,329.96,35.93,91.74,29.4,-1,-1
576,-1,1083.59,334.94,27.72,88.23,33.9,-1,-1
576,-1,538.58,396.73,70.8,205.36,31.6,-1,-1
580,-1,537.12,394.76,70.07,209.37,52.5,-1,-1
581,-1,533.15,387.24,71.22,215.79,60.4,-1,-1
581,-1,448.88,837.15,28.8,71.34,27.7,-1,-1
582,-1,530.39,394.79,75.52,211.49,41.4,-1,-1
582,-1,446.98,835.44,29.89,73.11,31.3,-1,-1
583,-1,537.57,392.97,63.79,213.88,45.2,-1,-1
583,-1,1085.03,349.27,19.81,70.78,29.6,-1,-1
583,-1,1052.21,327.4,36.83,94.62,25.1,-1,-1
584,-1,537.57,392.94,63.8,213.87,45.7,-1,-1
584,-1,1084.96,349.44,19.84,70.57,28.5,-1,-1
585,-1,1055.47,325.06,44.95,96.04,37.4,-1,-1
585,-1,634.42,820.61,19.84,68.27,30.5,-1,-1
585,-1,1066.35,331.16,36.48,89.28,25.1,-1,-1
586,-1,529.52,388.66,65.75,218.64,42.6,-1,-1
586,-1,1048.55,325.14,49.99,96.2,39.2,-1,-1
587,-1,525.93,392.88,70.32,214.23,41.1,-1,-1
587,-1,607.74,819.9,15.2,49.47,27.2,-1,-1
587,-1,450.61,854.94,20.47,53.0,27.0,-1,-1
588,-1,448.2,842.78,22.25,65.08,25.1,-1,-1
589,-1,529.15,394.58,65.82,202.94,25.9,-1,-1
590,-1,529.11,394.56,65.88,203.13,26.1,-1,-1
592,-1,521.48,390.06,71.74,214.65,27.6,-1,-1
593,-1,525.31,383.64,67.72,226.69,28.4,-1,-1
594,-1,1035.33,320.47,46.45,98.93,38.2,-1,-1
594,-1,576.89,825.55,21.04,68.47,30.2,-1,-1
597,-1,521.17,377.75,66.59,217.8,31.5,-1,-1
598,-1,520.1,378.94,65.57,211.37,50.0,-1,-1
598,-1,396.95,851.93,20.53,54.43,26.1,-1,-1
599,-1,518.11,382.94,66.46,213.21,43.3,-1,-1
600,-1,515.9,386.34,67.58,208.16,48.6,-1,-1
601,-1,432.79,853.93,19.09,50.33,27.2,-1,-1
602,-1,432.69,853.89,19.16,50.31,27.5,-1,-1
604,-1,1021.68,321.55,34.29,95.73,39.4,-1,-1
604,-1,508.11,381.94,72.11,210.12,31.5,-1,-1
605,-1,509.2,391.88,71.14,201.93,44.1,-1,-1
606,-1,500.58,377.07,79.52,213.68,57.9,-1,-1
607,-1,500.08,391.91,73.9,204.21,34.8,-1,-1
607,-1,308.25,856.85,23.25,48.56,34.2,-1,-1
608,-1,500.07,391.99,73.9,204.13,35.2,-1,-1
608,-1,308.25,856.85,23.26,48.55,34.1,-1,-1
609,-1,482.78,388.24,91.68,204.61,40.6,-1,-1
609,-1,1021.12,319.91,46.71,92.49,38.9,-1,-1
609,-1,306.46,851.31,25.86,56.44,30.3,-1,-1
610,-1,1021.71,319.84,45.09,92.15,32.0,-1,-1
611,-1,494.93,391.78,74.54,198.4,54.1,-1,-1
611,-1,1017.6,321.02,48.77,93.35,40.0,-1,-1
612,-1,1017.05,319.18,48.63,94.34,27.1,-1,-1
613,-1,496.91,389.34,73.03,203.27,46.4,-1,-1
614,-1,496.91,389.42,73.04,203.19,46.2,-1,-1
615,-1,741.68,492.26,24.83,54.17,33.4,-1,-1
615,-1,509.23,386.15,60.53,206.32,31.3,-1,-1
616,-1,1010.2,319.42,50.05,92.42,52.2,-1,-1
616,-1,742.75,495.4,18.51,50.48,37.1,-1,-1
617,-1,1010.72,320.03,46.55,92.18,50.6,-1,-1
617,-1,355.42,322.84,24.29,57.15,37.1,-1,-1
618,-1,1012.84,318.47,43.86,94.02,55.7,-1,-1
619,-1,1011.07,320.16,39.28,88.46,46.4,-1,-1
620,-1,1011.21,320.75,38.93,87.81,44.4,-1,-1
621,-1,1004.97,320.5,47.41,91.06,61.6,-1,-1
621,-1,489.57,372.61,75.0,220.65,56.1,-1,-1
622,-1,1003.64,321.25,47.1,87.93,44.0,-1,-1
622,-1,484.97,370.72,80.43,220.9,38.5,-1,-1
623,-1,484.19,374.42,79.72,216.66,52.5,-1,-1
623,-1,1002.48,319.59,46.27,92.39,35.7,-1,-1
623,-1,1014.16,320.28,38.0,88.76,25.6,-1,-1
624,-1,482.03,373.47,77.92,217.99,54.1,-1,-1
624,-1,1002.7,316.64,48.83,95.31,36.1,-1,-1
624,-1,390.78,832.83,27.61,76.69,31.0,-1,-1
624,-1,401.19,819.37,22.54,82.2,30.0,-1,-1
625,-1,480.9,376.94,81.21,212.86,44.4,-1,-1
625,-1,1001.43,314.05,50.43,96.67,32.7,-1,-1
625,-1,362.72,847.61,21.73,61.67,32.3,-1,-1
625,-1,273.5,851.29,26.75,59.26,29.5,-1,-1
626,-1,480.92,376.91,81.19,212.89,44.4,-1,-1
626,-1,1001.43,314.05,50.45,96.69,32.8,-1,-1
626,-1,362.72,847.6,21.72,61.68,32.3,-1,-1
626,-1,273.51,851.28,26.74,59.27,29.6,-1,-1
627,-1,1000.39,314.61,52.0,95.87,68.0,-1,-1
627,-1,480.53,382.08,76.86,212.06,47.2,-1,-1
627,-1,360.42,846.09,25.02,64.44,43.1,-1,-1
627,-1,558.87,820.67,16.7,34.98,25.8,-1,-1
628,-1,481.06,388.14,76.54,201.12,69.5,-1,-1
628,-1,1005.73,315.18,43.4,93.45,52.3,-1,-1
628,-1,358.65,856.59,21.49,54.43,25.7,-1,-1
629,-1,1003.6,316.25,45.16,92.29,53.9,-1,-1
629,-1,485.0,381.47,73.17,207.19,31.9,-1,-1
629,-1,357.17,857.37,22.2,53.97,31.3,-1,-1
630,-1,481.34,371.68,75.93,216.61,54.0,-1,-1
630,-1,359.1,853.92,21.69,56.28,38.3,-1,-1
631,-1,474.79,376.42,77.85,212.47,40.7,-1,-1
631,-1,356.53,850.68,22.98,60.49,34.9,-1,-1
631,-1,268.01,859.86,25.33,49.66,31.2,-1,-1
631,-1,1001.48,314.63,38.04,92.68,30.1,-1,-1
632,-1,474.83,376.34,77.8,212.54,40.6,-1,-1
632,-1,356.54,850.67,22.97,60.51,35.0,-1,-1
632,-1,268.01,859.86,25.33,49.66,31.2,-1,-1
632,-1,1001.47,314.63,38.06,92.68,30.1,-1,-1
633,-1,353.33,841.14,23.92,69.61,52.0,-1,-1
633,-1,467.33,371.36,86.77,217.72,38.5,-1,-1
634,-1,266.48,859.37,21.25,49.9,48.9,-1,-1
634,-1,467.46,375.28,84.99,213.75,47.8,-1,-1
634,-1,353.16,846.06,24.55,63.45,40.8,-1,-1
635,-1,263.06,858.9,22.85,52.4,45.6,-1,-1
635,-1,476.15,381.4,76.21,207.19,41.7,-1,-1
636,-1,262.32,857.56,23.39,51.32,37.6,-1,-1
636,-1,475.05,377.63,76.64,209.39,29.3,-1,-1
637,-1,262.04,854.93,20.64,54.31,43.3,-1,-1
638,-1,261.96,854.53,20.54,54.72,43.5,-1,-1
639,-1,259.89,853.1,22.24,55.48,48.9,-1,-1
640,-1,260.13,852.96,21.74,54.67,51.1,-1,-1
640,-1,360.8,853.38,16.16,47.98,40.4,-1,-1
641,-1,259.51,857.66,20.51,50.36,39.9,-1,-1
641,-1,975.81,310.21,52.36,96.19,33.1,-1,-1
641,-1,256.91,853.51,20.74,51.86,27.7,-1,-1
642,-1,976.42,306.37,53.96,99.5,25.2,-1,-1
643,-1,976.3,305.99,54.08,100.91,33.4,-1,-1
644,-1,976.29,305.94,54.07,100.96,33.3,-1,-1
645,-1,975.46,306.82,54.28,100.48,41.3,-1,-1
646,-1,473.55,477.48,63.83,106.26,50.3,-1,-1
646,-1,976.15,308.09,50.33,97.12,36.7,-1,-1
647,-1,972.95,311.36,47.99,92.86,45.0,-1,-1
647,-1,471.87,416.29,64.5,164.64,41.1,-1,-1
647,-1,473.31,476.95,63.38,107.94,40.0,-1,-1
648,-1,971.57,311.09,50.08,93.12,43.6,-1,-1
649,-1,970.35,311.66,47.3,92.29,48.9,-1,-1
649,-1,467.62,389.26,65.09,195.38,32.4,-1,-1
649,-1,471.4,438.01,61.77,142.93,31.0,-1,-1
650,-1,970.36,311.66,47.31,92.29,48.9,-1,-1
650,-1,467.58,389.42,65.13,195.23,32.6,-1,-1
650,-1,471.38,437.99,61.79,142.96,31.0,-1,-1
651,-1,969.0,308.17,49.86,95.73,38.6,-1,-1
652,-1,1110.61,295.45,32.76,76.81,40.4,-1,-1
652,-1,964.91,307.11,50.89,95.34,36.4,-1,-1
652,-1,466.97,388.39,64.66,193.2,26.7,-1,-1
654,-1,969.28,310.44,40.93,92.92,31.9,-1,-1
657,-1,447.29,378.5,77.67,207.58,33.6,-1,-1
657,-1,958.43,307.78,49.56,92.06,31.7,-1,-1
658,-1,445.46,382.97,78.3,203.59,31.5,-1,-1
659,-1,452.5,379.08,72.02,207.06,53.9,-1,-1
659,-1,954.36,306.36,49.94,93.9,29.9,-1,-1
660,-1,448.35,377.94,76.53,208.23,60.0,-1,-1
661,-1,448.39,382.44,74.56,202.79,53.7,-1,-1
661,-1,952.93,303.36,50.43,97.19,36.4,-1,-1
662,-1,448.47,382.49,74.53,202.81,54.4,-1,-1
662,-1,952.94,303.37,50.41,97.24,36.5,-1,-1
663,-1,447.75,383.56,73.06,201.66,58.7,-1,-1
663,-1,954.44,303.96,53.1,97.45,41.9,-1,-1
664,-1,455.67,381.04,66.56,206.06,47.5,-1,-1
664,-1,1436.19,319.04,27.53,60.85,37.7,-1,-1
664,-1,956.79,306.58,48.29,95.31,34.8,-1,-1
665,-1,452.15,377.5,70.94,211.5,63.3,-1,-1
665,-1,955.01,308.21,48.89,92.93,39.1,-1,-1
666,-1,452.57,418.85,68.09,169.91,59.5,-1,-1
666,-1,455.17,454.57,62.69,126.8,35.4,-1,-1
667,-1,439.14,371.96,79.75,218.62,55.9,-1,-1
667,-1,453.09,435.01,64.74,147.69,41.1,-1,-1
667,-1,1698.48,297.3,27.16,53.88,28.4,-1,-1
668,-1,439.15,371.97,79.68,218.6,56.0,-1,-1
668,-1,453.09,434.72,64.72,147.95,41.3,-1,-1
668,-1,1698.54,297.27,27.27,53.91,28.7,-1,-1
669,-1,439.1,370.49,78.15,219.21,71.6,-1,-1
670,-1,439.74,369.78,75.06,219.1,72.3,-1,-1
671,-1,439.01,373.89,75.78,215.1,83.8,-1,-1
671,-1,1691.85,294.03,27.14,58.07,29.5,-1,-1
672,-1,439.55,372.21,74.83,218.33,81.4,-1,-1
673,-1,437.66,367.19,77.89,222.68,74.4,-1,-1
674,-1,437.66,367.14,77.91,222.76,74.1,-1,-1
675,-1,437.13,369.6,78.35,219.17,76.9,-1,-1
675,-1,643.23,485.5,22.06,49.78,27.5,-1,-1
675,-1,634.3,483.23,25.96,53.32,27.2,-1,-1
676,-1,434.38,368.14,80.97,218.48,66.3,-1,-1
678,-1,430.58,371.42,83.56,213.51,31.6,-1,-1
679,-1,431.11,371.45,80.21,213.81,25.0,-1,-1
680,-1,431.06,371.5,80.25,213.74,26.7,-1,-1
681,-1,438.7,361.35,70.74,219.78,27.2,-1,-1
681,-1,927.8,305.59,46.18,92.54,26.4,-1,-1
682,-1,436.62,362.66,71.76,219.26,46.1,-1,-1
682,-1,440.4,415.79,65.62,164.57,28.5,-1,-1
683,-1,432.63,356.19,75.93,225.9,51.9,-1,-1
684,-1,430.56,355.53,78.64,226.64,48.6,-1,-1
685,-1,429.46,368.83,77.14,212.34,52.3,-1,-1
686,-1,429.46,368.46,77.15,212.71,52.3,-1,-1
687,-1,426.04,363.33,82.86,220.1,38.9,-1,-1
687,-1,318.55,845.69,23.37,50.02,28.2,-1,-1
687,-1,927.95,306.92,46.23,93.18,28.2,-1,-1
687,-1,206.09,848.89,23.17,56.59,25.3,-1,-1
688,-1,422.8,363.21,82.15,220.61,52.4,-1,-1
688,-1,928.19,306.49,45.04,92.31,36.1,-1,-1
689,-1,420.27,366.42,82.74,218.31,57.6,-1,-1
689,-1,312.28,839.9,29.04,55.88,42.0,-1,-1
689,-1,927.4,307.52,44.47,91.62,35.4,-1,-1
689,-1,204.25,849.96,23.73,55.33,27.7,-1,-1
689,-1,457.72,831.43,20.46,54.47,26.0,-1,-1
690,-1,425.44,367.29,76.55,217.85,62.2,-1,-1
690,-1,928.22,307.81,38.65,89.76,33.0,-1,-1
690,-1,939.97,302.89,35.9,91.62,31.1,-1,-1
690,-1,456.32,833.9,19.89,52.75,25.6,-1,-1
691,-1,424.41,367.03,76.9,219.12,54.7,-1,-1
691,-1,925.89,303.38,44.04,94.26,42.3,-1,-1
691,-1,455.61,830.61,19.91,56.24,37.2,-1,-1
692,-1,424.76,381.03,77.31,200.88,54.8,-1,-1
692,-1,925.87,303.32,44.13,94.34,42.5,-1,-1
692,-1,455.63,830.85,19.86,56.01,36.6,-1,-1
693,-1,423.1,386.93,77.3,194.8,64.5,-1,-1
693,-1,925.56,306.54,43.09,90.96,40.3,-1,-1
693,-1,455.61,831.61,20.17,55.22,31.4,-1,-1
693,-1,204.48,835.67,25.02,69.73,28.8,-1,-1
693,-1,451.68,831.79,19.31,55.74,27.3,-1,-1
694,-1,422.1,385.64,77.08,194.7,54.4,-1,-1
694,-1,925.82,301.48,42.59,97.35,45.6,-1,-1
695,-1,425.3,367.06,70.56,216.37,54.1,-1,-1
695,-1,921.46,296.04,47.25,102.74,50.3,-1,-1
695,-1,917.8,302.47,41.71,95.2,43.4,-1,-1
696,-1,921.02,300.37,43.98,98.4,44.0,-1,-1
696,-1,918.99,305.05,35.01,92.72,26.2,-1,-1
699,-1,915.01,295.39,47.01,101.03,41.8,-1,-1
700,-1,418.9,387.09,73.12,195.61,32.6,-1,-1
700,-1,494.46,828.68,19.46,55.9,26.1,-1,-1
700,-1,910.64,291.61,56.74,104.44,25.9,-1,-1
701,-1,493.03,825.62,20.02,59.52,27.7,-1,-1
701,-1,418.04,387.01,75.23,195.69,25.0,-1,-1
702,-1,491.57,825.02,22.06,59.52,31.0,-1,-1
702,-1,458.26,827.25,16.7,55.18,25.1,-1,-1
703,-1,737.14,835.25,18.13,53.28,31.2,-1,-1
703,-1,302.78,534.79,20.77,47.48,31.0,-1,-1
703,-1,491.78,826.46,21.74,58.54,27.2,-1,-1
703,-1,457.13,828.04,17.6,53.71,25.4,-1,-1
703,-1,450.78,831.7,18.03,51.75,25.1,-1,-1
704,-1,737.14,835.24,18.13,53.29,31.2,-1,-1
704,-1,302.77,534.79,20.78,47.47,31.0,-1,-1
704,-1,491.81,826.48,21.72,58.53,27.2,-1,-1
704,-1,457.15,828.1,17.58,53.66,25.2,-1,-1
704,-1,450.77,831.79,18.01,51.68,25.0,-1,-1
705,-1,489.51,823.65,24.31,63.66,33.0,-1,-1
706,-1,489.11,821.34,26.47,69.24,38.4,-1,-1
707,-1,488.88,822.53,25.43,68.65,36.3,-1,-1
707,-1,418.5,359.28,71.32,222.59,32.9,-1,-1
708,-1,485.81,825.69,26.83,65.48,38.5,-1,-1
708,-1,420.28,364.84,69.13,215.55,31.6,-1,-1
708,-1,301.49,535.25,21.26,48.48,26.9,-1,-1
709,-1,485.13,821.03,28.36,70.2,37.3,-1,-1
709,-1,301.16,534.28,21.54,47.93,34.4,-1,-1
709,-1,725.49,495.37,22.67,43.03,31.9,-1,-1
709,-1,734.74,830.96,18.59,54.95,29.7,-1,-1
710,-1,485.12,821.05,28.37,70.19,37.3,-1,-1
710,-1,301.18,534.31,21.49,47.87,34.4,-1,-1
710,-1,725.5,495.39,22.67,43.0,31.9,-1,-1
710,-1,734.74,830.94,18.6,54.96,29.8,-1,-1
711,-1,486.42,818.81,27.48,71.7,37.4,-1,-1
711,-1,301.51,533.7,22.09,47.77,35.1,-1,-1
711,-1,724.94,495.37,23.22,42.64,27.0,-1,-1
711,-1,732.96,830.72,19.48,55.8,26.6,-1,-1
711,-1,417.95,373.16,73.85,208.31,26.5,-1,-1
712,-1,487.37,823.15,26.16,66.94,33.4,-1,-1
712,-1,723.92,496.52,19.31,41.96,32.2,-1,-1
713,-1,484.19,821.22,28.54,68.45,35.9,-1,-1
714,-1,482.67,821.32,28.73,68.12,36.0,-1,-1
715,-1,905.69,301.21,47.03,94.6,52.6,-1,-1
715,-1,483.02,821.52,27.36,68.29,30.7,-1,-1
716,-1,905.65,301.17,47.09,94.64,52.8,-1,-1
716,-1,483.01,821.55,27.36,68.27,30.7,-1,-1
717,-1,904.1,303.33,45.46,92.5,40.9,-1,-1
717,-1,483.71,814.09,28.04,75.81,38.5,-1,-1
718,-1,904.99,301.55,42.65,93.9,47.3,-1,-1
718,-1,483.97,817.28,26.26,70.94,28.9,-1,-1
719,-1,903.66,303.09,41.99,92.72,45.3,-1,-1
720,-1,901.73,304.08,45.39,90.86,44.2,-1,-1
721,-1,903.52,309.46,43.85,86.15,34.5,-1,-1
722,-1,903.54,309.34,43.82,86.27,34.7,-1,-1
724,-1,899.41,303.44,46.03,89.03,26.9,-1,-1
726,-1,891.99,306.76,41.79,89.59,31.9,-1,-1
727,-1,384.67,367.76,104.62,217.87,50.0,-1,-1
727,-1,891.3,299.87,41.85,97.24,29.5,-1,-1
728,-1,384.65,367.77,104.66,217.87,49.7,-1,-1
728,-1,891.22,300.4,41.79,96.72,30.0,-1,-1
729,-1,388.23,367.39,99.61,215.75,43.1,-1,-1
729,-1,890.61,300.14,47.07,95.24,34.3,-1,-1
736,-1,1057.05,246.83,34.27,59.24,26.4,-1,-1
737,-1,698.68,484.63,28.85,52.21,31.2,-1,-1
739,-1,698.63,490.61,25.17,47.08,27.6,-1,-1
740,-1,698.62,490.62,25.18,47.07,27.6,-1,-1
742,-1,886.17,296.63,48.83,97.14,43.3,-1,-1
742,-1,458.37,818.59,22.55,69.65,29.3,-1,-1
742,-1,456.67,824.56,29.3,66.47,25.6,-1,-1
743,-1,886.08,296.14,50.01,97.33,38.5,-1,-1
744,-1,883.72,298.31,52.97,96.34,44.5,-1,-1
745,-1,883.46,296.95,51.14,97.53,47.1,-1,-1
746,-1,883.43,296.81,51.22,97.66,48.6,-1,-1
747,-1,882.41,295.88,51.31,98.67,58.2,-1,-1
748,-1,883.06,295.97,50.01,99.17,61.2,-1,-1
749,-1,881.25,295.18,51.59,99.63,61.5,-1,-1
750,-1,880.28,296.14,52.97,99.68,65.9,-1,-1
751,-1,880.83,297.11,47.86,101.17,44.6,-1,-1
752,-1,880.8,297.07,47.92,101.22,44.8,-1,-1
753,-1,879.03,294.27,48.19,102.47,68.5,-1,-1
754,-1,878.83,295.18,46.82,101.92,59.0,-1,-1
755,-1,879.11,295.32,48.26,99.41,68.3,-1,-1
756,-1,880.71,296.44,43.91,98.43,46.1,-1,-1
757,-1,880.43,297.92,44.16,96.75,42.2,-1,-1
758,-1,880.44,297.93,44.14,96.74,42.3,-1,-1
759,-1,876.49,303.64,41.11,91.45,50.6,-1,-1
760,-1,875.07,305.5,41.08,89.87,52.4,-1,-1
761,-1,875.17,303.05,39.92,92.02,52.0,-1,-1
762,-1,875.59,301.67,43.29,94.55,48.6,-1,-1
763,-1,874.46,297.62,45.7,98.57,51.1,-1,-1
763,-1,150.23,851.39,29.53,56.5,28.4,-1,-1
764,-1,874.49,297.58,45.7,98.64,51.0,-1,-1
764,-1,150.22,851.37,29.54,56.54,28.5,-1,-1
765,-1,874.56,297.93,46.03,98.99,51.2,-1,-1
765,-1,150.45,851.26,29.02,56.35,28.6,-1,-1
766,-1,874.53,298.11,42.89,96.71,53.2,-1,-1
766,-1,154.87,856.82,24.33,51.11,29.4,-1,-1
767,-1,874.19,297.92,41.16,96.39,54.1,-1,-1
768,-1,874.25,301.17,37.5,91.8,33.6,-1,-1
772,-1,169.03,531.08,18.79,57.87,25.2,-1,-1
773,-1,874.48,296.25,43.53,94.58,38.8,-1,-1
774,-1,872.55,291.76,47.6,100.53,46.9,-1,-1
775,-1,872.28,292.51,47.34,100.72,51.3,-1,-1
776,-1,872.27,292.48,47.36,100.76,51.2,-1,-1
777,-1,871.8,294.17,47.19,100.25,51.6,-1,-1
779,-1,872.7,301.69,43.4,92.66,39.8,-1,-1
780,-1,873.35,303.12,42.97,90.87,33.3,-1,-1
781,-1,870.59,296.48,44.14,96.7,36.4,-1,-1
782,-1,870.59,296.51,44.05,96.69,37.0,-1,-1
784,-1,872.51,294.58,40.04,97.92,38.1,-1,-1
785,-1,873.68,296.57,37.62,95.19,36.2,-1,-1
786,-1,872.97,294.38,38.47,96.95,30.2,-1,-1
787,-1,870.16,289.18,41.8,103.9,33.3,-1,-1
787,-1,445.93,834.72,19.37,56.36,28.3,-1,-1
788,-1,870.15,289.2,41.8,103.86,33.6,-1,-1
788,-1,445.93,834.72,19.37,56.36,28.3,-1,-1
789,-1,871.14,288.76,42.4,104.44,28.9,-1,-1
789,-1,394.44,823.89,25.2,65.51,26.2,-1,-1
793,-1,1755.09,273.02,29.98,61.58,29.1,-1,-1
794,-1,1755.09,272.99,30.01,61.59,29.1,-1,-1
795,-1,1757.27,280.78,27.15,53.06,25.1,-1,-1
796,-1,1756.71,274.43,27.82,59.2,30.9,-1,-1
797,-1,1757.56,271.12,27.39,61.93,38.4,-1,-1
798,-1,1755.03,274.64,29.32,59.14,41.6,-1,-1
799,-1,1757.42,273.88,26.6,59.41,30.6,-1,-1
800,-1,1757.46,273.84,26.65,59.46,32.6,-1,-1
801,-1,1757.49,267.01,28.63,66.07,34.9,-1,-1
803,-1,863.86,289.38,51.04,102.92,33.8,-1,-1
803,-1,286.78,825.45,34.59,83.1,32.1,-1,-1
803,-1,1755.85,266.99,27.45,66.12,27.4,-1,-1
804,-1,863.83,282.13,50.58,109.54,34.4,-1,-1
805,-1,864.78,286.19,46.87,104.88,26.4,-1,-1
805,-1,287.85,824.31,32.42,84.17,25.4,-1,-1
806,-1,864.76,286.23,46.84,104.87,26.0,-1,-1
806,-1,287.8,824.26,32.48,84.22,25.3,-1,-1
807,-1,865.74,291.75,46.08,100.46,30.0,-1,-1
808,-1,276.5,818.96,38.68,91.71,38.5,-1,-1
809,-1,272.58,812.02,42.02,99.65,40.8,-1,-1
810,-1,275.68,814.51,39.0,97.2,39.4,-1,-1
810,-1,859.89,295.61,52.23,98.01,35.2,-1,-1
811,-1,276.69,814.64,39.45,96.83,43.5,-1,-1
812,-1,276.54,814.53,39.6,97.0,42.8,-1,-1
813,-1,277.31,818.94,37.35,92.54,38.9,-1,-1
814,-1,276.71,820.18,37.17,90.97,31.2,-1,-1
815,-1,1520.44,274.41,39.1,66.68,26.8,-1,-1
815,-1,274.56,819.86,37.89,91.68,25.9,-1,-1
816,-1,862.08,300.65,46.41,91.85,27.9,-1,-1
817,-1,862.28,300.75,44.86,91.59,31.0,-1,-1
818,-1,862.29,300.9,44.85,91.45,31.1,-1,-1
819,-1,860.87,299.58,43.75,94.59,46.5,-1,-1
820,-1,861.34,303.5,41.49,88.98,36.6,-1,-1
821,-1,1549.66,275.57,29.58,60.66,26.5,-1,-1
821,-1,862.55,308.08,40.14,82.9,25.3,-1,-1
825,-1,266.97,847.95,35.24,63.05,39.5,-1,-1
827,-1,858.49,299.08,42.74,92.98,44.9,-1,-1
828,-1,857.92,297.99,45.61,90.33,52.6,-1,-1
829,-1,857.55,301.84,45.56,86.62,52.1,-1,-1
829,-1,266.35,840.65,34.84,73.93,25.5,-1,-1
830,-1,857.55,301.79,45.56,86.7,52.6,-1,-1
830,-1,266.34,840.64,34.86,73.95,25.6,-1,-1
831,-1,857.44,303.04,44.98,84.89,45.5,-1,-1
831,-1,267.23,852.11,31.5,59.16,25.6,-1,-1
832,-1,856.97,301.94,45.52,85.26,49.8,-1,-1
832,-1,670.32,822.54,20.84,63.98,37.4,-1,-1
832,-1,238.46,535.42,21.32,54.17,25.6,-1,-1
833,-1,857.0,303.95,43.48,86.9,45.3,-1,-1
833,-1,671.02,820.4,20.49,58.22,32.2,-1,-1
834,-1,857.27,301.23,42.2,88.85,44.9,-1,-1
835,-1,855.87,297.4,43.13,94.16,46.9,-1,-1
836,-1,855.83,297.43,43.19,94.16,46.6,-1,-1
837,-1,858.86,298.9,42.4,88.76,47.1,-1,-1
837,-1,1388.43,273.46,39.9,89.88,36.1,-1,-1
837,-1,1727.64,271.73,28.58,61.25,30.4,-1,-1
837,-1,237.57,531.55,20.44,51.53,26.1,-1,-1
838,-1,859.56,299.08,41.05,93.02,44.4,-1,-1
839,-1,858.16,297.04,42.25,95.32,48.8,-1,-1
839,-1,1387.52,276.48,37.5,86.66,29.8,-1,-1
840,-1,857.26,297.55,42.6,95.2,48.5,-1,-1
841,-1,857.73,301.79,42.1,91.73,50.6,-1,-1
841,-1,1700.36,276.41,25.22,54.49,27.3,-1,-1
842,-1,857.67,301.79,42.2,91.79,50.5,-1,-1
842,-1,1700.38,276.4,25.21,54.49,27.6,-1,-1
843,-1,858.14,302.38,41.54,90.67,51.9,-1,-1
843,-1,1733.22,274.8,27.4,57.61,30.5,-1,-1
843,-1,848.61,303.34,42.5,90.19,28.1,-1,-1
843,-1,1701.25,276.51,25.11,55.11,25.7,-1,-1
844,-1,859.26,303.65,40.53,89.44,48.0,-1,-1
845,-1,862.71,308.27,36.06,85.17,34.6,-1,-1
846,-1,863.6,304.86,35.92,88.14,42.8,-1,-1
846,-1,847.11,302.02,38.69,91.22,25.4,-1,-1
847,-1,861.24,297.54,40.12,96.41,50.4,-1,-1
847,-1,848.12,297.44,41.64,96.45,26.4,-1,-1
848,-1,861.25,297.58,40.12,96.34,50.2,-1,-1
848,-1,848.12,297.43,41.64,96.42,26.0,-1,-1
849,-1,862.1,299.18,36.96,94.23,33.7,-1,-1
849,-1,847.09,295.39,44.2,98.33,28.1,-1,-1
850,-1,862.22,298.22,37.6,95.43,37.9,-1,-1
850,-1,850.92,296.73,45.55,96.53,35.4,-1,-1
851,-1,845.28,293.3,44.98,99.44,31.4,-1,-1
852,-1,856.33,295.33,43.57,97.65,44.7,-1,-1
852,-1,844.63,294.97,47.57,97.84,41.0,-1,-1
853,-1,859.52,295.41,40.33,97.43,44.4,-1,-1
853,-1,845.69,295.38,43.16,97.52,32.2,-1,-1
854,-1,859.45,295.36,40.42,97.5,44.4,-1,-1
854,-1,845.7,295.35,43.15,97.54,32.2,-1,-1
855,-1,860.41,297.28,37.76,94.12,45.7,-1,-1
855,-1,845.64,296.13,43.93,96.44,28.4,-1,-1
856,-1,864.31,303.21,34.77,88.24,39.9,-1,-1
857,-1,864.02,302.68,35.85,88.83,43.5,-1,-1
858,-1,861.77,298.37,37.87,92.57,34.1,-1,-1
859,-1,853.55,287.82,45.1,103.72,32.5,-1,-1
860,-1,853.54,287.83,45.05,103.66,33.1,-1,-1
861,-1,858.39,293.41,41.66,99.0,31.3,-1,-1
862,-1,843.25,292.67,40.67,98.91,36.6,-1,-1
868,-1,1683.47,274.87,19.63,53.46,25.3,-1,-1
869,-1,839.64,297.42,39.41,93.18,25.5,-1,-1
870,-1,832.04,297.0,39.62,92.99,32.9,-1,-1
874,-1,1679.93,268.87,27.31,60.64,41.2,-1,-1
875,-1,1681.02,272.07,25.24,57.03,26.1,-1,-1
876,-1,1682.97,268.9,26.96,60.0,27.9,-1,-1
877,-1,1681.55,267.21,25.7,62.02,51.2,-1,-1
878,-1,1681.5,267.05,25.72,62.18,51.5,-1,-1
879,-1,1683.48,266.48,25.78,62.48,46.8,-1,-1
880,-1,422.9,476.72,53.92,101.39,33.5,-1,-1
880,-1,1682.04,267.22,23.45,60.68,29.5,-1,-1
881,-1,420.02,477.52,56.45,100.11,46.6,-1,-1
881,-1,1683.62,263.92,24.96,64.15,39.4,-1,-1
882,-1,422.47,478.4,54.24,99.86,36.6,-1,-1
882,-1,1681.61,268.35,24.35,58.73,31.2,-1,-1
898,-1,833.76,274.11,55.46,112.37,34.8,-1,-1
898,-1,416.8,474.15,61.15,102.1,32.5,-1,-1
899,-1,417.3,474.61,59.9,102.21,27.7,-1,-1
900,-1,417.23,475.91,59.22,99.87,26.1,-1,-1
