280,-1,60.45,1019.12,56.96,59.63,34.4,-1,-1
281,-1,61.08,1018.95,57.05,60.43,32.2,-1,-1
282,-1,62.02,1021.66,58.98,58.34,33.3,-1,-1
283,-1,63.36,1021.88,59.55,58.12,32.6,-1,-1
286,-1,67.84,1023.56,58.7,56.44,28.1,-1,-1
287,-1,68.83,1023.15,58.61,56.38,26.7,-1,-1
288,-1,69.14,1022.63,58.17,56.45,32.3,-1,-1
289,-1,70.1,1019.44,57.8,59.47,29.1,-1,-1
338,-1,1365.13,513.7,46.61,55.55,30.1,-1,-1
346,-1,1365.47,517.21,43.55,51.53,26.5,-1,-1
361,-1,1365.93,517.56,41.86,51.9,25.0,-1,-1
362,-1,1366.06,517.91,41.62,50.96,26.8,-1,-1
363,-1,1366.02,517.69,41.92,51.72,25.1,-1,-1
364,-1,1366.22,517.95,41.7,51.74,27.6,-1,-1
365,-1,1366.26,518.19,41.25,50.85,26.6,-1,-1
366,-1,1365.86,516.53,41.48,52.83,35.6,-1,-1
367,-1,1365.38,517.98,41.2,50.53,25.5,-1,-1
369,-1,1366.53,517.84,40.8,51.73,30.9,-1,-1
370,-1,1366.23,518.61,40.77,50.34,29.3,-1,-1
372,-1,1366.61,517.69,40.75,51.63,30.4,-1,-1
374,-1,1365.99,518.18,40.59,50.4,30.6,-1,-1
375,-1,1365.83,517.43,41.29,52.51,29.5,-1,-1
376,-1,1365.17,517.06,42.08,52.37,28.4,-1,-1
377,-1,1366.41,518.56,40.21,50.37,27.2,-1,-1
378,-1,1365.58,517.92,41.09,51.2,30.2,-1,-1
379,-1,1364.97,517.32,41.3,52.18,26.7,-1,-1
380,-1,1365.58,517.7,41.18,51.7,26.0,-1,-1
382,-1,1366.02,518.38,39.89,50.72,31.8,-1,-1
384,-1,1364.85,517.38,42.54,52.56,25.7,-1,-1
386,-1,1365.19,517.46,41.53,52.46,27.2,-1,-1
394,-1,1367.31,518.24,38.72,50.6,25.8,-1,-1
396,-1,1365.52,518.43,40.22,49.81,26.4,-1,-1
398,-1,1366.42,518.47,39.06,50.14,27.9,-1,-1
399,-1,1366.51,518.39,39.05,50.43,27.9,-1,-1
400,-1,1365.78,518.2,39.38,50.22,25.9,-1,-1
582,-1,1354.82,520.16,41.57,65.83,26.7,-1,-1
585,-1,1355.01,517.55,45.94,70.04,28.5,-1,-1
2294,-1,1166.6,619.13,38.96,61.04,27.2,-1,-1
2295,-1,1168.26,618.52,37.63,61.97,26.7,-1,-1
2296,-1,1169.37,618.98,36.27,61.86,25.7,-1,-1
2449,-1,1147.77,637.59,32.09,69.58,26.3,-1,-1
2454,-1,1440.79,603.72,37.42,60.0,33.3,-1,-1
2455,-1,1441.57,604.61,37.2,61.41,33.0,-1,-1
2455,-1,1439.82,588.22,41.6,79.01,26.9,-1,-1
2466,-1,1440.99,617.7,37.75,57.04,29.0,-1,-1
2898,-1,996.95,620.89,31.0,66.65,25.1,-1,-1
3564,-1,23.71,967.66,38.68,51.95,25.6,-1,-1
3668,-1,34.11,954.85,41.05,43.73,25.1,-1,-1
3824,-1,640.06,535.77,44.02,113.37,25.2,-1,-1
3825,-1,638.46,536.91,45.5,113.81,28.8,-1,-1
3826,-1,639.7,537.88,44.75,113.39,35.0,-1,-1
3830,-1,637.07,535.16,45.76,118.04,25.4,-1,-1
3831,-1,637.56,536.36,45.52,116.5,36.0,-1,-1
3832,-1,637.84,536.01,44.94,116.58,36.3,-1,-1
3850,-1,624.76,529.58,49.61,127.65,26.3,-1,-1
3870,-1,618.64,550.05,45.7,113.58,32.5,-1,-1
3870,-1,617.42,595.14,45.49,66.96,28.6,-1,-1
3871,-1,614.95,555.47,48.56,108.32,26.4,-1,-1
3874,-1,612.89,536.21,50.49,129.38,32.5,-1,-1
3874,-1,768.95,568.94,44.59,65.95,29.5,-1,-1
3876,-1,612.7,546.24,50.5,119.31,25.2,-1,-1
3877,-1,610.46,542.36,52.25,123.18,32.3,-1,-1
3877,-1,610.8,591.7,50.82,70.49,28.2,-1,-1
3878,-1,611.19,540.11,51.63,125.53,43.8,-1,-1
3878,-1,611.34,591.02,50.48,71.19,41.4,-1,-1
3878,-1,767.25,558.26,45.88,76.03,29.2,-1,-1
3879,-1,612.06,528.39,51.53,136.79,33.7,-1,-1
3880,-1,612.07,523.97,51.33,141.0,32.0,-1,-1
3881,-1,610.35,529.49,52.62,135.87,36.2,-1,-1
3881,-1,610.64,590.19,51.2,71.97,31.5,-1,-1
3882,-1,610.48,534.61,52.4,130.59,33.7,-1,-1
3882,-1,610.58,593.14,51.04,69.0,26.8,-1,-1
3884,-1,613.12,529.65,50.25,135.54,39.1,-1,-1
3884,-1,612.84,593.74,49.37,68.95,30.0,-1,-1
3885,-1,611.51,560.12,50.92,104.84,27.1,-1,-1
3886,-1,616.41,528.5,47.99,135.81,47.6,-1,-1
3886,-1,615.27,593.56,47.75,68.6,47.5,-1,-1
3887,-1,617.21,524.99,47.41,139.86,43.9,-1,-1
3887,-1,616.1,593.87,46.83,69.17,40.3,-1,-1
3888,-1,613.86,594.54,48.15,66.03,29.9,-1,-1
3888,-1,614.67,559.87,48.67,102.05,25.8,-1,-1
3895,-1,621.97,518.42,50.64,140.06,46.5,-1,-1
3895,-1,622.55,581.59,50.85,76.31,28.7,-1,-1
3896,-1,621.41,516.48,50.75,142.11,34.5,-1,-1
3897,-1,621.12,516.21,51.85,142.78,41.9,-1,-1
3898,-1,621.97,529.17,49.67,127.54,44.2,-1,-1
3898,-1,622.28,587.11,50.56,69.53,40.0,-1,-1
3899,-1,623.43,564.92,48.96,90.87,41.2,-1,-1
3899,-1,623.07,522.19,49.92,133.88,30.3,-1,-1
3900,-1,623.11,549.28,50.0,106.28,42.0,-1,-1
3900,-1,624.06,586.43,50.22,69.51,28.4,-1,-1
3901,-1,622.84,519.88,51.66,136.17,31.3,-1,-1
3902,-1,624.27,514.78,52.94,140.98,33.6,-1,-1
3903,-1,622.83,515.14,54.66,142.35,32.0,-1,-1
3904,-1,624.77,513.97,53.42,142.58,31.0,-1,-1
3905,-1,623.77,522.78,53.77,135.99,33.7,-1,-1
3905,-1,626.15,575.75,51.0,82.63,27.7,-1,-1
3906,-1,623.86,521.88,52.84,135.84,35.9,-1,-1
3908,-1,624.04,516.23,52.69,139.72,26.4,-1,-1
3909,-1,625.94,514.29,52.08,140.59,26.0,-1,-1
3910,-1,626.07,561.74,51.79,94.9,45.6,-1,-1
3910,-1,627.08,527.44,52.33,127.77,43.6,-1,-1
3911,-1,625.51,559.04,53.43,97.38,46.5,-1,-1
3911,-1,627.96,584.16,51.53,73.02,44.4,-1,-1
3911,-1,627.72,516.88,53.23,140.84,41.5,-1,-1
3912,-1,626.62,526.71,54.19,128.1,42.3,-1,-1
3912,-1,625.54,564.55,54.66,91.74,41.3,-1,-1
3913,-1,628.54,585.7,51.69,70.84,40.1,-1,-1
3913,-1,627.33,533.56,53.5,120.7,38.3,-1,-1
3914,-1,627.84,522.96,52.83,131.08,34.4,-1,-1
3914,-1,626.42,567.26,53.56,88.32,32.6,-1,-1
3915,-1,786.76,556.46,49.55,58.31,27.6,-1,-1
3915,-1,627.96,534.7,52.45,119.3,26.6,-1,-1
3916,-1,789.74,553.78,48.18,60.22,45.4,-1,-1
3917,-1,791.39,550.44,47.64,63.67,57.3,-1,-1
3917,-1,629.14,546.64,51.12,106.59,34.7,-1,-1
3917,-1,629.71,586.23,49.84,69.31,31.5,-1,-1
3918,-1,793.52,546.24,45.89,67.58,61.8,-1,-1
3918,-1,628.45,561.22,51.53,91.44,29.1,-1,-1
3919,-1,794.89,547.73,44.09,65.78,52.3,-1,-1
3920,-1,793.54,548.68,45.19,64.42,39.3,-1,-1
3921,-1,793.15,547.93,46.09,64.78,29.7,-1,-1
3922,-1,794.49,546.05,45.63,66.28,40.0,-1,-1
3922,-1,629.88,577.16,52.48,74.36,39.9,-1,-1
3922,-1,524.63,500.07,44.96,77.93,28.3,-1,-1
3923,-1,795.12,546.77,45.52,65.24,41.9,-1,-1
3923,-1,630.07,575.75,52.31,75.49,31.8,-1,-1
3923,-1,524.66,495.51,45.28,83.0,27.3,-1,-1
3924,-1,795.59,548.37,45.61,63.71,39.1,-1,-1
3924,-1,525.71,496.28,45.55,82.91,34.5,-1,-1
3924,-1,630.05,578.5,52.05,72.46,31.9,-1,-1
3925,-1,630.64,572.38,51.65,77.65,40.9,-1,-1
3925,-1,795.93,547.07,45.4,65.04,34.2,-1,-1
3925,-1,527.16,493.75,44.05,84.08,31.1,-1,-1
3926,-1,630.92,574.2,51.61,75.73,49.7,-1,-1
3926,-1,795.69,547.29,45.09,64.53,44.6,-1,-1
3926,-1,526.86,503.43,44.3,74.02,34.3,-1,-1
3927,-1,630.4,576.24,52.24,72.95,51.1,-1,-1
3927,-1,795.65,548.52,45.53,63.11,38.1,-1,-1
3927,-1,527.82,506.48,44.2,71.24,33.2,-1,-1
3928,-1,630.84,576.51,51.95,71.53,48.6,-1,-1
3928,-1,527.86,506.55,43.86,69.62,37.7,-1,-1
3928,-1,797.55,546.46,43.66,64.91,31.8,-1,-1
3929,-1,528.57,501.97,43.93,74.16,39.0,-1,-1
3929,-1,630.83,579.15,51.16,67.59,38.9,-1,-1
3929,-1,798.54,544.24,43.53,67.42,27.5,-1,-1
3930,-1,631.1,580.2,50.9,64.82,39.4,-1,-1
3930,-1,526.89,500.42,46.52,75.54,36.4,-1,-1
3931,-1,529.18,495.85,45.07,79.57,39.6,-1,-1
3931,-1,631.66,585.34,51.4,61.4,37.5,-1,-1
3931,-1,797.88,532.35,44.52,78.74,25.6,-1,-1
3932,-1,529.71,501.22,45.86,74.33,44.4,-1,-1
3932,-1,632.1,583.37,51.13,62.56,38.9,-1,-1
3932,-1,798.55,525.27,44.51,86.25,30.5,-1,-1
3933,-1,632.08,576.2,51.34,70.4,44.1,-1,-1
3933,-1,531.35,510.84,45.49,64.58,38.2,-1,-1
3934,-1,632.38,578.56,51.23,68.26,54.0,-1,-1
3934,-1,532.34,513.9,46.93,60.38,31.6,-1,-1
3934,-1,799.92,539.01,43.25,72.72,27.8,-1,-1
3935,-1,632.78,582.66,51.3,63.96,55.6,-1,-1
3936,-1,632.78,583.21,51.67,62.45,57.9,-1,-1
3936,-1,801.09,540.2,43.09,70.68,36.5,-1,-1
3937,-1,632.77,582.13,51.6,62.98,54.4,-1,-1
3937,-1,802.12,538.49,42.86,71.63,38.4,-1,-1
3938,-1,801.58,539.71,43.96,70.51,50.4,-1,-1
3938,-1,632.9,580.47,51.39,63.87,47.3,-1,-1
3938,-1,532.76,512.31,45.38,58.58,36.7,-1,-1
3939,-1,801.49,540.02,44.71,70.22,49.5,-1,-1
3939,-1,532.94,509.27,46.17,63.29,38.6,-1,-1
3939,-1,632.62,581.07,51.19,62.97,32.6,-1,-1
3940,-1,801.05,540.29,45.03,69.66,31.8,-1,-1
3940,-1,532.59,512.29,47.42,61.09,29.6,-1,-1
3940,-1,632.33,577.97,51.4,65.92,26.5,-1,-1
3941,-1,801.25,539.71,45.17,70.16,28.5,-1,-1
3941,-1,632.14,574.99,51.69,69.63,25.5,-1,-1
3942,-1,632.39,573.66,51.75,71.04,33.8,-1,-1
3942,-1,801.79,540.9,45.51,68.96,30.8,-1,-1
3943,-1,632.53,576.94,51.81,68.17,35.1,-1,-1
3943,-1,801.9,540.42,45.48,69.72,32.5,-1,-1
3944,-1,802.65,539.58,45.29,70.57,38.8,-1,-1
3944,-1,632.67,580.26,51.5,64.87,38.0,-1,-1
3945,-1,802.86,540.12,45.13,69.87,45.2,-1,-1
3945,-1,632.81,581.73,51.35,63.47,45.1,-1,-1
3946,-1,633.36,581.06,51.32,63.77,55.7,-1,-1
3946,-1,803.13,539.59,45.25,70.21,55.1,-1,-1
3947,-1,803.27,539.36,45.25,70.15,54.1,-1,-1
3947,-1,633.17,580.2,51.41,64.36,53.6,-1,-1
3948,-1,803.47,539.9,45.55,69.87,47.4,-1,-1
3948,-1,632.82,579.78,51.56,64.11,41.9,-1,-1
3949,-1,803.1,540.31,46.06,69.32,43.5,-1,-1
3949,-1,632.82,580.28,51.48,63.8,40.8,-1,-1
3950,-1,803.11,540.5,46.73,69.21,39.0,-1,-1
3950,-1,632.12,580.74,51.26,61.58,32.6,-1,-1
3951,-1,803.14,539.89,46.76,69.99,42.6,-1,-1
3951,-1,632.39,581.16,50.94,63.03,35.8,-1,-1
3952,-1,803.38,540.07,46.67,69.66,41.5,-1,-1
3952,-1,632.38,579.54,50.8,65.63,35.0,-1,-1
3953,-1,803.14,540.63,46.87,69.54,34.6,-1,-1
3954,-1,803.18,540.15,47.68,70.03,49.8,-1,-1
3954,-1,631.92,574.62,50.78,67.47,46.0,-1,-1
3955,-1,803.57,540.07,46.66,69.63,32.6,-1,-1
3955,-1,631.5,575.21,50.19,66.52,27.4,-1,-1
3956,-1,630.73,575.02,50.87,66.3,29.8,-1,-1
3956,-1,804.4,540.32,46.22,69.72,29.5,-1,-1
3957,-1,804.29,540.1,46.95,70.39,36.3,-1,-1
3958,-1,804.23,539.89,47.08,70.29,44.9,-1,-1
3959,-1,803.85,540.07,47.64,70.58,47.8,-1,-1
3960,-1,803.76,539.91,48.45,70.6,58.2,-1,-1
3961,-1,803.75,540.0,48.06,70.63,56.0,-1,-1
3962,-1,803.75,539.89,47.77,70.13,55.0,-1,-1
3962,-1,625.07,573.97,53.53,68.95,26.6,-1,-1
3963,-1,804.23,540.13,47.68,70.22,49.4,-1,-1
3963,-1,625.0,574.49,51.84,71.96,43.2,-1,-1
3964,-1,804.54,540.25,47.62,70.07,44.5,-1,-1
3964,-1,623.92,572.11,52.37,71.84,34.2,-1,-1
3965,-1,804.84,540.03,47.99,70.99,42.6,-1,-1
3965,-1,623.23,574.69,51.89,70.02,26.5,-1,-1
3966,-1,622.49,579.22,53.0,70.45,32.5,-1,-1
3966,-1,804.75,540.7,47.79,71.22,32.4,-1,-1
3967,-1,806.01,540.16,48.52,70.77,62.8,-1,-1
3967,-1,621.23,576.19,52.73,75.12,47.0,-1,-1
3968,-1,806.25,540.16,47.95,69.83,56.9,-1,-1
3968,-1,618.7,573.48,52.97,75.39,49.3,-1,-1
3969,-1,807.64,540.08,47.8,70.16,61.2,-1,-1
3969,-1,615.4,574.4,55.17,75.51,37.4,-1,-1
3970,-1,806.52,539.73,47.97,70.76,62.5,-1,-1
3970,-1,612.59,575.98,56.88,76.19,47.1,-1,-1
3971,-1,805.89,539.74,48.18,70.85,57.5,-1,-1
3971,-1,611.29,576.84,57.17,74.99,54.0,-1,-1
3972,-1,610.74,576.72,57.43,75.47,57.9,-1,-1
3972,-1,806.48,539.46,49.18,72.05,56.7,-1,-1
3973,-1,805.9,539.09,49.45,72.78,58.7,-1,-1
3973,-1,609.17,575.12,53.0,77.23,51.9,-1,-1
3974,-1,806.79,538.22,49.89,73.78,61.8,-1,-1
3974,-1,607.3,578.58,53.91,78.08,54.4,-1,-1
3975,-1,807.2,539.12,50.73,73.38,71.4,-1,-1
3975,-1,606.57,581.49,53.68,76.13,58.3,-1,-1
3976,-1,806.65,538.98,51.45,73.75,73.9,-1,-1
3976,-1,603.92,576.19,55.13,79.01,49.2,-1,-1
3977,-1,806.42,539.13,51.92,74.37,79.1,-1,-1
3977,-1,603.74,582.22,55.06,77.21,54.2,-1,-1
3978,-1,805.81,538.55,52.85,75.66,82.1,-1,-1
3978,-1,603.21,582.33,54.35,77.23,52.2,-1,-1
3979,-1,805.46,537.95,52.48,76.07,70.9,-1,-1
3979,-1,598.3,579.42,57.85,82.59,63.9,-1,-1
3979,-1,482.98,502.62,50.8,66.57,35.3,-1,-1
3980,-1,805.19,538.91,52.49,75.23,68.9,-1,-1
3980,-1,596.86,578.87,58.41,83.27,64.2,-1,-1
3980,-1,478.39,502.65,53.4,68.97,48.6,-1,-1
3981,-1,805.47,539.33,54.0,77.8,75.3,-1,-1
3981,-1,474.67,503.29,52.03,70.16,56.9,-1,-1
3981,-1,594.17,583.48,58.64,76.89,46.3,-1,-1
3982,-1,805.64,539.32,54.12,78.2,73.8,-1,-1
3982,-1,589.93,583.87,61.78,76.69,63.5,-1,-1
3982,-1,468.22,502.81,52.62,71.02,52.3,-1,-1
3983,-1,805.47,539.37,54.11,78.78,73.3,-1,-1
3983,-1,467.31,501.9,51.46,71.06,64.5,-1,-1
3983,-1,588.83,585.37,60.17,75.31,62.5,-1,-1
3984,-1,805.35,539.06,53.53,80.56,77.3,-1,-1
3984,-1,463.74,501.24,51.9,73.63,65.3,-1,-1
3984,-1,584.65,587.48,60.58,75.18,59.6,-1,-1
3985,-1,805.65,539.7,53.75,82.96,76.6,-1,-1
3985,-1,582.43,586.89,58.6,76.46,64.8,-1,-1
3985,-1,461.15,500.8,52.5,74.11,53.5,-1,-1
3986,-1,805.0,539.56,56.22,82.72,82.9,-1,-1
3986,-1,581.2,587.68,58.16,79.5,66.5,-1,-1
3986,-1,458.49,497.34,53.41,77.62,40.8,-1,-1
3987,-1,805.08,539.52,57.55,84.58,83.1,-1,-1
3987,-1,579.48,586.83,59.93,82.96,70.6,-1,-1
3987,-1,456.7,496.93,51.92,79.96,52.0,-1,-1
3987,-1,592.62,479.94,56.35,71.73,27.9,-1,-1
3988,-1,805.09,539.55,56.8,86.03,80.1,-1,-1
3988,-1,451.84,495.87,52.5,79.38,64.4,-1,-1
3988,-1,578.62,587.87,59.2,81.08,63.5,-1,-1
3988,-1,588.87,480.12,57.59,72.69,44.1,-1,-1
3989,-1,807.24,539.28,56.4,87.77,80.3,-1,-1
3989,-1,573.64,585.49,65.44,87.9,68.7,-1,-1
3989,-1,447.83,501.07,53.46,73.87,58.2,-1,-1
3989,-1,586.96,479.01,56.97,77.08,37.1,-1,-1
3990,-1,806.78,539.44,59.01,88.55,77.6,-1,-1
3990,-1,573.0,586.04,62.4,88.19,75.3,-1,-1
3990,-1,444.44,495.88,53.57,80.12,52.3,-1,-1
3990,-1,584.21,479.11,54.91,76.15,27.6,-1,-1
3991,-1,806.2,540.5,59.55,88.47,75.6,-1,-1
3991,-1,568.68,586.58,66.39,89.73,71.6,-1,-1
3991,-1,442.16,492.13,54.15,83.35,57.7,-1,-1
3992,-1,807.6,540.17,59.62,89.66,77.1,-1,-1
3992,-1,566.1,586.41,68.49,91.98,72.5,-1,-1
3992,-1,440.96,490.11,53.52,84.84,66.4,-1,-1
3993,-1,808.78,540.3,59.99,89.12,78.3,-1,-1
3993,-1,565.4,587.31,66.6,92.01,67.3,-1,-1
3993,-1,436.08,491.8,54.65,83.97,62.9,-1,-1
3993,-1,580.81,476.62,55.45,76.17,27.5,-1,-1
3994,-1,811.39,539.97,59.76,91.26,74.3,-1,-1
3994,-1,561.42,587.92,69.93,93.18,72.9,-1,-1
3994,-1,433.04,489.67,55.77,87.59,68.2,-1,-1
3995,-1,560.9,588.88,67.19,93.88,71.7,-1,-1
3995,-1,430.16,491.0,57.69,86.55,68.1,-1,-1
3995,-1,810.56,540.45,61.89,91.76,50.5,-1,-1
3995,-1,579.07,477.03,57.17,77.72,31.3,-1,-1
3996,-1,558.54,589.17,68.33,93.69,74.0,-1,-1
3996,-1,427.69,492.84,57.91,86.4,69.9,-1,-1
3996,-1,577.68,474.14,58.42,78.1,37.5,-1,-1
3996,-1,811.91,541.5,60.99,91.98,34.1,-1,-1
3997,-1,556.83,589.68,67.41,93.81,65.2,-1,-1
3997,-1,421.24,495.54,58.19,86.69,60.4,-1,-1
3997,-1,816.95,547.28,57.76,88.22,60.1,-1,-1
3997,-1,575.49,471.59,58.27,77.83,25.9,-1,-1
3998,-1,417.06,491.38,58.62,85.85,62.8,-1,-1
3998,-1,556.05,589.36,66.67,94.97,60.4,-1,-1
3998,-1,816.28,543.12,58.65,90.89,51.2,-1,-1
3998,-1,573.58,470.28,60.77,77.34,30.6,-1,-1
3999,-1,553.54,589.36,65.29,95.7,61.0,-1,-1
3999,-1,413.75,491.93,57.12,85.28,54.8,-1,-1
3999,-1,816.78,543.21,57.47,91.86,44.1,-1,-1
3999,-1,570.18,470.65,62.32,79.58,34.4,-1,-1
4000,-1,552.96,589.42,66.19,96.88,63.7,-1,-1
4000,-1,411.85,492.05,58.09,84.55,54.2,-1,-1
4000,-1,817.43,541.87,56.57,94.27,47.1,-1,-1
4000,-1,569.91,469.31,61.69,81.21,38.4,-1,-1
4001,-1,551.12,589.23,70.24,101.11,61.9,-1,-1
4001,-1,817.89,542.36,58.21,94.41,57.0,-1,-1
4001,-1,409.47,490.98,58.41,86.57,54.5,-1,-1
4001,-1,568.49,468.05,64.08,79.71,45.0,-1,-1
4002,-1,406.57,489.01,60.27,89.63,67.5,-1,-1
4002,-1,549.26,589.9,72.59,102.15,66.9,-1,-1
4002,-1,818.89,541.58,59.96,96.08,52.0,-1,-1
4002,-1,567.14,468.18,65.53,79.77,49.1,-1,-1
4003,-1,405.49,490.3,59.25,88.21,63.4,-1,-1
4003,-1,544.84,589.28,71.45,103.23,58.8,-1,-1
4003,-1,818.72,541.37,59.71,96.65,50.5,-1,-1
4003,-1,565.29,469.5,63.29,81.19,45.8,-1,-1
4004,-1,402.9,492.24,59.47,87.6,68.4,-1,-1
4004,-1,542.0,591.41,70.93,103.38,54.6,-1,-1
4004,-1,820.13,542.22,61.45,96.17,50.3,-1,-1
4004,-1,564.86,469.55,62.58,81.16,37.2,-1,-1
4005,-1,401.14,491.96,59.37,87.49,67.2,-1,-1
4005,-1,821.71,540.82,63.09,97.82,60.4,-1,-1
4005,-1,540.01,590.64,72.15,102.32,47.2,-1,-1
4005,-1,564.1,470.12,63.36,80.98,34.0,-1,-1
4006,-1,395.77,492.42,60.49,88.55,70.2,-1,-1
4006,-1,822.23,541.91,64.31,99.4,63.6,-1,-1
4006,-1,538.34,591.61,73.17,102.72,50.7,-1,-1
4006,-1,563.68,469.6,63.19,81.86,42.5,-1,-1
4006,-1,1334.41,493.39,65.5,95.61,29.9,-1,-1
4007,-1,824.54,541.19,65.9,99.74,70.8,-1,-1
4007,-1,390.79,492.05,62.83,88.72,64.9,-1,-1
4007,-1,536.54,596.04,73.96,101.84,55.3,-1,-1
4007,-1,1344.93,492.91,61.24,95.48,36.3,-1,-1
4008,-1,535.65,594.87,73.05,106.53,69.7,-1,-1
4008,-1,388.83,488.3,60.85,90.3,64.7,-1,-1
4008,-1,825.66,541.94,66.81,102.38,57.6,-1,-1
4008,-1,559.16,468.26,66.88,82.6,28.6,-1,-1
4009,-1,385.77,490.08,62.3,87.53,68.1,-1,-1
4009,-1,534.06,597.68,74.8,105.27,66.9,-1,-1
4009,-1,558.91,468.26,66.36,82.21,37.6,-1,-1
4009,-1,826.64,544.2,66.83,98.85,31.9,-1,-1
4010,-1,533.02,595.92,75.39,105.84,70.1,-1,-1
4010,-1,381.7,486.03,64.82,92.5,65.7,-1,-1
4010,-1,557.8,468.23,66.23,81.31,30.1,-1,-1
4011,-1,532.51,596.09,74.85,109.21,73.5,-1,-1
4011,-1,379.6,486.88,64.84,92.71,70.1,-1,-1
4011,-1,556.66,468.31,65.68,81.66,32.8,-1,-1
4012,-1,528.94,595.79,78.03,108.78,75.4,-1,-1
4012,-1,377.12,484.02,67.14,96.67,70.4,-1,-1
4012,-1,834.19,543.01,65.75,101.44,37.9,-1,-1
4012,-1,555.66,465.93,64.38,80.78,34.7,-1,-1
4013,-1,373.36,483.52,68.57,96.3,77.7,-1,-1
4013,-1,530.05,596.76,76.99,109.06,75.2,-1,-1
4013,-1,835.92,542.9,64.85,104.78,41.4,-1,-1
4013,-1,553.31,465.19,65.0,81.45,30.9,-1,-1
4014,-1,528.06,597.56,79.0,110.31,78.1,-1,-1
4014,-1,369.97,479.3,70.99,101.88,76.5,-1,-1
4014,-1,840.33,541.16,65.97,104.43,48.0,-1,-1
4014,-1,552.64,461.85,65.8,85.09,43.8,-1,-1
4014,-1,1395.46,492.52,64.86,97.32,26.9,-1,-1
4015,-1,526.25,597.05,80.23,111.67,75.8,-1,-1
4015,-1,368.95,483.47,69.93,97.21,74.6,-1,-1
4015,-1,553.06,460.95,66.27,85.68,47.4,-1,-1
4015,-1,841.48,541.1,67.98,106.79,40.7,-1,-1
4016,-1,525.61,596.33,81.38,114.57,75.8,-1,-1
4016,-1,365.34,484.45,70.97,97.66,68.4,-1,-1
4016,-1,552.45,460.93,66.09,86.5,44.4,-1,-1
4016,-1,841.08,541.25,70.79,109.08,42.4,-1,-1
4017,-1,520.52,596.94,86.77,115.13,75.2,-1,-1
4017,-1,364.83,481.4,66.41,100.07,65.9,-1,-1
4017,-1,843.4,543.14,70.55,110.24,60.2,-1,-1
4017,-1,550.73,460.05,68.61,86.24,48.1,-1,-1
4018,-1,846.03,543.26,72.94,108.64,72.3,-1,-1
4018,-1,519.52,597.27,87.55,114.09,72.2,-1,-1
4018,-1,363.7,483.74,66.19,97.59,64.1,-1,-1
4018,-1,550.57,456.71,68.97,90.34,57.6,-1,-1
4019,-1,520.13,597.89,85.79,116.1,73.5,-1,-1
4019,-1,361.69,479.77,69.79,99.05,56.1,-1,-1
4019,-1,550.78,456.26,68.57,91.14,54.4,-1,-1
4019,-1,846.15,541.96,71.17,109.9,46.6,-1,-1
4020,-1,515.59,597.93,91.83,115.06,70.9,-1,-1
4020,-1,361.32,480.64,68.35,97.17,60.1,-1,-1
4020,-1,550.38,456.69,68.6,90.76,53.6,-1,-1
4020,-1,846.82,541.16,72.5,112.29,29.6,-1,-1
4020,-1,1437.04,490.89,67.38,96.36,28.2,-1,-1
4021,-1,519.47,598.97,87.93,116.14,67.9,-1,-1
4021,-1,549.92,456.33,70.18,91.34,55.2,-1,-1
4021,-1,357.99,480.89,68.69,99.05,53.6,-1,-1
4021,-1,849.12,541.45,73.58,110.6,27.2,-1,-1
4022,-1,517.91,597.17,86.85,118.46,67.6,-1,-1
4022,-1,550.52,454.81,71.39,93.0,62.3,-1,-1
4022,-1,359.38,480.9,68.12,98.25,56.0,-1,-1
4022,-1,850.62,541.24,76.6,111.94,48.3,-1,-1
4023,-1,550.3,453.8,71.53,93.94,61.2,-1,-1
4023,-1,515.47,597.09,89.89,119.13,60.9,-1,-1
4023,-1,354.53,479.54,69.71,99.84,55.6,-1,-1
4023,-1,851.7,541.19,78.33,114.45,41.6,-1,-1
4024,-1,513.63,596.99,90.79,119.86,59.3,-1,-1
4024,-1,550.35,453.8,71.58,93.5,58.0,-1,-1
4024,-1,352.48,475.75,72.29,101.77,55.9,-1,-1
4024,-1,857.37,540.02,73.51,114.9,37.6,-1,-1
4025,-1,350.43,475.31,73.96,102.57,60.8,-1,-1
4025,-1,513.2,597.83,90.0,116.42,59.6,-1,-1
4025,-1,550.98,448.26,72.19,99.41,57.0,-1,-1
4025,-1,861.07,540.41,72.81,115.22,52.2,-1,-1
4026,-1,349.79,477.24,74.4,103.12,64.2,-1,-1
4026,-1,513.15,597.94,91.81,118.78,63.4,-1,-1
4026,-1,862.43,540.45,73.95,115.86,60.3,-1,-1
4026,-1,551.57,446.91,72.11,100.94,58.2,-1,-1
4027,-1,511.19,598.5,95.82,120.09,62.7,-1,-1
4027,-1,864.27,538.28,77.16,117.4,61.1,-1,-1
4027,-1,551.24,445.56,73.77,102.49,59.6,-1,-1
4027,-1,347.49,471.91,76.05,108.3,54.7,-1,-1
4028,-1,553.33,445.79,69.82,100.3,62.3,-1,-1
4028,-1,512.67,598.13,94.25,125.79,62.1,-1,-1
4028,-1,346.97,469.74,75.97,109.61,57.6,-1,-1
4028,-1,866.97,538.99,75.08,116.21,57.5,-1,-1
4029,-1,512.68,597.97,94.33,125.49,66.9,-1,-1
4029,-1,554.43,445.08,73.05,101.11,64.0,-1,-1
4029,-1,346.65,468.22,76.07,110.77,57.2,-1,-1
4029,-1,869.25,538.37,76.45,117.3,55.8,-1,-1
4030,-1,513.19,597.25,94.79,126.21,72.1,-1,-1
4030,-1,554.5,445.62,72.38,99.71,64.6,-1,-1
4030,-1,870.87,537.39,77.67,118.94,61.9,-1,-1
4030,-1,346.44,466.7,76.68,113.49,59.9,-1,-1
4031,-1,512.62,597.08,95.51,129.58,70.0,-1,-1
4031,-1,554.4,444.36,70.82,99.98,61.3,-1,-1
4031,-1,345.0,466.47,77.03,114.68,59.9,-1,-1
4031,-1,870.97,540.34,78.47,117.09,47.8,-1,-1
4032,-1,510.99,598.39,97.0,123.12,64.0,-1,-1
4032,-1,554.67,444.34,74.38,99.56,63.2,-1,-1
4032,-1,344.96,467.57,76.97,113.02,60.2,-1,-1
4032,-1,872.78,540.71,77.64,117.02,51.1,-1,-1
4033,-1,555.48,444.49,75.07,99.75,60.3,-1,-1
4033,-1,346.22,467.26,75.39,112.77,56.5,-1,-1
4033,-1,510.9,600.29,95.51,122.42,46.9,-1,-1
4033,-1,1520.47,480.66,72.29,106.2,32.8,-1,-1
4033,-1,873.51,540.7,80.36,118.12,27.4,-1,-1
4034,-1,557.15,444.37,74.55,97.27,62.0,-1,-1
4034,-1,346.01,466.38,75.61,113.44,61.6,-1,-1
4034,-1,512.68,600.44,94.05,123.95,55.5,-1,-1
4034,-1,1521.66,479.46,80.21,112.14,52.5,-1,-1
4034,-1,878.53,539.6,78.0,119.56,31.7,-1,-1
4035,-1,556.99,443.87,75.03,98.28,63.1,-1,-1
4035,-1,510.47,600.37,97.54,125.17,60.1,-1,-1
4035,-1,344.02,467.11,77.45,113.31,58.9,-1,-1
4035,-1,882.61,540.33,76.34,120.21,31.4,-1,-1
4036,-1,510.89,599.98,97.1,126.27,66.1,-1,-1
4036,-1,344.87,468.69,77.71,110.78,62.7,-1,-1
4036,-1,557.89,443.96,75.64,98.12,59.8,-1,-1
4036,-1,884.42,540.4,76.18,120.17,38.0,-1,-1
4037,-1,344.06,467.12,79.01,113.45,66.0,-1,-1
4037,-1,511.47,599.96,97.68,129.03,65.8,-1,-1
4037,-1,558.27,443.46,74.63,98.72,61.8,-1,-1
4037,-1,887.59,540.87,75.79,117.55,39.8,-1,-1
4038,-1,514.53,598.61,93.37,131.19,69.6,-1,-1
4038,-1,344.1,466.75,79.72,113.4,69.5,-1,-1
4038,-1,558.65,439.99,75.5,101.55,63.6,-1,-1
4038,-1,892.62,541.23,73.61,116.89,43.4,-1,-1
4038,-1,1544.62,479.06,86.24,113.21,30.8,-1,-1
4039,-1,344.06,466.66,78.55,112.61,66.9,-1,-1
4039,-1,558.29,438.23,76.12,103.89,63.3,-1,-1
4039,-1,513.14,598.91,96.31,131.44,57.4,-1,-1
4039,-1,894.48,540.32,76.39,116.12,44.6,-1,-1
4040,-1,344.11,465.58,77.42,112.09,66.7,-1,-1
4040,-1,558.8,435.52,75.37,106.26,63.1,-1,-1
4040,-1,896.27,540.99,78.29,116.48,48.8,-1,-1
4040,-1,511.67,599.41,99.06,129.84,47.6,-1,-1
4041,-1,559.84,433.77,76.91,108.72,67.5,-1,-1
4041,-1,514.79,596.58,96.46,131.89,67.5,-1,-1
4041,-1,343.49,458.18,78.6,120.12,62.3,-1,-1
4041,-1,896.94,539.98,83.01,117.93,28.7,-1,-1
4042,-1,514.73,595.98,99.71,133.86,72.7,-1,-1
4042,-1,560.56,432.54,78.26,109.67,69.0,-1,-1
4042,-1,344.64,459.66,78.45,116.97,62.4,-1,-1
4042,-1,899.13,538.7,83.72,120.02,49.6,-1,-1
4043,-1,560.91,432.7,79.53,108.8,66.8,-1,-1
4043,-1,514.83,596.78,98.17,134.88,66.7,-1,-1
4043,-1,344.97,459.82,78.69,116.38,60.6,-1,-1
4043,-1,900.73,539.84,83.44,119.5,50.8,-1,-1
4044,-1,561.34,430.6,79.88,110.41,68.8,-1,-1
4044,-1,345.25,459.24,80.64,116.38,62.9,-1,-1
4044,-1,517.29,598.17,96.04,132.41,58.4,-1,-1
4044,-1,904.38,538.48,80.96,119.89,53.4,-1,-1
4045,-1,561.28,430.04,81.5,110.08,70.7,-1,-1
4045,-1,344.25,457.53,81.63,118.06,67.2,-1,-1
4045,-1,520.83,597.08,92.24,132.68,51.8,-1,-1
4045,-1,906.72,540.47,80.64,118.91,49.6,-1,-1
4046,-1,344.73,457.81,83.36,118.44,70.4,-1,-1
4046,-1,912.04,534.4,79.53,123.03,64.9,-1,-1
4046,-1,568.78,432.38,75.82,102.98,61.8,-1,-1
4046,-1,523.53,597.85,90.91,131.5,60.3,-1,-1
4047,-1,344.63,458.7,82.87,116.92,70.6,-1,-1
4047,-1,567.43,432.24,78.21,103.52,68.0,-1,-1
4047,-1,520.42,598.87,98.51,128.96,56.3,-1,-1
4047,-1,916.66,535.82,77.74,120.89,51.4,-1,-1
4047,-1,572.12,601.23,52.62,122.25,27.3,-1,-1
4048,-1,345.17,455.77,84.61,119.54,69.9,-1,-1
4048,-1,566.26,431.21,81.21,104.15,67.3,-1,-1
4048,-1,524.69,597.65,91.78,131.68,56.0,-1,-1
4048,-1,918.09,532.14,80.78,125.0,54.3,-1,-1
4048,-1,1610.92,470.96,80.22,117.64,43.3,-1,-1
4049,-1,563.1,428.52,88.36,110.26,69.2,-1,-1
4049,-1,525.86,598.15,94.22,131.28,66.0,-1,-1
4049,-1,346.75,456.22,81.52,117.29,59.4,-1,-1
4049,-1,1614.54,469.12,87.02,122.42,52.0,-1,-1
4049,-1,919.86,532.77,86.38,125.81,41.0,-1,-1
4050,-1,527.59,595.71,95.37,134.38,73.2,-1,-1
4050,-1,564.88,427.03,88.04,112.19,72.7,-1,-1
4050,-1,349.15,457.27,81.76,113.62,70.0,-1,-1
4050,-1,920.46,531.74,88.73,128.33,58.2,-1,-1
4050,-1,1615.44,469.7,93.26,119.54,35.6,-1,-1
4051,-1,527.94,595.97,97.28,134.9,71.2,-1,-1
4051,-1,569.52,426.0,82.87,110.07,69.7,-1,-1
4051,-1,349.46,453.14,83.19,117.41,69.2,-1,-1
4051,-1,920.92,529.63,90.01,131.62,50.0,-1,-1
4052,-1,530.14,594.26,94.66,137.0,71.5,-1,-1
4052,-1,572.22,423.79,81.17,110.41,70.2,-1,-1
4052,-1,349.0,452.63,82.74,120.06,57.1,-1,-1
4052,-1,922.54,531.68,88.13,131.21,40.2,-1,-1
4053,-1,530.39,593.6,96.39,137.63,66.2,-1,-1
4053,-1,575.17,423.87,78.45,111.12,62.6,-1,-1
4053,-1,348.61,451.31,83.66,121.06,53.4,-1,-1
4053,-1,928.16,531.55,88.35,129.62,48.0,-1,-1
4054,-1,531.34,593.76,98.03,137.03,74.0,-1,-1
4054,-1,577.23,422.27,79.72,114.22,72.4,-1,-1
4054,-1,929.88,529.73,88.64,128.24,55.0,-1,-1
4054,-1,351.59,448.82,80.11,122.8,46.2,-1,-1
4054,-1,1639.58,469.04,91.05,118.83,26.1,-1,-1
4055,-1,576.38,420.46,84.21,112.66,72.3,-1,-1
4055,-1,532.34,593.55,97.74,136.69,64.6,-1,-1
4055,-1,351.77,448.55,80.81,123.53,57.7,-1,-1
4055,-1,938.8,529.6,84.11,126.32,49.3,-1,-1
4056,-1,578.87,419.8,81.99,114.29,76.3,-1,-1
4056,-1,353.23,448.64,82.63,121.92,67.8,-1,-1
4056,-1,532.71,592.7,99.21,137.05,60.7,-1,-1
4056,-1,942.15,529.89,85.6,127.94,56.1,-1,-1
4056,-1,558.18,593.88,75.6,127.12,29.2,-1,-1
4056,-1,1648.77,470.04,91.07,115.76,26.1,-1,-1
4057,-1,581.17,419.28,80.1,114.69,75.0,-1,-1
4057,-1,533.38,592.44,98.96,139.89,69.4,-1,-1
4057,-1,356.7,449.87,82.96,119.42,62.7,-1,-1
4057,-1,943.67,528.68,87.14,129.69,43.2,-1,-1
4057,-1,1660.12,469.62,80.38,116.42,29.1,-1,-1
4058,-1,584.27,420.86,78.62,114.92,71.8,-1,-1
4058,-1,533.91,592.36,100.07,139.46,68.0,-1,-1
4058,-1,359.37,445.34,81.71,123.33,58.7,-1,-1
4058,-1,1662.3,466.39,84.56,121.53,46.0,-1,-1
4058,-1,945.65,526.84,87.52,134.41,45.8,-1,-1
4059,-1,584.73,420.89,79.82,115.36,69.5,-1,-1
4059,-1,534.41,591.79,98.58,140.05,66.5,-1,-1
4059,-1,360.72,441.95,80.8,125.33,56.6,-1,-1
4059,-1,944.78,528.25,89.54,131.13,44.3,-1,-1
4059,-1,1663.76,466.66,88.62,121.23,37.0,-1,-1
4060,-1,584.69,420.24,84.11,113.95,71.7,-1,-1
4060,-1,534.99,590.54,104.67,140.68,65.3,-1,-1
4060,-1,360.31,441.6,80.4,126.08,53.0,-1,-1
4060,-1,945.61,529.48,90.34,129.89,36.1,-1,-1
4061,-1,584.8,420.87,86.23,112.44,62.7,-1,-1
4061,-1,363.89,444.03,78.53,121.91,56.0,-1,-1
4061,-1,534.1,590.52,110.18,140.51,39.1,-1,-1
4061,-1,948.3,526.02,87.84,133.93,26.0,-1,-1
4062,-1,365.58,440.92,80.87,126.05,73.1,-1,-1
4062,-1,585.24,420.08,89.32,113.26,68.2,-1,-1
4062,-1,1680.3,468.53,81.15,118.29,46.1,-1,-1
4062,-1,535.21,589.6,109.37,141.69,43.1,-1,-1
4063,-1,366.27,442.13,83.99,124.56,74.6,-1,-1
4063,-1,588.6,419.99,88.3,110.13,58.1,-1,-1
4063,-1,535.73,590.82,110.26,140.8,54.8,-1,-1
4063,-1,1681.31,458.16,83.56,130.2,47.2,-1,-1
4063,-1,566.22,590.32,82.16,136.09,36.3,-1,-1
4064,-1,366.88,442.81,87.55,123.81,68.1,-1,-1
4064,-1,594.56,420.17,84.85,108.92,62.8,-1,-1
4064,-1,1686.08,461.95,85.2,124.85,46.3,-1,-1
4064,-1,540.33,591.07,103.87,138.86,45.8,-1,-1
4064,-1,964.16,527.23,80.91,128.99,29.5,-1,-1
4065,-1,599.23,420.63,82.17,110.12,65.4,-1,-1
4065,-1,368.12,443.88,86.9,121.32,64.4,-1,-1
4065,-1,1685.33,458.09,92.61,130.27,52.0,-1,-1
4065,-1,549.03,588.18,95.8,136.39,46.6,-1,-1
4066,-1,602.14,420.81,82.72,108.88,68.4,-1,-1
4066,-1,552.12,589.66,99.41,138.23,50.2,-1,-1
4066,-1,599.51,590.17,54.53,132.95,41.3,-1,-1
4066,-1,371.04,444.38,86.61,121.48,38.5,-1,-1
4066,-1,1686.51,460.25,95.62,127.07,35.0,-1,-1
4066,-1,967.4,523.09,89.93,131.51,25.2,-1,-1
4067,-1,604.21,416.99,80.67,113.17,60.9,-1,-1
4067,-1,968.51,522.43,92.09,134.98,39.4,-1,-1
4067,-1,555.23,589.71,98.17,138.31,39.1,-1,-1
4067,-1,373.34,443.21,85.54,120.26,35.8,-1,-1
4068,-1,606.34,413.19,81.37,117.63,68.4,-1,-1
4068,-1,554.84,588.3,100.36,140.01,60.2,-1,-1
4068,-1,376.02,441.16,84.65,123.04,47.4,-1,-1
4068,-1,968.32,523.37,93.93,128.79,46.8,-1,-1
4069,-1,555.32,589.33,100.14,139.65,71.6,-1,-1
4069,-1,607.53,414.62,81.92,116.95,71.4,-1,-1
4069,-1,376.22,435.54,87.01,127.34,48.6,-1,-1
4069,-1,970.08,522.56,94.69,128.84,41.0,-1,-1
4069,-1,1705.17,464.03,85.88,121.68,25.8,-1,-1
4070,-1,558.08,588.58,97.56,139.87,72.1,-1,-1
4070,-1,608.47,413.54,81.95,116.69,68.9,-1,-1
4070,-1,378.64,438.86,83.49,124.26,57.4,-1,-1
4070,-1,973.85,522.65,92.25,129.14,51.1,-1,-1
4070,-1,1707.37,456.45,87.71,128.44,26.1,-1,-1
4070,-1,367.84,0.0,1162.66,557.99,26.0,-1,-1
4071,-1,609.36,412.52,85.58,115.88,71.0,-1,-1
4071,-1,384.69,435.6,80.66,128.18,62.6,-1,-1
4071,-1,558.09,587.65,97.55,141.18,56.5,-1,-1
4071,-1,979.39,521.11,88.3,130.71,55.4,-1,-1
4071,-1,1709.06,457.59,92.57,128.46,27.5,-1,-1
4072,-1,608.13,411.39,89.37,114.05,66.5,-1,-1
4072,-1,987.46,519.68,81.85,132.69,61.7,-1,-1
4072,-1,388.11,435.75,78.54,125.47,60.3,-1,-1
4072,-1,558.82,586.84,98.75,141.23,54.7,-1,-1
4073,-1,388.86,434.01,82.38,126.48,62.1,-1,-1
4073,-1,609.15,412.55,91.31,110.6,60.7,-1,-1
4073,-1,992.12,517.26,82.92,132.77,50.3,-1,-1
4073,-1,558.97,586.13,108.1,143.26,45.6,-1,-1
4073,-1,1023.48,517.16,54.65,128.98,32.9,-1,-1
4074,-1,618.79,412.32,83.95,111.6,67.2,-1,-1
4074,-1,390.23,433.2,88.56,128.14,66.4,-1,-1
4074,-1,994.93,520.05,87.58,130.84,46.3,-1,-1
4074,-1,560.32,585.12,105.98,143.81,43.7,-1,-1
4075,-1,392.03,435.57,87.31,125.38,65.9,-1,-1
4075,-1,619.47,411.12,85.3,114.42,65.7,-1,-1
4075,-1,561.89,586.72,107.39,142.0,59.6,-1,-1
4075,-1,991.61,517.69,91.32,132.91,54.3,-1,-1
4075,-1,613.58,587.06,59.58,134.98,42.4,-1,-1
4076,-1,622.89,410.59,83.32,114.21,70.9,-1,-1
4076,-1,570.49,586.47,98.46,141.6,60.0,-1,-1
4076,-1,396.7,435.98,84.02,124.92,57.6,-1,-1
4076,-1,991.81,520.32,91.36,129.29,47.5,-1,-1
4077,-1,625.97,408.75,81.78,115.81,72.3,-1,-1
4077,-1,568.82,585.86,105.74,140.79,57.0,-1,-1
4077,-1,396.98,430.68,83.3,128.42,54.7,-1,-1
4077,-1,612.45,586.43,64.71,134.64,30.8,-1,-1
4077,-1,992.71,519.12,90.96,132.5,28.8,-1,-1
4078,-1,627.37,407.15,82.52,118.2,70.9,-1,-1
4078,-1,575.79,586.39,101.87,138.3,68.0,-1,-1
4078,-1,401.03,429.77,82.4,127.49,63.2,-1,-1
4078,-1,993.64,517.25,91.8,135.23,39.3,-1,-1
4078,-1,1733.77,456.45,89.34,126.62,36.6,-1,-1
4078,-1,616.28,587.17,63.03,134.16,29.6,-1,-1
4079,-1,631.03,406.1,82.4,118.44,68.7,-1,-1
4079,-1,401.51,428.1,85.93,129.47,63.9,-1,-1
4079,-1,574.15,585.83,105.41,138.33,59.6,-1,-1
4079,-1,1001.58,516.87,85.68,134.77,43.1,-1,-1
4079,-1,1733.69,457.82,97.4,124.9,26.3,-1,-1
4080,-1,632.56,407.75,86.45,117.88,75.8,-1,-1
4080,-1,578.25,584.24,101.27,139.43,61.7,-1,-1
4080,-1,401.38,431.03,88.27,125.19,51.9,-1,-1
4080,-1,1007.93,514.64,81.36,135.69,36.6,-1,-1
4081,-1,632.64,410.05,88.03,114.41,69.2,-1,-1
4081,-1,410.37,429.98,81.05,125.71,62.8,-1,-1
4081,-1,581.22,583.32,99.02,141.92,61.6,-1,-1
4082,-1,633.37,407.64,92.75,116.25,77.2,-1,-1
4082,-1,413.28,430.06,80.48,124.82,75.9,-1,-1
4082,-1,582.48,581.9,100.97,141.78,71.2,-1,-1
4082,-1,1041.49,514.28,63.04,128.66,48.7,-1,-1
4082,-1,1014.23,513.64,88.04,134.18,45.9,-1,-1
4082,-1,1738.0,456.33,101.04,123.79,37.6,-1,-1
4083,-1,637.7,406.84,89.05,113.79,77.5,-1,-1
4083,-1,414.44,430.44,83.39,126.4,63.1,-1,-1
4083,-1,582.92,581.02,100.77,143.41,58.6,-1,-1
4083,-1,1014.35,512.83,90.62,136.43,43.1,-1,-1
4083,-1,1745.08,455.79,95.12,126.64,33.1,-1,-1
4084,-1,643.32,407.06,86.05,113.17,74.9,-1,-1
4084,-1,583.62,582.96,105.71,140.33,50.0,-1,-1
4084,-1,414.3,429.72,87.65,125.59,43.7,-1,-1
4084,-1,1013.99,511.76,94.56,136.58,43.3,-1,-1
4084,-1,1755.27,452.38,91.27,130.21,31.1,-1,-1
4085,-1,646.59,405.64,84.56,114.07,72.1,-1,-1
4085,-1,581.77,580.17,107.02,137.81,47.0,-1,-1
4085,-1,415.87,431.95,86.18,126.2,33.3,-1,-1
4086,-1,650.1,405.36,83.13,112.49,70.3,-1,-1
4086,-1,581.82,578.78,110.46,140.16,59.7,-1,-1
4086,-1,417.64,429.82,86.92,127.33,55.0,-1,-1
4086,-1,1759.57,452.73,90.23,127.23,43.0,-1,-1
4086,-1,631.24,583.68,64.73,128.85,31.0,-1,-1
4087,-1,652.14,405.63,80.91,112.98,65.5,-1,-1
4087,-1,589.4,578.9,103.76,142.93,63.1,-1,-1
4087,-1,421.91,428.31,85.01,125.06,52.3,-1,-1
4087,-1,1759.64,450.51,93.22,130.84,40.9,-1,-1
4088,-1,653.59,405.4,82.77,113.69,61.2,-1,-1
4088,-1,593.8,577.83,102.04,143.58,59.9,-1,-1
4088,-1,428.19,428.96,81.02,124.77,48.0,-1,-1
4088,-1,1759.82,451.67,94.62,128.59,40.2,-1,-1
4088,-1,630.25,580.37,67.36,130.76,29.9,-1,-1
4089,-1,597.56,577.92,101.78,142.55,71.7,-1,-1
4089,-1,655.18,404.82,83.83,113.37,65.6,-1,-1
4089,-1,432.48,425.64,80.16,128.23,57.3,-1,-1
4089,-1,651.43,579.68,50.24,136.05,47.9,-1,-1
4089,-1,1759.19,451.63,97.84,125.76,32.1,-1,-1
4089,-1,1029.99,512.83,83.02,134.23,30.5,-1,-1
4090,-1,656.44,404.67,86.36,114.22,73.3,-1,-1
4090,-1,599.42,579.64,102.1,140.38,66.4,-1,-1
4090,-1,431.14,425.19,82.17,128.72,49.8,-1,-1
4090,-1,1761.51,452.07,99.02,124.83,48.4,-1,-1
4090,-1,1035.77,514.11,81.28,131.79,47.7,-1,-1
4090,-1,643.6,580.86,59.76,132.82,41.8,-1,-1
4091,-1,656.59,404.67,89.92,111.99,71.0,-1,-1
4091,-1,603.25,577.29,99.77,141.54,70.0,-1,-1
4091,-1,434.79,425.25,83.12,127.71,66.9,-1,-1
4091,-1,1039.18,516.78,81.37,123.21,39.6,-1,-1
4091,-1,1769.65,450.04,93.14,127.04,39.3,-1,-1
4092,-1,604.03,579.69,100.81,140.23,73.4,-1,-1
4092,-1,437.54,425.7,85.69,126.3,69.2,-1,-1
4092,-1,656.53,403.99,92.19,113.32,66.7,-1,-1
4092,-1,1038.46,512.79,87.34,131.65,59.1,-1,-1
4092,-1,1776.09,448.72,88.76,128.48,47.2,-1,-1
4093,-1,604.78,577.21,99.93,145.64,74.4,-1,-1
4093,-1,657.5,403.49,94.21,114.83,70.5,-1,-1
4093,-1,1039.29,512.96,90.94,131.25,63.8,-1,-1
4093,-1,439.25,425.28,86.19,125.1,53.5,-1,-1
4093,-1,1778.9,446.54,86.54,129.2,38.7,-1,-1
4094,-1,662.89,403.3,91.41,114.54,70.1,-1,-1
4094,-1,606.44,577.13,100.27,142.54,65.5,-1,-1
4094,-1,442.04,425.71,85.65,125.8,65.0,-1,-1
4094,-1,1040.12,513.39,89.55,131.49,58.7,-1,-1
4094,-1,1780.67,448.73,85.59,127.45,49.0,-1,-1
4095,-1,672.19,401.79,83.07,116.72,68.1,-1,-1
4095,-1,447.55,423.91,80.76,126.1,59.9,-1,-1
4095,-1,607.49,576.48,105.46,144.99,57.7,-1,-1
4095,-1,1040.62,513.14,89.78,131.26,38.4,-1,-1
4095,-1,1782.05,446.83,89.9,129.17,30.9,-1,-1
4096,-1,674.88,401.89,81.97,115.53,68.0,-1,-1
4096,-1,450.29,420.53,80.55,129.09,67.3,-1,-1
4096,-1,604.13,576.13,112.32,139.04,47.0,-1,-1
4096,-1,1042.29,512.81,89.28,133.02,35.7,-1,-1
4096,-1,1782.93,449.53,91.85,126.66,29.2,-1,-1
4097,-1,454.19,423.46,81.25,123.42,73.7,-1,-1
4097,-1,676.14,401.54,80.17,116.11,66.9,-1,-1
4097,-1,606.48,575.75,111.82,139.76,56.9,-1,-1
4097,-1,1044.54,511.39,88.88,134.33,39.9,-1,-1
4098,-1,458.37,424.17,79.89,123.35,76.6,-1,-1
4098,-1,677.47,402.12,80.03,115.07,71.8,-1,-1
4098,-1,611.1,575.89,108.23,141.72,71.5,-1,-1
4098,-1,1051.33,513.97,83.87,128.07,51.3,-1,-1
4098,-1,1784.58,448.26,94.65,128.36,28.2,-1,-1
4099,-1,616.0,574.63,104.18,141.68,74.4,-1,-1
4099,-1,678.46,402.11,81.95,115.58,71.2,-1,-1
4099,-1,459.1,421.59,79.77,125.8,59.0,-1,-1
4099,-1,648.7,576.89,73.19,134.0,38.1,-1,-1
4099,-1,1055.66,514.41,81.35,126.06,38.1,-1,-1
4100,-1,616.93,574.86,106.71,142.43,77.4,-1,-1
4100,-1,679.68,401.5,83.2,114.45,72.0,-1,-1
4100,-1,460.56,420.0,79.37,127.61,51.9,-1,-1
4100,-1,1058.85,516.01,79.11,122.55,43.4,-1,-1
4101,-1,620.33,574.61,107.0,141.16,76.7,-1,-1
4101,-1,680.29,400.94,86.63,115.26,73.0,-1,-1
4101,-1,462.03,421.9,82.91,124.56,68.2,-1,-1
4101,-1,662.68,576.38,65.85,135.75,42.4,-1,-1
4101,-1,1059.78,512.8,82.53,128.99,41.7,-1,-1
4102,-1,680.2,401.41,91.17,116.24,77.1,-1,-1
4102,-1,621.94,575.57,106.81,142.11,73.2,-1,-1
4102,-1,462.62,423.76,85.13,122.29,62.5,-1,-1
4102,-1,663.09,577.09,66.66,137.43,37.7,-1,-1
4102,-1,1061.45,512.76,84.35,128.14,35.6,-1,-1
4102,-1,1795.07,448.86,90.13,126.93,29.8,-1,-1
4103,-1,622.17,574.44,108.2,141.83,72.8,-1,-1
4103,-1,680.8,400.06,90.61,118.1,70.5,-1,-1
4103,-1,462.6,421.21,85.99,125.5,60.4,-1,-1
4103,-1,678.24,575.99,53.73,138.17,56.8,-1,-1
4103,-1,1062.19,510.77,89.69,130.69,49.2,-1,-1
4103,-1,1087.32,512.24,66.62,125.6,41.3,-1,-1
4104,-1,623.75,575.38,106.16,140.19,73.6,-1,-1
4104,-1,680.58,400.61,91.99,117.55,68.3,-1,-1
4104,-1,676.23,576.52,55.18,136.6,60.2,-1,-1
4104,-1,461.89,421.72,87.94,125.55,49.6,-1,-1
4104,-1,1061.95,510.51,89.62,130.27,46.4,-1,-1
4104,-1,1086.85,511.99,66.33,124.87,37.6,-1,-1
4104,-1,1804.05,446.1,85.71,127.7,26.3,-1,-1
4105,-1,623.75,574.86,106.17,141.2,76.4,-1,-1
4105,-1,680.61,400.5,92.35,117.7,69.2,-1,-1
4105,-1,667.3,576.26,63.94,137.29,57.6,-1,-1
4105,-1,462.52,422.96,88.08,124.43,48.2,-1,-1
4105,-1,1061.71,510.95,90.35,130.8,40.3,-1,-1
4105,-1,1803.55,444.49,86.65,129.91,31.2,-1,-1
4105,-1,1085.85,512.38,68.37,125.55,27.7,-1,-1
4106,-1,622.1,574.92,106.92,141.81,80.1,-1,-1
4106,-1,680.53,400.4,92.83,117.2,71.6,-1,-1
4106,-1,662.53,576.35,67.67,137.62,54.0,-1,-1
4106,-1,462.31,422.58,86.96,124.33,53.2,-1,-1
4106,-1,1062.03,511.56,89.96,129.31,45.9,-1,-1
4106,-1,1803.02,443.79,87.79,130.91,44.1,-1,-1
4106,-1,1087.56,512.8,66.13,123.4,39.6,-1,-1
4107,-1,622.2,575.91,106.23,140.09,75.3,-1,-1
4107,-1,680.36,399.75,91.82,117.47,70.0,-1,-1
4107,-1,679.28,576.92,50.66,136.5,58.4,-1,-1
4107,-1,462.36,420.87,85.98,125.59,58.3,-1,-1
4107,-1,652.52,577.98,77.27,136.62,49.8,-1,-1
4107,-1,1802.91,443.72,85.98,131.16,43.2,-1,-1
4107,-1,1061.46,510.19,90.02,131.58,39.1,-1,-1
4108,-1,619.2,575.22,106.86,141.18,76.1,-1,-1
4108,-1,680.23,400.24,90.36,116.31,74.5,-1,-1
4108,-1,462.42,420.45,85.16,125.45,61.0,-1,-1
4108,-1,662.28,576.75,65.05,136.29,47.9,-1,-1
4108,-1,1802.36,446.75,88.28,128.34,35.3,-1,-1
4108,-1,1061.64,512.8,86.52,129.71,29.1,-1,-1
4109,-1,680.46,401.69,88.56,114.44,75.2,-1,-1
4109,-1,617.12,575.58,104.98,141.21,74.1,-1,-1
4109,-1,461.53,421.67,82.71,125.04,57.0,-1,-1
4109,-1,650.13,577.75,73.01,133.83,31.5,-1,-1
4109,-1,1794.43,446.6,91.72,127.6,30.1,-1,-1
4110,-1,680.17,401.12,85.08,114.98,77.0,-1,-1
4110,-1,460.61,418.17,82.49,129.28,70.7,-1,-1
4110,-1,610.33,575.78,109.65,140.51,66.1,-1,-1
4110,-1,1060.81,513.52,79.21,127.91,41.4,-1,-1
4110,-1,1794.37,447.75,90.86,126.7,38.9,-1,-1
4111,-1,679.89,400.91,83.21,114.62,70.7,-1,-1
4111,-1,460.02,420.16,80.33,125.98,61.2,-1,-1
4111,-1,602.89,575.11,115.35,140.25,57.0,-1,-1
4111,-1,1058.97,511.87,78.36,131.45,35.3,-1,-1
4111,-1,1791.26,445.65,92.71,128.78,34.7,-1,-1
4112,-1,679.35,399.83,80.68,114.64,72.7,-1,-1
4112,-1,459.41,422.85,80.6,122.03,61.5,-1,-1
4112,-1,598.95,575.17,118.48,136.25,48.7,-1,-1
4112,-1,1058.93,513.52,77.39,129.9,34.7,-1,-1
4112,-1,1789.39,447.6,93.96,128.27,30.0,-1,-1
4113,-1,456.88,417.7,81.45,127.52,74.4,-1,-1
4113,-1,677.85,399.22,80.65,115.31,71.8,-1,-1
4113,-1,605.08,574.54,107.02,141.69,44.8,-1,-1
4113,-1,1055.98,514.44,80.34,127.12,35.7,-1,-1
4113,-1,1786.46,446.47,94.59,129.85,34.1,-1,-1
4114,-1,453.08,420.92,85.37,124.23,70.7,-1,-1
4114,-1,675.83,399.42,80.23,115.96,66.0,-1,-1
4114,-1,604.67,574.84,106.75,142.47,60.4,-1,-1
4114,-1,1054.16,513.55,80.38,129.16,48.3,-1,-1
4114,-1,1785.15,448.36,94.9,129.07,42.3,-1,-1
4115,-1,674.06,399.47,81.2,115.38,69.8,-1,-1
4115,-1,449.9,420.36,86.86,126.34,68.7,-1,-1
4115,-1,603.96,576.0,102.2,142.68,65.4,-1,-1
4115,-1,1785.17,446.83,93.65,130.41,46.2,-1,-1
4115,-1,1048.21,512.8,85.92,132.08,30.4,-1,-1
4116,-1,672.25,399.44,84.69,114.14,70.7,-1,-1
4116,-1,447.62,420.57,86.74,126.08,61.4,-1,-1
4116,-1,601.86,576.55,103.36,141.44,58.9,-1,-1
4116,-1,1784.15,448.37,94.54,126.76,57.1,-1,-1
4116,-1,1045.9,514.82,87.01,130.49,32.6,-1,-1
4117,-1,670.07,401.21,83.19,113.26,64.4,-1,-1
4117,-1,1783.87,447.68,91.58,127.94,64.3,-1,-1
4117,-1,600.39,576.07,103.66,141.31,60.7,-1,-1
4117,-1,446.62,422.3,85.15,125.74,56.9,-1,-1
4117,-1,1042.98,514.56,89.02,131.11,30.4,-1,-1
4118,-1,1783.26,447.33,91.23,128.71,74.1,-1,-1
4118,-1,662.67,401.75,89.6,112.93,65.6,-1,-1
4118,-1,596.08,576.87,107.45,142.48,62.9,-1,-1
4118,-1,445.54,420.36,84.91,125.69,56.4,-1,-1
4118,-1,1040.52,513.26,90.2,132.5,41.7,-1,-1
4119,-1,657.25,401.52,92.74,115.63,67.1,-1,-1
4119,-1,591.64,576.78,105.71,142.92,61.9,-1,-1
4119,-1,440.27,419.9,87.9,127.07,51.1,-1,-1
4119,-1,1780.83,446.12,88.82,128.46,50.1,-1,-1
4119,-1,1039.48,512.2,91.27,134.05,49.6,-1,-1
4120,-1,656.33,401.78,90.49,114.46,71.9,-1,-1
4120,-1,584.24,577.06,109.58,140.8,51.2,-1,-1
4120,-1,438.2,422.49,85.69,123.72,51.0,-1,-1
4120,-1,1038.24,512.71,89.26,133.69,39.7,-1,-1
4120,-1,1777.97,445.03,85.37,129.88,36.5,-1,-1
4120,-1,1073.74,513.81,57.2,127.52,32.4,-1,-1
4121,-1,654.52,401.81,84.23,114.68,69.1,-1,-1
4121,-1,576.32,576.4,116.15,138.42,53.8,-1,-1
4121,-1,436.37,421.19,79.85,126.08,51.6,-1,-1
4121,-1,1773.5,446.51,88.57,129.92,29.6,-1,-1
4121,-1,1036.04,513.38,80.87,133.97,28.4,-1,-1
4122,-1,581.47,577.21,102.8,143.87,70.8,-1,-1
4122,-1,432.65,421.2,80.87,127.18,67.9,-1,-1
4122,-1,653.94,400.5,81.19,116.05,63.6,-1,-1
4122,-1,1032.57,514.15,81.65,131.85,55.7,-1,-1
4122,-1,1763.2,445.87,95.64,130.61,28.3,-1,-1
4123,-1,643.43,401.52,88.07,115.99,58.8,-1,-1
4123,-1,575.55,580.1,104.49,141.16,52.3,-1,-1
4123,-1,1773.03,449.25,80.97,125.19,48.1,-1,-1
4123,-1,427.78,420.11,77.27,126.64,42.1,-1,-1
4123,-1,615.04,580.34,66.51,132.07,32.1,-1,-1
4124,-1,632.93,401.8,95.06,115.41,67.7,-1,-1
4124,-1,416.35,421.52,85.56,129.51,57.0,-1,-1
4124,-1,1760.7,452.16,89.66,126.16,43.3,-1,-1
4124,-1,557.85,579.21,114.58,145.26,37.9,-1,-1
4124,-1,1788.07,453.66,63.82,124.75,30.2,-1,-1
4124,-1,1015.17,513.36,92.79,133.38,28.9,-1,-1
4125,-1,632.06,402.83,84.95,114.87,70.5,-1,-1
4125,-1,411.44,423.26,83.01,128.07,46.7,-1,-1
4125,-1,558.14,582.52,106.31,142.44,39.0,-1,-1
4126,-1,406.83,423.6,83.88,129.21,71.9,-1,-1
4126,-1,627.68,404.14,80.91,114.74,65.2,-1,-1
4126,-1,554.78,583.83,100.59,140.69,50.1,-1,-1
4126,-1,1004.33,514.37,82.11,135.36,49.8,-1,-1
4127,-1,621.49,406.68,85.15,111.28,65.2,-1,-1
4127,-1,543.95,584.83,106.92,138.96,63.4,-1,-1
4127,-1,394.04,425.62,88.8,127.2,39.8,-1,-1
4128,-1,608.62,406.38,92.4,114.41,64.9,-1,-1
4128,-1,994.71,515.96,88.81,132.4,51.6,-1,-1
4128,-1,388.47,429.94,84.87,124.89,47.0,-1,-1
4128,-1,530.18,588.08,114.05,138.46,39.4,-1,-1
4129,-1,607.01,405.73,81.38,117.14,61.3,-1,-1
4129,-1,987.72,516.07,85.88,135.15,56.5,-1,-1
4129,-1,383.79,428.84,81.47,127.85,56.3,-1,-1
4129,-1,533.45,586.41,104.9,140.81,55.6,-1,-1
4129,-1,1008.96,517.29,67.05,128.48,25.4,-1,-1
4130,-1,377.39,428.02,83.06,126.48,63.6,-1,-1
4130,-1,598.76,406.18,85.36,116.74,56.0,-1,-1
4130,-1,975.98,516.81,90.33,136.99,55.2,-1,-1
4130,-1,526.31,587.38,105.59,139.09,53.4,-1,-1
4130,-1,565.49,589.17,67.54,130.72,33.3,-1,-1
4131,-1,593.64,409.02,88.83,112.33,72.3,-1,-1
4131,-1,368.51,428.01,87.23,129.75,43.9,-1,-1
4132,-1,584.58,407.71,84.3,116.31,68.9,-1,-1
4132,-1,366.02,429.73,81.83,128.39,40.4,-1,-1
4133,-1,578.79,408.34,81.91,116.46,68.7,-1,-1
4133,-1,354.69,428.84,88.65,128.75,60.6,-1,-1
4133,-1,508.96,589.04,97.99,140.24,29.0,-1,-1
4134,-1,349.54,430.08,89.18,131.0,69.0,-1,-1
4134,-1,573.72,412.08,85.48,113.67,63.8,-1,-1
4134,-1,489.37,589.49,112.66,143.4,55.7,-1,-1
4134,-1,1687.2,456.83,94.4,128.15,37.7,-1,-1
4135,-1,563.49,413.68,90.08,112.08,65.5,-1,-1
4135,-1,344.09,435.87,87.29,124.69,44.7,-1,-1
4135,-1,944.45,524.61,91.99,129.22,42.1,-1,-1
4135,-1,1685.0,456.78,84.88,127.54,41.7,-1,-1
4135,-1,483.81,589.96,117.47,138.4,39.8,-1,-1
4135,-1,537.16,590.57,62.8,136.31,27.9,-1,-1
4136,-1,485.12,589.39,106.62,142.66,71.0,-1,-1
4136,-1,559.03,413.55,82.93,116.59,69.2,-1,-1
4136,-1,340.72,434.84,77.99,125.68,50.0,-1,-1
4136,-1,1683.14,463.3,82.08,122.02,38.7,-1,-1
4136,-1,947.41,525.45,82.23,131.77,37.5,-1,-1
4137,-1,328.21,428.74,86.65,133.01,61.5,-1,-1
4137,-1,550.69,417.04,86.16,112.56,53.3,-1,-1
4137,-1,478.19,590.62,104.48,142.72,27.1,-1,-1
4138,-1,541.53,419.32,92.72,109.51,63.9,-1,-1
4138,-1,320.05,433.13,87.59,130.46,44.0,-1,-1
4138,-1,451.16,591.25,130.06,138.83,42.5,-1,-1
4138,-1,922.15,527.93,93.12,135.66,39.7,-1,-1
4138,-1,1660.49,461.1,92.56,127.18,35.5,-1,-1
4139,-1,538.51,417.54,86.3,110.86,66.2,-1,-1
4139,-1,459.44,591.79,108.05,140.27,45.0,-1,-1
4139,-1,920.67,528.4,89.34,133.66,44.5,-1,-1
4139,-1,317.35,436.91,86.47,125.45,34.8,-1,-1
4139,-1,1657.66,463.28,85.76,123.83,30.2,-1,-1
4140,-1,534.24,419.02,82.25,113.18,63.3,-1,-1
4140,-1,454.61,593.36,106.78,141.0,59.8,-1,-1
4140,-1,307.9,435.52,88.09,129.21,57.8,-1,-1
4140,-1,506.32,592.62,56.01,137.16,50.8,-1,-1
4140,-1,916.51,529.77,85.57,128.44,35.1,-1,-1
4141,-1,301.74,441.42,87.42,124.67,56.2,-1,-1
4141,-1,524.92,420.21,87.17,110.8,55.3,-1,-1
4141,-1,440.38,594.24,115.28,141.31,43.0,-1,-1
4141,-1,904.28,530.07,89.96,129.29,36.6,-1,-1
4142,-1,896.93,531.94,90.84,129.4,58.4,-1,-1
4142,-1,296.25,442.47,86.52,123.85,55.3,-1,-1
4142,-1,515.26,420.14,90.83,109.84,53.4,-1,-1
4142,-1,1638.13,465.31,87.1,124.04,52.9,-1,-1
4142,-1,430.14,597.11,121.08,136.32,46.4,-1,-1
4143,-1,435.7,597.33,104.07,140.71,73.6,-1,-1
4143,-1,894.51,527.76,92.71,135.17,69.7,-1,-1
4143,-1,512.56,420.32,85.41,116.51,61.1,-1,-1
4143,-1,291.6,438.78,79.07,126.97,50.5,-1,-1
4144,-1,505.63,420.53,85.35,116.09,59.6,-1,-1
4144,-1,491.28,600.05,44.22,128.68,54.8,-1,-1
4144,-1,430.16,598.88,103.61,137.2,50.5,-1,-1
4144,-1,889.62,531.58,85.26,129.51,42.6,-1,-1
4144,-1,463.09,601.07,71.76,130.91,40.9,-1,-1
4144,-1,283.57,442.77,82.71,125.19,40.1,-1,-1
4145,-1,497.23,420.37,88.42,114.65,65.2,-1,-1
4145,-1,279.92,442.29,78.64,119.54,44.9,-1,-1
4145,-1,878.71,531.75,90.81,133.99,36.6,-1,-1
4146,-1,490.59,420.12,87.0,114.88,69.5,-1,-1
4146,-1,872.5,531.27,93.45,135.33,62.1,-1,-1
4146,-1,285.25,445.01,74.07,118.78,61.1,-1,-1
4146,-1,307.91,445.85,50.29,112.54,58.1,-1,-1
4146,-1,411.33,598.86,106.0,140.85,47.3,-1,-1
4147,-1,266.51,440.12,81.4,131.34,73.8,-1,-1
4147,-1,488.04,421.52,81.95,115.93,62.0,-1,-1
4147,-1,404.28,600.31,106.74,141.52,51.5,-1,-1
4147,-1,869.68,532.61,90.3,132.98,51.1,-1,-1
4147,-1,445.85,600.69,66.19,134.6,30.1,-1,-1
4148,-1,257.71,443.8,85.22,127.83,65.1,-1,-1
4148,-1,481.75,421.14,83.17,114.94,61.6,-1,-1
4148,-1,861.42,534.12,86.31,130.79,40.6,-1,-1
4148,-1,388.51,600.46,117.43,144.17,38.0,-1,-1
4149,-1,248.04,444.97,85.97,129.96,52.9,-1,-1
4149,-1,464.88,424.63,95.16,115.06,50.3,-1,-1
4149,-1,849.34,537.18,92.71,130.65,39.5,-1,-1
4149,-1,262.36,448.93,69.69,105.79,33.8,-1,-1
4149,-1,386.18,601.82,113.77,134.02,32.6,-1,-1
4150,-1,240.14,441.52,84.35,133.55,76.7,-1,-1
4150,-1,463.34,424.14,86.14,117.0,64.8,-1,-1
4150,-1,847.47,535.99,90.39,134.33,63.3,-1,-1
4150,-1,384.2,603.55,102.73,140.47,29.7,-1,-1
4151,-1,456.96,424.86,84.76,115.89,50.3,-1,-1
4151,-1,230.9,445.38,87.87,129.6,46.7,-1,-1
4151,-1,843.21,535.82,86.91,134.12,26.0,-1,-1
4152,-1,223.65,449.97,88.53,122.46,61.4,-1,-1
4152,-1,448.72,424.96,89.16,117.03,60.9,-1,-1
4152,-1,241.98,451.35,69.55,108.61,54.3,-1,-1
4152,-1,365.69,605.87,101.72,142.09,43.9,-1,-1
4152,-1,829.31,539.37,91.59,132.68,29.7,-1,-1
4153,-1,440.16,424.68,89.35,118.26,66.7,-1,-1
4153,-1,215.83,447.21,86.99,130.99,61.5,-1,-1
4153,-1,360.97,608.3,101.24,141.03,59.5,-1,-1
4154,-1,204.78,449.22,91.67,129.8,66.3,-1,-1
4154,-1,435.46,426.96,82.02,115.27,59.5,-1,-1
4154,-1,344.01,609.87,110.33,139.9,56.5,-1,-1
4154,-1,821.86,538.96,82.88,128.19,29.2,-1,-1
4155,-1,422.18,430.27,92.12,110.1,56.5,-1,-1
4155,-1,200.46,451.96,85.66,128.42,48.9,-1,-1
4155,-1,806.79,539.59,87.47,134.96,34.9,-1,-1
4156,-1,188.72,448.34,86.47,133.74,67.8,-1,-1
4156,-1,801.8,539.98,90.82,132.23,58.7,-1,-1
4156,-1,415.75,428.56,88.37,117.47,52.3,-1,-1
4157,-1,408.01,430.0,83.06,117.58,44.3,-1,-1
4157,-1,182.28,448.53,87.2,132.1,34.4,-1,-1
4157,-1,795.61,540.76,87.07,135.69,28.1,-1,-1
4158,-1,396.24,432.52,92.78,109.74,64.2,-1,-1
4158,-1,316.72,613.29,104.25,140.98,41.0,-1,-1
4158,-1,1520.01,477.85,87.94,124.13,35.7,-1,-1
4158,-1,781.3,541.55,91.61,136.43,29.7,-1,-1
4158,-1,175.83,458.94,86.38,120.3,26.7,-1,-1
4159,-1,162.62,452.86,90.87,132.22,59.6,-1,-1
4159,-1,297.13,614.19,118.47,142.82,58.1,-1,-1
4159,-1,391.59,429.76,83.95,116.61,50.9,-1,-1
4159,-1,1520.64,482.21,81.24,119.44,26.2,-1,-1
4160,-1,158.8,454.71,87.3,131.26,63.7,-1,-1
4160,-1,384.5,434.27,82.34,113.27,55.4,-1,-1
4160,-1,775.63,542.58,80.32,130.56,31.8,-1,-1
4160,-1,287.72,613.56,122.75,138.68,31.2,-1,-1
4161,-1,370.69,435.04,91.57,111.93,57.6,-1,-1
4161,-1,149.7,459.76,85.23,125.26,44.5,-1,-1
4162,-1,137.89,456.54,86.39,131.31,53.0,-1,-1
4162,-1,364.94,435.0,83.66,117.42,50.8,-1,-1
4162,-1,266.95,615.79,123.31,139.17,43.1,-1,-1
4162,-1,752.53,547.02,91.41,132.63,41.5,-1,-1
4162,-1,321.13,615.36,69.19,134.96,32.2,-1,-1
4163,-1,267.55,616.79,110.8,145.65,47.8,-1,-1
4163,-1,347.28,440.64,95.08,112.16,40.5,-1,-1
4163,-1,130.75,460.93,87.28,124.21,28.2,-1,-1
4164,-1,263.45,618.84,106.35,145.93,60.1,-1,-1
4164,-1,353.14,440.22,84.33,109.8,46.3,-1,-1
4165,-1,111.81,459.31,87.94,130.01,59.0,-1,-1
4165,-1,340.43,440.48,81.97,113.84,33.5,-1,-1
4166,-1,324.51,443.52,93.29,107.86,50.8,-1,-1
4166,-1,241.29,620.65,108.12,143.76,45.6,-1,-1
4166,-1,107.65,465.39,83.16,123.57,39.4,-1,-1
4166,-1,1447.57,482.14,94.53,126.22,35.7,-1,-1
4167,-1,323.39,443.7,84.73,110.76,35.7,-1,-1
4168,-1,313.86,444.07,83.76,112.26,29.1,-1,-1
4169,-1,298.94,444.08,92.32,109.76,33.9,-1,-1
4169,-1,214.87,623.75,105.94,147.94,31.8,-1,-1
4169,-1,1428.45,490.06,86.89,116.46,30.7,-1,-1
4169,-1,85.89,463.96,78.01,117.42,28.4,-1,-1
4170,-1,75.44,464.98,81.82,125.39,57.7,-1,-1
4170,-1,296.95,444.51,85.84,115.66,50.2,-1,-1
4170,-1,1422.16,490.13,83.14,115.93,36.1,-1,-1
4170,-1,120.4,467.73,39.84,117.63,34.6,-1,-1
4170,-1,681.09,554.96,95.57,133.8,31.4,-1,-1
4170,-1,194.27,624.14,120.6,137.57,27.7,-1,-1
4170,-1,269.85,625.19,46.17,130.67,26.9,-1,-1
4171,-1,64.29,464.66,85.73,130.16,55.0,-1,-1
4171,-1,289.82,444.95,82.18,114.52,47.7,-1,-1
4171,-1,197.0,624.59,106.68,144.62,34.1,-1,-1
4172,-1,276.16,445.86,88.8,110.43,60.8,-1,-1
4172,-1,55.17,465.83,82.56,129.9,47.0,-1,-1
4172,-1,1399.83,490.26,90.44,120.26,26.4,-1,-1
4173,-1,272.5,445.88,83.32,116.76,34.7,-1,-1
4174,-1,262.09,445.82,86.36,116.88,52.1,-1,-1
4174,-1,171.67,629.58,105.17,145.8,41.9,-1,-1
4174,-1,653.53,559.44,84.36,134.43,39.7,-1,-1
4174,-1,32.75,469.3,87.27,130.98,27.3,-1,-1
4175,-1,247.42,447.76,95.21,116.77,53.0,-1,-1
4176,-1,31.82,475.74,75.04,122.67,41.5,-1,-1
4176,-1,246.47,447.77,79.8,116.2,39.0,-1,-1
4178,-1,1350.72,493.48,92.91,125.19,55.8,-1,-1
4178,-1,223.57,449.36,92.9,118.1,51.9,-1,-1
4179,-1,14.4,477.66,61.21,122.44,32.2,-1,-1
4179,-1,218.91,448.69,83.28,118.17,31.1,-1,-1
4180,-1,203.75,452.64,96.57,111.18,54.1,-1,-1
4180,-1,11.1,478.08,56.51,110.91,34.7,-1,-1
4180,-1,605.63,562.97,80.15,133.64,26.0,-1,-1
4181,-1,199.12,452.57,90.34,116.81,41.1,-1,-1
4181,-1,1326.61,493.96,87.3,126.06,36.9,-1,-1
4182,-1,191.4,453.66,84.44,118.19,42.0,-1,-1
4182,-1,1317.75,494.45,85.16,126.7,35.4,-1,-1
4182,-1,98.36,637.57,105.7,141.4,33.3,-1,-1
4182,-1,130.74,637.42,78.33,135.73,31.7,-1,-1
4183,-1,176.02,457.9,96.41,113.37,41.8,-1,-1
4184,-1,174.33,453.79,85.14,118.27,56.2,-1,-1
4184,-1,75.63,639.11,109.65,146.52,45.8,-1,-1
4185,-1,68.45,642.65,109.14,143.01,53.6,-1,-1
4185,-1,166.07,455.63,85.07,116.36,50.9,-1,-1
4185,-1,0.97,477.92,24.13,129.62,34.0,-1,-1
4185,-1,104.72,641.93,73.49,138.21,32.2,-1,-1
4186,-1,154.11,458.24,91.53,112.93,75.4,-1,-1
4186,-1,0.83,485.95,22.94,119.96,48.4,-1,-1
4186,-1,44.28,640.54,128.83,139.3,45.9,-1,-1
4186,-1,2.01,476.09,18.21,118.67,26.2,-1,-1
4187,-1,152.37,459.32,91.24,116.34,72.8,-1,-1
4187,-1,45.05,640.59,122.81,141.78,51.4,-1,-1
4187,-1,1.47,489.04,19.68,107.68,39.5,-1,-1
4188,-1,53.0,641.42,114.98,144.46,67.4,-1,-1
4188,-1,152.06,459.55,87.47,115.19,63.3,-1,-1
4188,-1,1.54,502.36,20.24,104.22,37.0,-1,-1
4189,-1,151.6,462.65,83.68,113.05,66.6,-1,-1
4189,-1,53.12,639.9,99.65,140.13,57.5,-1,-1
4189,-1,1.71,497.97,19.7,107.95,35.8,-1,-1
4190,-1,51.2,641.01,103.84,139.14,72.9,-1,-1
4190,-1,148.57,464.82,82.18,112.49,70.1,-1,-1
4190,-1,1.31,493.94,20.44,111.77,34.7,-1,-1
4191,-1,146.34,467.62,82.02,110.38,72.0,-1,-1
4191,-1,52.94,640.44,100.78,138.34,66.6,-1,-1
4191,-1,1.53,502.03,20.12,103.33,36.2,-1,-1
4191,-1,529.98,567.52,80.21,131.81,30.3,-1,-1
4192,-1,53.57,640.23,101.67,142.61,77.0,-1,-1
4192,-1,144.5,468.62,83.12,109.44,71.9,-1,-1
4192,-1,1.51,499.25,20.27,107.54,39.1,-1,-1
4192,-1,522.1,569.32,83.75,129.3,31.1,-1,-1
4193,-1,144.18,468.55,83.86,109.83,71.3,-1,-1
4193,-1,52.46,639.67,103.89,140.51,65.0,-1,-1
4193,-1,514.18,569.21,90.86,128.58,45.1,-1,-1
4193,-1,89.91,639.86,68.63,136.6,39.0,-1,-1
4193,-1,1.58,499.49,19.99,107.39,37.2,-1,-1
4194,-1,141.66,468.21,85.92,110.51,73.0,-1,-1
4194,-1,51.84,639.33,100.19,137.76,70.6,-1,-1
4194,-1,512.01,570.06,93.12,127.62,48.0,-1,-1
4194,-1,86.85,640.56,67.29,127.85,43.1,-1,-1
4194,-1,1.74,504.85,19.53,101.23,34.4,-1,-1
4195,-1,141.29,467.9,84.78,108.86,70.7,-1,-1
4195,-1,52.62,639.23,100.83,139.58,67.1,-1,-1
4195,-1,1.65,503.19,19.52,101.85,34.0,-1,-1
4196,-1,52.9,638.01,95.94,138.62,71.3,-1,-1
4196,-1,140.01,467.83,84.6,109.17,68.8,-1,-1
4196,-1,1.69,491.68,18.84,103.71,38.5,-1,-1
4196,-1,507.12,570.45,79.59,124.86,31.4,-1,-1
4197,-1,49.88,637.13,100.78,138.12,71.5,-1,-1
4197,-1,138.49,467.84,84.09,107.73,68.0,-1,-1
4197,-1,91.76,638.34,60.36,131.97,48.2,-1,-1
4197,-1,503.1,568.41,80.83,126.65,40.8,-1,-1
4197,-1,1.42,499.03,19.98,105.43,38.9,-1,-1
4198,-1,48.54,638.06,96.86,137.31,75.8,-1,-1
4198,-1,135.41,468.13,83.55,108.05,67.2,-1,-1
4198,-1,1.46,504.78,19.75,98.52,41.0,-1,-1
4198,-1,498.65,571.98,80.2,122.94,40.4,-1,-1
4198,-1,73.53,638.6,73.29,128.07,36.0,-1,-1
4199,-1,133.78,468.61,83.01,106.97,63.4,-1,-1
4199,-1,49.64,638.24,90.78,132.46,57.7,-1,-1
4199,-1,1.49,505.92,19.64,96.62,37.7,-1,-1
4199,-1,493.48,569.36,82.93,123.93,28.2,-1,-1
4199,-1,102.49,639.04,45.76,125.06,25.2,-1,-1
4200,-1,46.55,638.13,97.7,136.19,75.8,-1,-1
4200,-1,130.57,470.35,84.2,108.82,65.8,-1,-1
4200,-1,1.57,501.87,19.39,101.15,34.3,-1,-1
4200,-1,487.52,572.28,79.64,118.33,28.8,-1,-1
4201,-1,130.94,472.1,80.57,106.09,62.0,-1,-1
4201,-1,44.04,637.52,93.03,131.71,60.4,-1,-1
4201,-1,1.65,509.45,18.97,93.64,32.0,-1,-1
4202,-1,129.6,472.78,79.49,106.4,70.4,-1,-1
4202,-1,41.27,636.63,90.66,131.07,63.2,-1,-1
4202,-1,1.53,508.6,19.21,94.13,33.6,-1,-1
4202,-1,481.61,573.6,74.6,114.48,32.9,-1,-1
4203,-1,129.16,473.52,77.65,106.83,75.8,-1,-1
4203,-1,35.72,637.32,92.57,130.21,62.5,-1,-1
4203,-1,474.39,568.41,79.25,118.86,37.0,-1,-1
4203,-1,1.52,513.85,18.53,89.08,28.7,-1,-1
4204,-1,128.69,476.74,75.93,103.35,72.4,-1,-1
4204,-1,35.56,638.59,93.8,126.43,59.4,-1,-1
4204,-1,1.47,516.23,18.32,87.15,25.5,-1,-1
4205,-1,126.38,478.59,76.22,100.25,71.2,-1,-1
4205,-1,33.6,636.46,95.95,128.68,68.9,-1,-1
4205,-1,463.29,576.94,76.36,109.92,29.1,-1,-1
4206,-1,33.01,635.97,95.72,128.68,71.1,-1,-1
4206,-1,123.21,479.65,75.99,97.57,57.1,-1,-1
4206,-1,459.63,573.77,75.63,113.8,39.9,-1,-1
4207,-1,31.44,636.35,93.78,121.0,73.4,-1,-1
4207,-1,120.96,479.29,73.74,98.69,51.6,-1,-1
4207,-1,455.47,572.28,76.64,114.71,31.0,-1,-1
4208,-1,31.19,636.29,88.53,116.78,53.9,-1,-1
4208,-1,113.97,478.34,81.22,99.55,50.9,-1,-1
4209,-1,31.16,636.56,87.95,120.8,74.5,-1,-1
4209,-1,110.34,478.84,80.66,98.94,47.3,-1,-1
4210,-1,29.99,635.16,84.63,121.26,76.4,-1,-1
4210,-1,106.95,478.73,79.97,99.79,59.7,-1,-1
4210,-1,437.34,576.85,74.79,105.66,29.7,-1,-1
4211,-1,105.67,478.43,77.58,100.78,62.0,-1,-1
4211,-1,28.62,637.8,79.06,119.04,58.2,-1,-1
4212,-1,104.77,482.76,74.74,97.93,66.8,-1,-1
4212,-1,21.55,637.76,82.14,118.13,31.0,-1,-1
4212,-1,431.41,576.52,70.02,105.24,28.0,-1,-1
4213,-1,103.2,484.58,73.22,93.82,64.1,-1,-1
4214,-1,99.12,488.13,73.67,89.84,55.7,-1,-1
4215,-1,96.55,488.39,68.67,88.74,51.5,-1,-1
4216,-1,87.13,488.68,74.95,90.12,67.2,-1,-1
4217,-1,84.22,490.35,73.43,90.61,72.4,-1,-1
4217,-1,403.86,578.23,66.63,103.79,30.4,-1,-1
4218,-1,82.42,491.47,73.08,91.47,69.1,-1,-1
4218,-1,396.53,576.87,72.47,105.07,42.1,-1,-1
4218,-1,964.71,516.32,69.69,98.22,36.9,-1,-1
4219,-1,78.84,491.15,74.01,90.67,72.7,-1,-1
4219,-1,390.34,580.55,70.38,100.12,39.4,-1,-1
4220,-1,76.11,492.4,72.9,91.26,71.5,-1,-1
4220,-1,386.72,579.64,69.57,101.35,40.1,-1,-1
4220,-1,14.59,637.89,63.82,110.51,35.7,-1,-1
4221,-1,72.09,495.03,73.26,92.24,64.2,-1,-1
4221,-1,9.76,638.08,66.56,110.63,56.1,-1,-1
4221,-1,383.87,583.08,68.98,97.31,28.4,-1,-1
4221,-1,937.0,515.83,63.54,94.33,25.4,-1,-1
4222,-1,69.04,491.8,71.6,94.1,75.2,-1,-1
4222,-1,7.86,637.99,61.38,106.47,63.3,-1,-1
4222,-1,377.4,581.89,68.95,99.1,37.1,-1,-1
4222,-1,929.26,514.36,65.7,100.65,30.6,-1,-1
4223,-1,66.31,489.54,70.0,96.24,75.3,-1,-1
4223,-1,35.07,637.83,31.54,95.02,34.2,-1,-1
4224,-1,60.16,490.73,73.52,94.03,73.1,-1,-1
4224,-1,364.9,582.74,71.2,98.78,36.9,-1,-1
4224,-1,911.91,516.7,61.0,97.3,34.1,-1,-1
4225,-1,57.28,492.75,69.73,92.93,66.8,-1,-1
4225,-1,361.88,584.61,69.79,95.98,33.6,-1,-1
4226,-1,54.97,492.05,69.78,94.46,66.5,-1,-1
4226,-1,0.0,637.48,55.93,107.17,52.4,-1,-1
4226,-1,356.38,579.8,68.97,101.36,42.3,-1,-1
4226,-1,894.53,516.65,66.88,98.15,29.1,-1,-1
4227,-1,52.46,492.14,68.57,91.06,66.3,-1,-1
4227,-1,0.0,636.27,53.83,107.8,49.3,-1,-1
4227,-1,348.34,576.98,73.93,104.32,36.8,-1,-1
4227,-1,886.18,518.04,60.46,99.49,25.0,-1,-1
4228,-1,48.35,498.44,66.08,87.89,69.6,-1,-1
4228,-1,0.0,638.11,48.87,101.99,51.2,-1,-1
4228,-1,342.87,579.1,70.88,101.62,49.0,-1,-1
4229,-1,44.8,498.35,69.37,90.19,74.7,-1,-1
4229,-1,340.72,585.23,66.3,93.84,59.7,-1,-1
4229,-1,870.67,518.89,62.64,94.71,38.9,-1,-1
4229,-1,0.2,636.89,41.04,105.32,37.0,-1,-1
4230,-1,39.81,492.71,72.73,94.03,74.0,-1,-1
4230,-1,334.77,582.73,64.26,95.58,56.0,-1,-1
4230,-1,860.96,518.16,63.24,97.41,46.3,-1,-1
4230,-1,0.21,636.71,39.39,103.9,44.4,-1,-1
4231,-1,38.42,497.21,71.21,91.18,68.8,-1,-1
4231,-1,329.92,582.06,67.13,98.3,42.5,-1,-1
4231,-1,851.98,518.9,63.72,96.64,37.4,-1,-1
4232,-1,35.0,498.33,73.66,91.57,75.0,-1,-1
4232,-1,846.78,517.58,60.37,94.71,48.7,-1,-1
4232,-1,0.0,638.33,33.38,98.81,43.5,-1,-1
4232,-1,323.48,581.95,66.51,97.98,41.0,-1,-1
4233,-1,32.55,500.48,70.42,88.22,71.6,-1,-1
4233,-1,0.0,639.44,34.44,98.35,51.2,-1,-1
4233,-1,836.87,518.89,63.82,96.52,47.0,-1,-1
4233,-1,318.4,585.68,67.49,95.07,39.1,-1,-1
4234,-1,32.1,503.28,64.76,85.54,68.7,-1,-1
4234,-1,831.93,521.53,60.64,93.57,55.6,-1,-1
4234,-1,1.36,635.3,26.64,96.91,54.8,-1,-1
4234,-1,316.39,581.99,64.16,96.29,45.4,-1,-1
4235,-1,27.96,504.04,62.62,85.93,72.9,-1,-1
4235,-1,824.11,525.43,60.06,86.47,58.0,-1,-1
4235,-1,1.05,636.25,24.17,101.17,42.2,-1,-1
4235,-1,313.02,582.14,61.03,93.8,26.0,-1,-1
4236,-1,24.41,501.77,63.03,86.71,63.4,-1,-1
4236,-1,817.3,526.99,57.78,87.02,48.0,-1,-1
4236,-1,2.13,634.86,21.22,96.12,37.9,-1,-1
4236,-1,307.41,581.28,64.96,95.52,36.0,-1,-1
4237,-1,19.66,502.21,66.66,87.76,60.6,-1,-1
4237,-1,302.92,579.28,65.68,97.39,37.7,-1,-1
4237,-1,1.81,635.41,21.54,97.2,35.5,-1,-1
4237,-1,809.3,525.89,57.22,89.71,29.4,-1,-1
4238,-1,18.85,503.8,66.14,86.68,66.8,-1,-1
4238,-1,298.67,585.06,66.74,92.34,59.2,-1,-1
4238,-1,2.11,636.01,19.86,97.39,34.6,-1,-1
4238,-1,800.03,525.23,57.24,85.3,30.1,-1,-1
4239,-1,18.04,505.39,67.55,86.56,64.4,-1,-1
4239,-1,294.4,586.47,63.7,90.3,47.7,-1,-1
4239,-1,1.83,635.13,19.76,96.37,37.8,-1,-1
4239,-1,792.63,524.8,56.87,88.94,34.0,-1,-1
4240,-1,17.41,506.17,65.2,86.0,62.8,-1,-1
4240,-1,788.37,526.58,55.73,88.27,47.4,-1,-1
4240,-1,293.32,585.41,59.96,91.0,46.0,-1,-1
4240,-1,1.85,635.25,19.38,93.82,37.4,-1,-1
4241,-1,15.82,509.07,66.08,82.3,55.7,-1,-1
4241,-1,291.3,585.69,59.26,88.17,47.4,-1,-1
4241,-1,779.03,529.5,58.54,80.89,40.0,-1,-1
4241,-1,1.57,634.32,19.56,95.59,39.5,-1,-1
4242,-1,774.31,527.73,54.14,84.95,61.2,-1,-1
4242,-1,288.23,585.45,59.57,89.01,56.9,-1,-1
4242,-1,14.15,511.91,65.93,79.68,54.8,-1,-1
4242,-1,1.53,636.25,18.36,94.5,27.7,-1,-1
4243,-1,285.38,586.17,61.53,89.4,55.9,-1,-1
4243,-1,765.67,526.69,56.56,85.53,36.4,-1,-1
4243,-1,11.5,514.13,62.75,76.75,28.1,-1,-1
4244,-1,281.48,582.95,63.95,91.74,71.2,-1,-1
4244,-1,756.12,528.69,58.86,82.96,29.4,-1,-1
4245,-1,276.14,587.7,64.44,89.11,66.1,-1,-1
4245,-1,751.72,530.27,53.74,81.5,40.7,-1,-1
4246,-1,272.82,588.32,62.41,86.46,66.4,-1,-1
4246,-1,743.82,528.74,55.92,84.37,50.2,-1,-1
4247,-1,270.76,585.18,60.31,87.78,53.3,-1,-1
4247,-1,739.97,529.78,55.26,83.36,38.1,-1,-1
4247,-1,2.21,516.56,58.5,73.54,31.9,-1,-1
4248,-1,267.09,585.26,59.53,87.06,51.3,-1,-1
4248,-1,732.92,533.21,57.13,79.74,47.1,-1,-1
4248,-1,1.52,516.77,58.52,73.85,45.6,-1,-1
4249,-1,263.94,583.04,60.77,91.17,62.1,-1,-1
4249,-1,728.51,533.1,55.01,79.77,55.2,-1,-1
4249,-1,0.69,516.89,58.34,75.26,31.0,-1,-1
4250,-1,726.17,534.37,54.61,79.54,70.8,-1,-1
4250,-1,261.8,583.46,62.68,89.96,58.0,-1,-1
4250,-1,1204.55,603.25,57.23,80.7,37.2,-1,-1
4250,-1,0.37,516.42,59.37,75.4,36.1,-1,-1
4251,-1,721.54,535.31,56.06,79.43,51.9,-1,-1
4251,-1,261.49,587.28,58.93,86.6,43.6,-1,-1
4252,-1,257.68,586.61,62.19,87.47,59.5,-1,-1
4252,-1,0.41,516.82,56.74,77.02,36.1,-1,-1
4253,-1,254.35,587.9,63.49,88.33,58.6,-1,-1
4253,-1,0.31,517.04,55.68,76.66,28.4,-1,-1
4254,-1,250.63,589.68,61.83,86.17,59.0,-1,-1
4254,-1,0.2,516.49,56.7,76.37,32.4,-1,-1
4254,-1,1178.04,600.93,56.78,82.22,27.7,-1,-1
4255,-1,249.12,589.37,58.74,85.98,55.9,-1,-1
4255,-1,0.38,515.14,51.58,78.08,29.0,-1,-1
4256,-1,246.98,588.16,57.42,85.48,46.6,-1,-1
4257,-1,243.73,588.27,56.89,85.94,48.3,-1,-1
4258,-1,242.11,586.35,56.57,88.27,56.3,-1,-1
4258,-1,1155.72,604.49,56.11,79.47,37.2,-1,-1
4259,-1,239.45,587.56,58.1,87.49,62.8,-1,-1
4259,-1,687.28,539.72,53.11,73.33,43.4,-1,-1
4259,-1,0.0,517.43,40.69,75.89,41.1,-1,-1
4260,-1,236.72,587.47,58.52,90.84,70.6,-1,-1
4260,-1,681.63,539.44,53.26,74.89,55.1,-1,-1
4260,-1,0.0,518.37,38.74,75.04,39.1,-1,-1
4261,-1,681.21,537.7,52.42,76.4,72.4,-1,-1
4261,-1,232.26,587.45,58.64,91.58,69.9,-1,-1
4261,-1,0.23,521.94,36.08,75.74,38.3,-1,-1
4261,-1,1145.57,601.93,57.0,80.0,30.0,-1,-1
4262,-1,227.6,588.59,59.36,91.03,62.7,-1,-1
4262,-1,1139.22,602.35,58.27,79.47,38.4,-1,-1
4262,-1,678.0,538.57,52.07,76.24,35.0,-1,-1
4262,-1,0.69,525.53,33.41,74.61,29.9,-1,-1
4263,-1,223.32,589.42,57.74,89.79,44.2,-1,-1
4263,-1,0.92,526.98,30.63,75.78,34.6,-1,-1
4263,-1,1136.52,606.05,57.71,77.8,26.6,-1,-1
4264,-1,221.67,589.38,54.68,87.67,39.8,-1,-1
4264,-1,1134.8,606.84,55.74,79.13,36.7,-1,-1
4264,-1,0.99,524.62,27.99,77.35,30.4,-1,-1
4265,-1,221.04,590.38,55.19,87.73,41.6,-1,-1
4265,-1,1.23,522.88,26.24,81.06,37.3,-1,-1
4265,-1,1133.4,608.55,55.29,75.91,26.8,-1,-1
4266,-1,219.84,591.04,55.37,86.95,42.7,-1,-1
4266,-1,1.32,521.78,24.01,84.36,41.0,-1,-1
4266,-1,1132.69,608.19,55.44,77.42,39.8,-1,-1
4266,-1,668.17,539.12,55.44,76.21,28.8,-1,-1
4267,-1,668.84,539.06,53.03,75.29,50.7,-1,-1
4267,-1,218.99,591.32,56.28,87.75,42.6,-1,-1
4267,-1,1.49,520.73,22.64,84.84,42.1,-1,-1
4267,-1,1130.91,610.0,56.05,76.59,36.5,-1,-1
4268,-1,666.67,538.44,52.77,78.73,56.4,-1,-1
4268,-1,217.79,591.13,56.47,88.11,40.4,-1,-1
4268,-1,1130.06,610.65,56.65,75.34,39.3,-1,-1
4268,-1,1.99,520.83,20.5,84.65,33.5,-1,-1
4269,-1,218.9,592.24,55.73,89.36,48.6,-1,-1
4269,-1,1129.71,609.74,55.93,76.56,42.7,-1,-1
4269,-1,665.94,539.23,51.58,78.98,38.4,-1,-1
4269,-1,1.75,521.31,20.26,84.16,28.7,-1,-1
4270,-1,663.79,538.88,52.4,80.01,58.6,-1,-1
4270,-1,218.97,595.08,55.24,87.02,51.2,-1,-1
4270,-1,1129.16,606.47,56.35,77.92,39.9,-1,-1
4270,-1,1.6,521.8,20.06,84.06,38.3,-1,-1
4271,-1,217.9,596.46,55.84,86.52,55.6,-1,-1
4271,-1,663.7,538.87,50.94,81.15,52.0,-1,-1
4271,-1,1.83,521.46,18.91,84.38,30.3,-1,-1
4271,-1,1128.06,604.83,57.14,80.85,26.3,-1,-1
4272,-1,216.16,595.49,57.18,87.65,57.7,-1,-1
4272,-1,662.13,539.84,50.44,80.46,44.6,-1,-1
4272,-1,1127.46,604.04,56.99,82.78,33.3,-1,-1
4272,-1,1.92,521.75,18.08,84.26,26.1,-1,-1
4273,-1,214.93,598.38,55.94,85.25,44.8,-1,-1
4273,-1,1.89,521.49,18.21,83.81,25.1,-1,-1
4274,-1,211.29,592.62,59.92,89.26,42.4,-1,-1
4274,-1,1.52,520.57,19.25,83.07,36.6,-1,-1
4274,-1,1126.55,609.51,57.47,77.88,28.6,-1,-1
4275,-1,211.96,598.01,58.38,85.17,34.8,-1,-1
4275,-1,1.49,519.78,18.97,83.19,31.0,-1,-1
4275,-1,1127.07,610.13,56.68,77.77,28.6,-1,-1
4276,-1,210.14,592.76,60.7,90.45,51.5,-1,-1
4276,-1,1127.06,610.57,56.64,78.01,45.1,-1,-1
4276,-1,1.5,520.17,18.7,83.54,35.9,-1,-1
4276,-1,657.28,540.38,51.91,77.25,27.5,-1,-1
4277,-1,210.68,593.75,60.95,90.83,53.3,-1,-1
4277,-1,657.97,540.68,52.62,79.7,52.0,-1,-1
4277,-1,1127.76,611.16,55.84,77.61,41.1,-1,-1
4278,-1,659.95,540.74,53.14,83.07,69.5,-1,-1
4278,-1,208.62,594.41,59.6,91.41,68.7,-1,-1
4278,-1,1128.13,610.99,56.28,82.56,62.7,-1,-1
4279,-1,1128.04,610.94,57.95,84.42,54.2,-1,-1
4279,-1,206.34,594.13,58.97,91.16,38.5,-1,-1
4280,-1,203.93,592.7,57.46,91.63,39.4,-1,-1
4280,-1,1128.18,610.54,57.61,83.06,39.2,-1,-1
4281,-1,1128.91,612.92,57.17,79.62,42.5,-1,-1
4281,-1,201.23,597.31,57.96,86.21,30.2,-1,-1
4282,-1,656.94,543.48,53.39,82.86,61.7,-1,-1
4282,-1,200.88,603.73,56.46,80.54,44.3,-1,-1
4283,-1,655.01,544.18,51.52,82.45,27.2,-1,-1
4284,-1,195.64,604.7,57.04,81.01,46.8,-1,-1
4284,-1,1130.78,613.69,56.48,87.37,27.2,-1,-1
4285,-1,191.79,602.66,59.13,86.78,39.5,-1,-1
4285,-1,1132.44,613.72,56.32,88.47,37.4,-1,-1
4285,-1,651.33,545.14,53.99,85.85,25.0,-1,-1
4286,-1,1133.38,613.95,55.52,88.18,46.5,-1,-1
4286,-1,652.06,548.64,54.55,83.24,34.8,-1,-1
4286,-1,190.58,603.18,59.25,86.6,28.9,-1,-1
4287,-1,190.68,601.83,60.55,87.49,49.9,-1,-1
4287,-1,1134.26,614.33,57.64,88.58,39.9,-1,-1
4288,-1,1135.15,619.91,61.37,84.66,30.0,-1,-1
4289,-1,650.15,551.03,57.79,83.75,43.5,-1,-1
4289,-1,1138.55,616.22,59.39,87.04,34.6,-1,-1
4289,-1,184.36,606.96,64.24,84.62,33.5,-1,-1
4290,-1,1139.98,617.12,62.11,88.87,61.0,-1,-1
4290,-1,651.38,552.44,53.83,83.02,37.9,-1,-1
4290,-1,181.25,609.99,63.2,84.27,33.4,-1,-1
4291,-1,1144.08,621.94,60.59,86.62,43.4,-1,-1
4291,-1,649.8,553.26,56.14,83.47,35.3,-1,-1
4292,-1,177.69,611.97,60.49,85.67,60.7,-1,-1
4292,-1,649.68,552.56,57.61,84.56,44.5,-1,-1
4293,-1,176.0,613.4,60.46,88.65,48.3,-1,-1
4293,-1,653.34,554.57,54.01,82.39,30.5,-1,-1
4294,-1,654.56,554.27,54.48,83.54,67.5,-1,-1
4294,-1,1155.49,628.09,57.07,81.05,52.8,-1,-1
4294,-1,174.6,612.8,59.7,91.11,42.6,-1,-1
4295,-1,654.26,555.61,54.95,82.47,47.5,-1,-1
4295,-1,1156.84,627.66,58.68,82.01,47.0,-1,-1
4295,-1,172.57,612.34,59.43,89.69,33.6,-1,-1
4296,-1,1160.59,627.32,63.59,84.43,46.5,-1,-1
4296,-1,655.38,558.03,53.75,79.26,44.5,-1,-1
4296,-1,171.75,611.96,57.8,92.57,37.2,-1,-1
4297,-1,172.47,612.79,59.97,91.66,36.6,-1,-1
4297,-1,656.56,558.06,54.43,80.72,26.6,-1,-1
4298,-1,171.54,612.36,59.84,93.06,41.6,-1,-1
4298,-1,1172.35,626.66,60.18,91.86,36.5,-1,-1
4298,-1,654.92,559.97,56.44,79.65,34.6,-1,-1
4299,-1,168.82,612.95,61.12,94.31,44.5,-1,-1
4300,-1,168.07,612.8,59.42,94.87,31.7,-1,-1
4300,-1,657.41,560.27,59.3,81.29,26.7,-1,-1
4301,-1,167.6,614.27,60.09,97.7,34.9,-1,-1
4302,-1,166.93,614.76,59.66,99.14,33.3,-1,-1
4303,-1,1194.68,635.68,63.91,89.06,36.1,-1,-1
4303,-1,163.51,618.33,64.43,96.37,35.2,-1,-1
4303,-1,667.74,563.35,60.45,85.16,27.4,-1,-1
4304,-1,162.74,621.69,63.14,93.81,37.0,-1,-1
4305,-1,164.18,621.95,62.93,93.42,38.1,-1,-1
4306,-1,671.17,562.97,61.02,86.83,60.2,-1,-1
4306,-1,163.99,620.59,63.86,98.16,41.8,-1,-1
4307,-1,675.64,563.51,58.35,87.08,50.1,-1,-1
4308,-1,678.82,563.47,62.33,89.82,56.8,-1,-1
4309,-1,680.36,563.47,62.8,91.86,53.1,-1,-1
4309,-1,158.16,625.43,69.78,93.8,37.8,-1,-1
4310,-1,681.49,563.58,59.81,90.9,46.9,-1,-1
4310,-1,1231.16,641.72,71.82,95.53,26.9,-1,-1
4311,-1,682.03,562.68,64.57,93.3,47.8,-1,-1
4311,-1,155.86,626.14,72.09,99.34,32.0,-1,-1
4312,-1,687.64,562.94,62.04,98.07,51.6,-1,-1
4312,-1,154.6,626.74,71.21,100.41,40.0,-1,-1
4312,-1,1249.78,649.3,64.2,90.92,25.5,-1,-1
4313,-1,690.72,563.11,61.13,98.33,47.7,-1,-1
4313,-1,153.96,630.17,71.19,98.02,26.2,-1,-1
4314,-1,152.31,626.74,72.19,101.78,57.6,-1,-1
4314,-1,690.51,564.89,60.08,93.97,40.7,-1,-1
4315,-1,693.93,566.23,61.99,95.02,32.8,-1,-1
4315,-1,151.24,632.83,70.03,96.57,32.2,-1,-1
4316,-1,150.58,633.65,71.21,97.62,69.7,-1,-1
4316,-1,698.52,572.4,59.83,89.86,58.0,-1,-1
4316,-1,1278.17,651.1,67.47,98.49,27.6,-1,-1
4317,-1,149.03,636.82,74.06,98.86,50.9,-1,-1
4317,-1,700.07,572.38,62.54,90.41,48.3,-1,-1
4318,-1,149.21,637.72,70.76,100.1,63.4,-1,-1
4318,-1,702.93,572.07,61.66,91.04,45.0,-1,-1
4319,-1,147.87,638.17,68.73,100.47,50.1,-1,-1
4319,-1,704.52,571.79,62.76,90.29,32.5,-1,-1
4320,-1,145.51,637.86,72.72,102.78,68.7,-1,-1
4320,-1,704.22,572.35,66.97,94.57,53.1,-1,-1
4322,-1,136.88,636.93,73.11,106.02,48.9,-1,-1
4322,-1,1330.33,663.68,65.1,93.83,47.9,-1,-1
4322,-1,704.51,572.28,69.75,99.71,32.6,-1,-1
4323,-1,130.8,636.3,77.74,112.14,34.7,-1,-1
4324,-1,716.38,576.73,64.85,100.04,67.4,-1,-1
4324,-1,128.29,638.89,76.1,108.6,29.9,-1,-1
4325,-1,714.61,576.55,71.25,100.21,65.5,-1,-1
4326,-1,719.42,578.49,72.5,100.9,50.7,-1,-1
4326,-1,121.73,644.26,75.13,112.32,30.9,-1,-1
4327,-1,721.23,578.22,68.77,99.12,52.7,-1,-1
4327,-1,120.35,647.01,75.99,109.63,29.7,-1,-1
4328,-1,722.12,580.22,75.41,100.61,61.8,-1,-1
4328,-1,111.74,648.5,81.51,112.86,34.4,-1,-1
4329,-1,722.62,580.18,74.4,103.06,48.8,-1,-1
4329,-1,105.73,651.46,84.94,109.47,40.7,-1,-1
4330,-1,103.47,653.86,76.45,110.24,40.3,-1,-1
4330,-1,723.63,578.61,75.16,102.54,37.5,-1,-1
4331,-1,726.92,580.81,73.02,102.82,31.7,-1,-1
4331,-1,101.98,653.74,76.77,112.55,30.5,-1,-1
4332,-1,93.36,652.47,81.77,117.05,63.8,-1,-1
4332,-1,727.15,581.98,75.77,105.99,41.4,-1,-1
4333,-1,85.77,655.99,87.01,116.15,45.3,-1,-1
4333,-1,727.23,579.36,75.1,110.16,39.1,-1,-1
4334,-1,730.4,580.65,75.64,108.65,51.6,-1,-1
4334,-1,82.89,655.83,83.09,113.27,46.7,-1,-1
4335,-1,731.97,579.32,80.91,110.12,50.2,-1,-1
4335,-1,79.67,659.09,80.2,117.94,49.8,-1,-1
4336,-1,730.99,583.82,79.23,110.81,49.9,-1,-1
4336,-1,75.56,659.65,79.88,118.21,31.3,-1,-1
4337,-1,733.19,583.98,82.67,109.91,41.3,-1,-1
4338,-1,69.23,660.15,79.63,121.04,71.9,-1,-1
4338,-1,95.79,660.82,57.26,116.67,61.2,-1,-1
4338,-1,734.35,583.24,83.23,111.25,55.6,-1,-1
4339,-1,735.05,585.32,81.29,111.71,29.4,-1,-1
4340,-1,742.54,584.29,78.86,120.3,69.1,-1,-1
4340,-1,48.07,658.59,82.35,126.27,28.2,-1,-1
4341,-1,743.58,582.41,77.7,119.7,41.6,-1,-1
4342,-1,742.61,583.89,81.93,120.92,46.3,-1,-1
4343,-1,743.17,583.11,85.39,121.19,49.3,-1,-1
4344,-1,746.65,581.5,80.5,122.16,53.6,-1,-1
4345,-1,746.15,576.86,85.97,130.44,66.2,-1,-1
4346,-1,748.0,579.47,85.39,126.51,72.2,-1,-1
4347,-1,744.98,574.94,86.62,132.94,64.4,-1,-1
4348,-1,746.84,576.34,87.12,130.36,70.1,-1,-1
4348,-1,42.68,670.75,39.66,127.8,26.1,-1,-1
4349,-1,743.34,576.83,97.83,131.67,66.6,-1,-1
4350,-1,744.9,572.82,97.8,136.99,76.0,-1,-1
4351,-1,743.71,571.81,96.71,140.51,50.3,-1,-1
4352,-1,744.39,573.74,95.65,137.65,58.8,-1,-1
4352,-1,780.49,576.13,62.46,130.52,35.4,-1,-1
4353,-1,742.25,575.64,99.26,138.91,51.1,-1,-1
4353,-1,776.4,577.42,66.85,133.63,32.4,-1,-1
4354,-1,741.56,576.43,103.47,136.63,62.7,-1,-1
4354,-1,770.07,578.38,75.98,129.94,30.6,-1,-1
4355,-1,741.1,576.47,106.73,140.04,46.1,-1,-1
4356,-1,742.53,576.37,104.1,140.59,29.1,-1,-1
4359,-1,735.65,571.6,108.64,149.8,31.7,-1,-1
4362,-1,731.71,568.87,114.9,153.08,27.7,-1,-1
4379,-1,1468.78,590.19,57.25,88.84,35.3,-1,-1
4398,-1,834.49,564.89,61.1,83.17,28.7,-1,-1
4399,-1,841.94,564.78,61.02,85.03,34.8,-1,-1
4400,-1,953.95,450.74,56.56,70.32,36.4,-1,-1
4400,-1,849.38,565.44,64.33,89.82,30.0,-1,-1
4400,-1,1181.42,530.82,53.8,78.12,27.2,-1,-1
4400,-1,835.74,463.69,51.13,68.98,25.6,-1,-1
4401,-1,853.21,562.93,65.16,92.57,52.5,-1,-1
4401,-1,960.43,456.11,55.2,68.67,34.8,-1,-1
4401,-1,840.67,461.1,51.8,73.48,26.1,-1,-1
4402,-1,856.0,563.65,64.9,91.41,50.6,-1,-1
4402,-1,964.96,450.1,53.51,76.72,44.5,-1,-1
4402,-1,1198.54,528.9,54.91,84.32,44.4,-1,-1
4402,-1,843.94,464.81,51.84,69.93,29.2,-1,-1
4403,-1,848.25,464.62,52.0,74.24,54.0,-1,-1
4403,-1,864.15,567.5,61.6,90.82,52.3,-1,-1
4403,-1,1205.38,534.83,53.69,77.58,40.7,-1,-1
4403,-1,967.01,453.73,53.67,73.18,25.5,-1,-1
4404,-1,865.26,568.59,61.74,90.01,62.0,-1,-1
4404,-1,848.95,461.86,52.86,77.5,57.1,-1,-1
4404,-1,970.16,453.17,55.43,73.17,50.5,-1,-1
4404,-1,1209.53,533.33,54.87,78.46,40.1,-1,-1
4405,-1,864.37,569.42,62.44,91.76,71.5,-1,-1
4405,-1,848.96,462.82,53.11,77.25,70.3,-1,-1
4405,-1,1213.21,532.89,55.79,81.72,64.7,-1,-1
4405,-1,971.7,452.62,55.75,74.68,61.6,-1,-1
4406,-1,865.14,570.4,60.89,91.57,75.1,-1,-1
4406,-1,1216.6,530.62,55.91,86.85,63.8,-1,-1
4406,-1,847.11,462.88,54.0,77.03,59.1,-1,-1
4406,-1,970.48,451.81,56.36,76.74,50.2,-1,-1
4407,-1,860.35,571.54,64.55,92.05,68.7,-1,-1
4407,-1,972.03,447.23,57.53,81.34,58.3,-1,-1
4407,-1,846.2,463.16,53.9,76.65,57.3,-1,-1
4407,-1,1218.07,536.55,60.1,80.58,39.2,-1,-1
4408,-1,858.49,570.91,65.84,95.34,70.1,-1,-1
4408,-1,971.99,448.32,56.84,79.67,58.0,-1,-1
4408,-1,1222.43,531.95,56.05,87.7,38.6,-1,-1
4408,-1,841.72,464.17,55.61,73.39,34.8,-1,-1
4409,-1,854.02,574.81,69.32,92.77,71.9,-1,-1
4409,-1,970.1,447.22,56.76,83.27,59.4,-1,-1
4409,-1,1224.65,537.4,56.84,81.91,39.5,-1,-1
4409,-1,1687.4,491.93,62.56,86.43,26.8,-1,-1
4409,-1,840.53,464.27,55.34,74.87,25.6,-1,-1
4410,-1,851.32,576.11,67.45,90.56,67.8,-1,-1
4410,-1,969.47,446.35,57.58,82.18,58.6,-1,-1
4410,-1,1225.7,537.65,57.95,84.11,55.6,-1,-1
4410,-1,839.69,460.81,53.97,79.61,52.1,-1,-1
4411,-1,851.47,573.43,68.47,95.78,79.8,-1,-1
4411,-1,968.96,445.2,57.42,83.85,59.6,-1,-1
4411,-1,837.31,458.91,55.28,82.31,50.7,-1,-1
4411,-1,1227.15,536.96,57.13,85.8,45.7,-1,-1
4411,-1,1702.84,491.2,60.03,92.0,32.1,-1,-1
4412,-1,848.25,577.03,69.35,94.53,77.2,-1,-1
4412,-1,967.31,445.23,58.81,83.62,65.8,-1,-1
4412,-1,834.27,460.72,56.48,80.72,56.3,-1,-1
4412,-1,1710.28,492.52,61.52,88.67,32.0,-1,-1
4412,-1,1228.75,535.84,55.65,90.92,28.6,-1,-1
4413,-1,832.87,459.91,53.25,80.9,66.9,-1,-1
4413,-1,844.52,576.59,68.28,97.85,66.1,-1,-1
4413,-1,966.55,445.91,56.82,82.97,62.1,-1,-1
4413,-1,1715.24,494.15,64.56,90.2,29.9,-1,-1
4413,-1,1230.55,538.37,55.97,90.79,29.1,-1,-1
4414,-1,829.18,461.91,55.9,78.91,65.9,-1,-1
4414,-1,841.0,579.62,69.66,99.79,65.7,-1,-1
4414,-1,965.65,445.95,56.87,82.99,64.5,-1,-1
4414,-1,1231.54,539.16,59.42,91.07,51.4,-1,-1
4414,-1,1726.3,493.79,62.98,91.13,31.5,-1,-1
4415,-1,825.42,464.85,54.86,76.31,68.8,-1,-1
4415,-1,964.53,445.11,57.17,83.99,66.0,-1,-1
4415,-1,837.03,581.92,69.75,95.27,58.6,-1,-1
4415,-1,1231.31,540.5,64.99,92.18,46.7,-1,-1
4415,-1,1733.9,492.09,68.5,92.59,40.6,-1,-1
4416,-1,820.99,463.35,56.4,78.24,63.9,-1,-1
4416,-1,962.35,444.77,59.35,84.44,63.6,-1,-1
4416,-1,832.39,580.03,72.24,98.94,61.5,-1,-1
4416,-1,1233.27,539.83,66.0,93.88,50.0,-1,-1
4417,-1,960.44,443.73,61.73,89.33,62.3,-1,-1
4417,-1,819.71,461.88,56.84,79.71,61.5,-1,-1
4417,-1,827.85,585.21,79.62,98.65,58.9,-1,-1
4417,-1,1237.41,540.06,66.11,94.5,45.8,-1,-1
4418,-1,959.26,443.85,63.68,90.76,69.9,-1,-1
4418,-1,827.65,586.03,73.47,98.4,62.1,-1,-1
4418,-1,817.17,463.14,57.8,78.97,51.4,-1,-1
4418,-1,1243.29,537.97,62.23,98.06,45.5,-1,-1
4418,-1,1760.41,493.86,67.35,94.38,29.4,-1,-1
4419,-1,959.49,443.74,63.22,90.97,69.5,-1,-1
4419,-1,822.84,587.61,73.16,99.96,49.6,-1,-1
4419,-1,815.01,461.34,56.35,83.66,48.3,-1,-1
4419,-1,1242.9,539.47,64.94,100.87,45.2,-1,-1
4419,-1,1768.64,493.22,69.54,99.17,32.5,-1,-1
4420,-1,822.83,588.86,73.16,100.05,68.3,-1,-1
4420,-1,959.29,444.47,61.58,86.08,58.6,-1,-1
4420,-1,1248.38,541.4,62.15,99.55,36.0,-1,-1
4420,-1,1779.0,495.99,66.51,94.06,33.8,-1,-1
4420,-1,812.0,461.43,57.66,84.04,28.5,-1,-1
4421,-1,958.15,443.95,63.1,86.48,60.2,-1,-1
4421,-1,819.37,589.4,70.41,100.46,57.0,-1,-1
4421,-1,805.15,460.74,62.32,85.1,40.9,-1,-1
4421,-1,1249.77,541.86,63.29,99.2,38.5,-1,-1
4422,-1,816.12,588.8,80.18,110.89,75.8,-1,-1
4422,-1,957.3,443.83,64.55,86.9,62.2,-1,-1
4422,-1,804.76,460.08,61.2,86.4,60.9,-1,-1
4422,-1,1251.63,541.49,67.28,100.77,46.2,-1,-1
4423,-1,957.71,443.9,66.27,87.63,65.5,-1,-1
4423,-1,802.04,458.27,61.76,90.97,58.8,-1,-1
4423,-1,810.34,588.61,79.65,113.3,55.2,-1,-1
4423,-1,1255.67,540.2,69.88,105.05,33.2,-1,-1
4424,-1,956.07,441.27,69.5,94.24,68.4,-1,-1
4424,-1,804.12,590.86,85.04,115.1,67.4,-1,-1
4424,-1,797.63,459.23,63.6,90.55,61.4,-1,-1
4424,-1,1258.82,539.0,74.17,110.3,36.7,-1,-1
4425,-1,956.3,441.82,70.21,94.25,70.6,-1,-1
4425,-1,800.54,593.17,90.65,114.19,66.6,-1,-1
4425,-1,795.56,458.39,64.82,92.75,59.9,-1,-1
4425,-1,1264.0,544.26,71.25,109.39,44.3,-1,-1
4426,-1,800.77,594.94,88.51,114.98,82.0,-1,-1
4426,-1,956.3,442.26,71.54,95.24,69.4,-1,-1
4426,-1,790.63,456.83,68.64,96.2,61.7,-1,-1
4426,-1,1270.75,546.14,72.21,107.19,61.4,-1,-1
4427,-1,798.88,595.57,82.99,117.27,70.0,-1,-1
4427,-1,787.56,459.61,68.92,94.56,64.1,-1,-1
4427,-1,955.28,443.63,71.0,94.47,64.0,-1,-1
4427,-1,1277.65,544.92,70.99,108.44,47.7,-1,-1
4428,-1,788.12,458.61,68.37,95.67,68.2,-1,-1
4428,-1,798.97,600.31,76.49,117.09,63.6,-1,-1
4428,-1,959.58,445.05,67.3,93.08,59.8,-1,-1
4428,-1,1280.98,544.08,75.73,115.06,37.9,-1,-1
4429,-1,795.46,599.27,89.19,127.01,72.2,-1,-1
4429,-1,788.29,456.4,68.98,99.33,70.9,-1,-1
4429,-1,959.02,444.22,72.91,96.45,59.3,-1,-1
4429,-1,1289.5,549.13,76.13,113.24,54.8,-1,-1
4430,-1,791.04,609.5,91.93,119.59,60.0,-1,-1
4430,-1,1297.04,558.52,76.35,109.11,59.1,-1,-1
4430,-1,959.04,443.21,77.92,98.76,55.9,-1,-1
4430,-1,785.3,458.75,68.43,98.36,55.7,-1,-1
4431,-1,793.99,607.98,80.8,122.99,68.9,-1,-1
4431,-1,783.99,457.45,69.72,103.78,61.1,-1,-1
4431,-1,962.15,443.38,75.27,97.27,51.1,-1,-1
4431,-1,1303.21,563.37,75.69,103.76,42.2,-1,-1
4432,-1,789.66,610.26,96.89,124.18,77.4,-1,-1
4432,-1,818.94,611.15,72.63,120.62,56.4,-1,-1
4432,-1,963.39,441.42,77.12,99.55,52.0,-1,-1
4432,-1,780.25,452.25,71.19,108.11,44.7,-1,-1
4432,-1,837.28,612.82,59.59,116.96,28.2,-1,-1
4433,-1,787.81,611.94,90.13,128.54,73.4,-1,-1
4433,-1,778.94,452.69,74.15,109.42,62.9,-1,-1
4433,-1,965.38,438.75,76.35,102.95,53.2,-1,-1
4433,-1,1321.04,562.56,77.24,115.0,32.0,-1,-1
4434,-1,781.62,610.76,96.49,137.24,77.3,-1,-1
4434,-1,967.93,435.31,76.54,106.93,63.2,-1,-1
4434,-1,777.67,452.53,76.62,110.02,59.4,-1,-1
4434,-1,1339.49,557.41,74.67,113.14,33.8,-1,-1
4435,-1,775.16,448.02,76.18,116.81,70.2,-1,-1
4435,-1,775.34,616.15,109.72,137.29,68.5,-1,-1
4435,-1,969.11,435.74,79.95,108.6,62.6,-1,-1
4436,-1,774.75,618.46,115.34,137.46,80.1,-1,-1
4436,-1,968.57,432.99,81.98,110.24,63.3,-1,-1
4436,-1,771.97,448.24,75.98,119.15,49.3,-1,-1
4437,-1,771.98,620.93,120.39,139.41,78.1,-1,-1
4437,-1,968.51,433.51,87.27,110.66,43.0,-1,-1
4437,-1,770.43,445.82,77.26,120.78,42.9,-1,-1
4437,-1,828.53,624.16,62.92,136.47,42.0,-1,-1
4438,-1,772.72,620.74,106.4,143.15,81.2,-1,-1
4438,-1,969.51,431.6,93.72,110.52,72.7,-1,-1
4438,-1,772.65,444.85,76.83,122.02,69.5,-1,-1
4439,-1,768.52,624.57,115.87,151.99,75.2,-1,-1
4439,-1,770.4,445.3,79.74,126.15,72.4,-1,-1
4439,-1,979.38,432.33,86.42,114.69,59.6,-1,-1
4440,-1,768.92,441.96,81.48,129.93,77.7,-1,-1
4440,-1,768.17,627.85,114.58,149.47,63.6,-1,-1
4440,-1,979.36,431.6,86.96,115.74,55.2,-1,-1
4440,-1,799.19,629.16,87.39,144.67,25.6,-1,-1
4441,-1,768.11,632.45,116.71,151.92,60.8,-1,-1
4441,-1,765.62,443.64,82.6,131.19,60.0,-1,-1
4441,-1,982.01,429.66,85.12,119.62,57.4,-1,-1
4441,-1,816.99,633.9,69.21,149.45,26.3,-1,-1
4442,-1,761.34,442.42,89.39,133.75,76.8,-1,-1
4442,-1,984.38,427.88,88.44,124.25,71.7,-1,-1
4442,-1,756.85,635.2,123.19,153.36,68.2,-1,-1
4442,-1,824.69,635.86,57.37,150.16,55.2,-1,-1
4443,-1,754.27,439.69,94.71,137.97,68.1,-1,-1
4443,-1,983.22,427.03,92.53,127.17,63.8,-1,-1
4443,-1,748.93,641.03,120.75,146.66,40.6,-1,-1
4444,-1,739.32,643.52,132.39,157.31,64.5,-1,-1
4444,-1,983.93,425.66,94.26,129.42,56.4,-1,-1
4444,-1,750.93,441.76,94.79,138.44,53.2,-1,-1
4444,-1,798.79,644.29,74.37,152.36,37.0,-1,-1
4445,-1,738.95,647.88,145.37,162.15,70.7,-1,-1
4445,-1,785.99,652.84,90.68,156.09,54.3,-1,-1
4445,-1,984.49,424.85,100.68,130.6,52.0,-1,-1
4445,-1,812.27,648.7,72.21,159.11,44.5,-1,-1
4445,-1,748.63,442.62,98.05,140.41,35.1,-1,-1
4446,-1,988.03,423.61,100.66,133.49,57.5,-1,-1
4446,-1,749.73,441.34,96.36,142.14,55.4,-1,-1
4446,-1,791.57,653.86,77.72,159.38,49.3,-1,-1
4446,-1,745.59,647.74,117.8,165.14,47.6,-1,-1
4447,-1,743.81,435.48,103.45,150.18,58.2,-1,-1
4447,-1,739.13,649.12,119.17,173.24,47.1,-1,-1
4447,-1,988.73,421.68,103.04,138.07,41.8,-1,-1
4447,-1,777.99,655.29,89.41,168.99,34.6,-1,-1
4448,-1,773.49,659.77,101.91,167.82,58.3,-1,-1
4448,-1,734.33,655.07,141.32,177.52,46.1,-1,-1
4448,-1,741.47,437.67,105.44,147.75,40.2,-1,-1
4448,-1,810.58,661.28,65.17,169.98,38.5,-1,-1
4449,-1,761.76,660.55,110.45,170.03,59.2,-1,-1
4449,-1,725.4,657.92,139.58,181.87,59.0,-1,-1
4449,-1,740.67,436.23,102.77,152.58,53.5,-1,-1
4450,-1,736.21,433.37,105.57,156.11,62.4,-1,-1
4450,-1,774.72,664.9,93.78,169.92,34.4,-1,-1
4450,-1,985.55,420.59,125.06,138.81,32.8,-1,-1
4450,-1,770.45,435.23,72.22,152.52,27.1,-1,-1
4450,-1,721.62,663.97,134.72,183.42,26.4,-1,-1
4451,-1,991.35,418.52,121.06,143.28,44.2,-1,-1
4451,-1,793.91,672.31,74.26,171.97,37.2,-1,-1
4451,-1,724.95,433.41,117.47,157.03,25.3,-1,-1
4452,-1,720.21,432.81,120.73,157.85,49.4,-1,-1
4452,-1,998.89,416.71,119.11,146.21,45.1,-1,-1
4452,-1,785.56,678.64,81.16,175.5,35.7,-1,-1
4452,-1,790.34,434.83,50.79,152.19,29.8,-1,-1
4453,-1,719.53,430.31,121.08,162.71,41.5,-1,-1
4453,-1,796.32,431.42,44.46,157.16,25.1,-1,-1
4454,-1,1004.55,407.59,123.51,159.19,56.3,-1,-1
4454,-1,708.83,684.76,152.74,186.02,38.6,-1,-1
4454,-1,716.21,431.63,127.3,164.14,32.3,-1,-1
4455,-1,719.38,429.88,123.08,172.9,47.3,-1,-1
4456,-1,716.43,430.49,123.9,174.14,52.3,-1,-1
4456,-1,735.04,690.37,131.9,186.16,45.2,-1,-1
4456,-1,1007.18,408.6,134.71,159.23,37.9,-1,-1
4457,-1,740.74,693.18,120.25,191.15,44.6,-1,-1
4457,-1,700.52,691.56,154.47,205.16,26.4,-1,-1
4458,-1,733.18,697.77,134.45,203.2,48.7,-1,-1
4459,-1,697.73,702.82,155.65,208.04,61.2,-1,-1
4460,-1,694.83,707.26,157.84,209.24,64.3,-1,-1
4460,-1,701.96,427.33,150.03,187.73,26.1,-1,-1
4461,-1,712.44,711.65,153.54,213.06,42.2,-1,-1
4461,-1,699.93,422.67,148.93,193.4,29.1,-1,-1
4462,-1,688.12,711.96,163.53,223.76,47.7,-1,-1
4462,-1,701.51,422.1,147.73,193.8,28.9,-1,-1
4463,-1,703.62,421.15,147.45,197.69,28.5,-1,-1
4466,-1,705.71,418.99,146.26,206.68,36.4,-1,-1
4467,-1,674.7,738.95,179.68,237.33,26.6,-1,-1
4468,-1,675.19,744.11,180.07,236.56,30.1,-1,-1
4469,-1,672.94,747.01,185.12,243.22,26.0,-1,-1
4482,-1,725.59,420.69,156.32,221.27,26.3,-1,-1
4494,-1,703.88,755.73,175.01,254.54,25.3,-1,-1
4497,-1,764.45,423.54,162.17,215.05,45.1,-1,-1
4497,-1,712.35,750.56,181.17,247.54,26.4,-1,-1
4498,-1,766.54,423.69,159.23,214.84,47.8,-1,-1
4498,-1,713.45,748.5,179.44,239.48,40.5,-1,-1
4499,-1,770.24,422.93,157.04,214.78,37.4,-1,-1
4499,-1,718.74,747.69,180.49,240.85,28.6,-1,-1
4500,-1,720.08,746.71,177.26,235.57,37.4,-1,-1
4500,-1,775.84,422.1,152.43,212.97,35.7,-1,-1
4501,-1,723.86,747.73,175.93,233.53,34.0,-1,-1
4501,-1,787.59,420.07,142.76,211.85,32.3,-1,-1
4502,-1,724.22,746.39,176.44,228.07,46.3,-1,-1
4502,-1,781.28,418.7,157.2,214.12,39.6,-1,-1
4503,-1,726.95,744.06,176.11,226.78,53.1,-1,-1
4503,-1,782.9,419.15,164.47,209.94,29.1,-1,-1
4504,-1,728.51,741.03,180.76,235.65,38.9,-1,-1
4504,-1,788.66,420.42,157.04,206.31,37.2,-1,-1
4505,-1,732.89,737.29,179.18,229.63,51.6,-1,-1
4505,-1,797.53,420.53,146.54,204.55,45.1,-1,-1
4506,-1,804.66,419.41,142.19,204.88,44.8,-1,-1
4506,-1,747.91,732.73,172.82,237.28,31.1,-1,-1
4507,-1,805.35,419.77,140.83,204.53,46.7,-1,-1
4507,-1,748.51,731.73,170.96,226.95,30.5,-1,-1
4508,-1,760.6,730.6,159.45,224.49,26.9,-1,-1
4510,-1,875.84,417.65,84.6,194.18,51.5,-1,-1
4510,-1,751.6,724.33,173.9,232.25,50.6,-1,-1
4510,-1,1162.85,401.51,144.9,187.71,32.2,-1,-1
4511,-1,774.26,722.9,159.81,230.63,47.1,-1,-1
4511,-1,869.79,416.79,98.42,196.67,31.3,-1,-1
4512,-1,752.29,719.75,178.59,228.78,34.3,-1,-1
4512,-1,888.08,415.24,82.05,194.21,29.9,-1,-1
4513,-1,753.13,718.31,186.16,229.81,35.0,-1,-1
4513,-1,872.73,417.29,97.65,193.75,28.6,-1,-1
4514,-1,877.63,413.64,98.02,198.36,48.7,-1,-1
4514,-1,758.62,717.76,177.67,225.27,43.3,-1,-1
4515,-1,885.39,415.37,87.87,194.43,25.7,-1,-1
4516,-1,759.23,712.72,172.88,226.6,35.9,-1,-1
4516,-1,893.15,408.14,85.0,200.9,32.9,-1,-1
4517,-1,845.69,407.09,126.29,198.7,25.7,-1,-1
4518,-1,769.46,709.39,176.54,219.21,51.8,-1,-1
4519,-1,770.26,709.05,172.54,227.71,28.6,-1,-1
4520,-1,775.02,708.62,175.81,220.57,46.2,-1,-1
4521,-1,776.11,707.92,171.08,220.57,44.0,-1,-1
4522,-1,786.86,704.13,165.35,217.68,81.1,-1,-1
4522,-1,884.16,409.43,117.44,185.35,25.4,-1,-1
4523,-1,783.24,703.34,165.08,217.03,54.3,-1,-1
4523,-1,861.43,408.39,133.37,190.86,34.9,-1,-1
4524,-1,791.93,700.73,161.64,214.0,63.6,-1,-1
4525,-1,817.42,696.95,147.15,217.65,36.5,-1,-1
4526,-1,799.95,698.76,161.82,212.5,64.3,-1,-1
4527,-1,842.18,695.37,129.03,212.49,36.8,-1,-1
4527,-1,800.39,696.36,153.74,216.22,25.1,-1,-1
4528,-1,825.53,689.87,153.15,215.0,46.5,-1,-1
4529,-1,827.17,688.58,164.12,215.22,36.4,-1,-1
4530,-1,894.06,402.11,135.53,190.41,32.1,-1,-1
4530,-1,817.68,685.51,158.89,208.05,30.1,-1,-1
4538,-1,845.23,674.48,167.56,204.21,51.5,-1,-1
4539,-1,854.68,673.94,159.44,205.71,28.2,-1,-1
4542,-1,958.03,396.04,131.49,182.55,30.9,-1,-1
4542,-1,864.79,669.46,161.6,207.01,26.4,-1,-1
4543,-1,1279.38,378.04,133.02,163.64,27.2,-1,-1
4544,-1,1295.99,377.01,121.0,164.26,26.3,-1,-1
4546,-1,884.94,662.29,157.36,206.04,41.7,-1,-1
4547,-1,891.04,661.48,153.96,208.89,31.0,-1,-1
4548,-1,899.34,662.35,155.97,202.23,31.1,-1,-1
4549,-1,908.49,661.75,152.22,203.99,25.9,-1,-1
4550,-1,907.97,661.89,156.62,201.82,40.8,-1,-1
4551,-1,909.18,662.03,157.68,203.2,42.7,-1,-1
4556,-1,933.96,659.01,153.02,203.45,51.9,-1,-1
4557,-1,940.61,657.94,148.76,204.1,53.0,-1,-1
4558,-1,954.42,658.08,150.81,201.8,56.5,-1,-1
4559,-1,983.72,655.96,120.25,198.38,42.3,-1,-1
4560,-1,996.33,655.22,111.25,200.49,49.8,-1,-1
4560,-1,951.78,654.22,146.11,205.72,35.6,-1,-1
4561,-1,953.05,652.78,140.7,207.13,39.0,-1,-1
4561,-1,997.06,653.01,106.16,201.44,35.8,-1,-1
4562,-1,978.33,651.66,135.98,205.35,51.7,-1,-1
4563,-1,1004.69,651.99,111.87,202.75,46.5,-1,-1
4564,-1,987.83,652.37,137.62,205.13,41.5,-1,-1
4565,-1,972.39,652.26,151.44,205.67,25.7,-1,-1
4566,-1,1079.02,375.75,125.29,179.84,29.8,-1,-1
4566,-1,1011.14,651.17,127.35,206.64,28.6,-1,-1
4567,-1,1079.86,372.69,125.54,181.34,25.9,-1,-1
4572,-1,1093.25,371.86,116.73,174.45,27.3,-1,-1
4575,-1,1032.86,647.5,110.87,203.46,28.5,-1,-1
4575,-1,1061.69,647.58,88.44,200.75,25.6,-1,-1
4576,-1,1047.34,648.9,93.11,201.5,29.8,-1,-1
4576,-1,1094.92,370.48,114.57,175.87,27.0,-1,-1
4577,-1,1040.39,648.81,94.66,201.79,31.0,-1,-1
4578,-1,1003.97,647.16,128.33,203.05,40.0,-1,-1
4578,-1,1400.64,354.64,131.7,167.21,34.7,-1,-1
4579,-1,993.19,647.09,133.35,201.86,38.8,-1,-1
4579,-1,1411.87,353.02,121.46,166.38,27.2,-1,-1
4580,-1,992.64,647.29,130.75,201.28,43.5,-1,-1
4581,-1,971.48,648.21,145.43,203.71,46.0,-1,-1
4582,-1,1012.1,648.05,118.53,202.17,44.6,-1,-1
4583,-1,1019.08,646.85,109.08,201.62,25.9,-1,-1
4584,-1,1024.03,647.58,82.63,195.54,27.2,-1,-1
4586,-1,991.29,644.6,119.72,202.19,38.6,-1,-1
4586,-1,944.87,646.07,153.79,210.62,31.8,-1,-1
4587,-1,1017.78,645.05,94.29,201.31,42.4,-1,-1
4587,-1,944.58,646.26,153.73,209.34,30.3,-1,-1
4588,-1,1017.53,645.08,92.7,199.3,36.4,-1,-1
4589,-1,1030.3,643.78,83.18,201.31,32.3,-1,-1
4592,-1,935.78,646.91,154.94,206.91,28.1,-1,-1
4593,-1,1134.74,364.36,70.12,180.46,32.5,-1,-1
4594,-1,935.03,643.93,149.54,213.93,30.7,-1,-1
4594,-1,1131.04,364.06,68.42,183.22,26.7,-1,-1
4598,-1,1089.54,364.59,109.21,180.88,25.5,-1,-1
4599,-1,1088.35,364.33,111.17,181.48,25.3,-1,-1
4610,-1,923.09,642.02,153.88,209.01,29.6,-1,-1
4610,-1,1383.91,352.64,130.18,169.12,27.8,-1,-1
4614,-1,945.95,641.56,118.74,204.8,26.9,-1,-1
4615,-1,976.08,639.79,92.09,206.84,26.1,-1,-1
4616,-1,959.92,639.95,105.73,205.05,27.2,-1,-1
4618,-1,938.05,637.65,127.89,210.65,28.8,-1,-1
4626,-1,884.39,642.07,158.52,206.79,33.8,-1,-1
4634,-1,1062.67,362.41,138.35,178.81,27.8,-1,-1
4662,-1,1104.3,352.48,102.01,179.14,25.8,-1,-1
4668,-1,1084.11,347.35,122.86,180.65,36.3,-1,-1
4669,-1,1077.58,347.15,129.73,182.17,38.6,-1,-1
4670,-1,1079.13,345.58,130.94,182.81,39.2,-1,-1
4670,-1,874.72,625.83,151.63,211.37,30.0,-1,-1
4673,-1,1099.81,343.63,110.65,180.76,26.0,-1,-1
4674,-1,1079.63,342.64,125.23,185.04,42.1,-1,-1
4674,-1,909.39,624.41,114.56,210.7,29.9,-1,-1
4675,-1,1078.75,341.68,126.39,185.64,46.0,-1,-1
4676,-1,1085.12,341.13,124.83,184.69,43.0,-1,-1
4677,-1,1116.24,341.05,96.4,182.62,33.0,-1,-1
4678,-1,1112.89,340.43,96.82,182.29,38.4,-1,-1
4679,-1,1105.98,339.13,104.2,183.63,31.8,-1,-1
4680,-1,1078.79,338.31,128.98,186.88,34.6,-1,-1
4680,-1,850.28,622.23,151.68,208.07,29.0,-1,-1
4681,-1,848.31,622.06,152.34,208.98,30.2,-1,-1
4682,-1,847.01,622.45,152.96,208.71,38.9,-1,-1
4683,-1,847.67,622.94,151.99,208.94,35.9,-1,-1
4683,-1,1082.35,337.57,124.3,184.87,26.1,-1,-1
4684,-1,848.7,622.64,151.55,206.18,46.2,-1,-1
4684,-1,1081.92,337.55,127.61,185.24,36.5,-1,-1
4685,-1,1082.68,336.69,128.25,184.82,36.6,-1,-1
4685,-1,846.95,622.3,155.61,206.32,35.6,-1,-1
4686,-1,846.9,621.27,156.96,206.95,48.7,-1,-1
4686,-1,1086.25,334.08,128.15,187.34,40.0,-1,-1
4687,-1,846.5,617.81,154.97,213.46,41.6,-1,-1
4688,-1,849.19,618.96,162.61,210.67,47.1,-1,-1
4689,-1,850.86,618.97,158.03,209.34,46.5,-1,-1
4690,-1,857.02,619.32,152.13,207.97,52.2,-1,-1
4690,-1,1087.55,335.83,126.04,183.38,29.5,-1,-1
4690,-1,1163.3,335.75,55.17,180.13,25.5,-1,-1
4691,-1,839.73,616.96,158.4,222.48,37.0,-1,-1
4691,-1,1081.55,331.21,129.97,187.78,27.4,-1,-1
4692,-1,1079.51,329.13,131.74,191.27,38.7,-1,-1
4692,-1,838.03,616.35,158.7,237.03,25.1,-1,-1
4693,-1,1078.74,327.59,132.11,192.58,27.6,-1,-1
4693,-1,836.85,616.05,158.82,228.94,26.4,-1,-1
4694,-1,837.19,614.71,156.82,218.09,41.4,-1,-1
4694,-1,1076.94,327.62,132.82,193.34,27.1,-1,-1
4695,-1,835.85,614.45,157.96,220.2,31.9,-1,-1
4696,-1,836.39,613.72,158.47,221.53,34.4,-1,-1
4697,-1,835.88,613.58,160.03,220.52,37.4,-1,-1
4698,-1,835.75,613.71,161.2,216.57,46.8,-1,-1
4698,-1,1076.82,325.47,146.42,194.44,31.9,-1,-1
4699,-1,835.48,613.14,159.31,217.26,46.6,-1,-1
4699,-1,1075.75,325.32,146.3,195.57,35.7,-1,-1
4700,-1,834.83,613.92,157.55,217.07,47.3,-1,-1
4701,-1,835.13,614.33,157.41,216.95,45.1,-1,-1
4702,-1,834.78,613.51,157.8,218.44,44.2,-1,-1
4703,-1,832.54,612.96,158.98,219.94,30.5,-1,-1
4704,-1,831.26,613.17,159.46,220.16,31.5,-1,-1
4704,-1,1436.05,312.94,128.52,182.06,26.9,-1,-1
4705,-1,832.69,612.95,158.56,216.12,42.4,-1,-1
4705,-1,1430.67,318.83,134.62,171.57,25.2,-1,-1
