1,-1,1494.19,592.49,38.04,100.08,87.4,-1,-1
1,-1,779.19,495.77,28.0,88.2,83.2,-1,-1
1,-1,384.32,441.11,22.74,81.82,75.9,-1,-1
1,-1,735.43,360.93,23.1,57.52,54.2,-1,-1
2,-1,1494.19,592.49,38.04,100.08,87.4,-1,-1
2,-1,779.19,495.77,28.0,88.21,83.2,-1,-1
2,-1,384.32,441.11,22.74,81.83,75.9,-1,-1
2,-1,735.43,360.92,23.1,57.53,54.3,-1,-1
3,-1,1494.19,592.49,38.04,100.08,87.4,-1,-1
3,-1,779.19,495.77,28.0,88.21,83.2,-1,-1
3,-1,384.32,441.11,22.74,81.83,75.9,-1,-1
3,-1,735.43,360.92,23.1,57.53,54.3,-1,-1
4,-1,1494.19,592.49,38.04,100.08,87.4,-1,-1
4,-1,779.19,495.77,28.0,88.21,83.2,-1,-1
4,-1,384.32,441.11,22.74,81.83,75.9,-1,-1
4,-1,735.43,360.92,23.1,57.53,54.3,-1,-1
5,-1,1494.19,592.49,38.04,100.08,87.4,-1,-1
5,-1,779.19,495.77,28.0,88.21,83.2,-1,-1
5,-1,384.32,441.11,22.74,81.83,75.9,-1,-1
5,-1,735.43,360.92,23.1,57.53,54.3,-1,-1
6,-1,1494.19,592.49,38.04,100.08,87.4,-1,-1
6,-1,779.19,495.77,28.0,88.21,83.2,-1,-1
6,-1,384.32,441.11,22.74,81.83,75.9,-1,-1
6,-1,735.43,360.92,23.1,57.53,54.3,-1,-1
7,-1,1494.19,592.49,38.04,100.08,87.4,-1,-1
7,-1,779.19,495.77,28.0,88.21,83.2,-1,-1
7,-1,384.32,441.11,22.74,81.83,75.9,-1,-1
7,-1,735.43,360.92,23.1,57.53,54.3,-1,-1
8,-1,1494.19,592.49,38.04,100.08,87.4,-1,-1
8,-1,779.19,495.77,28.0,88.21,83.2,-1,-1
8,-1,384.32,441.11,22.74,81.83,75.9,-1,-1
8,-1,735.43,360.92,23.1,57.53,54.3,-1,-1
9,-1,1494.19,592.49,38.04,100.08,87.4,-1,-1
9,-1,779.19,495.77,28.0,88.21,83.2,-1,-1
9,-1,384.32,441.11,22.74,81.83,75.9,-1,-1
9,-1,735.43,360.92,23.1,57.53,54.3,-1,-1
10,-1,1494.16,593.57,37.71,99.17,87.4,-1,-1
10,-1,779.02,496.32,28.04,87.78,82.6,-1,-1
10,-1,384.28,441.03,22.9,82.58,76.6,-1,-1
10,-1,735.03,358.26,22.7,60.69,54.5,-1,-1
11,-1,1494.15,593.41,37.64,99.46,87.4,-1,-1
11,-1,779.38,496.68,28.31,88.27,84.0,-1,-1
11,-1,384.28,440.33,22.73,83.18,75.5,-1,-1
11,-1,735.01,357.41,22.56,62.09,55.5,-1,-1
12,-1,1493.67,594.41,37.79,98.21,87.7,-1,-1
12,-1,779.38,496.88,28.28,88.42,83.8,-1,-1
12,-1,384.44,441.71,22.23,81.05,72.5,-1,-1
12,-1,734.22,356.7,23.49,61.98,60.3,-1,-1
13,-1,1493.26,593.93,37.96,99.39,87.7,-1,-1
13,-1,780.13,501.04,27.35,85.65,84.0,-1,-1
13,-1,383.75,443.42,22.62,80.36,73.9,-1,-1
13,-1,733.89,356.72,22.91,63.79,63.0,-1,-1
14,-1,1493.26,593.93,37.96,99.39,87.7,-1,-1
14,-1,780.13,501.03,27.35,85.65,84.0,-1,-1
14,-1,383.75,443.4,22.63,80.39,73.9,-1,-1
14,-1,733.89,356.71,22.91,63.79,63.0,-1,-1
15,-1,1492.78,592.63,38.47,100.73,88.9,-1,-1
15,-1,779.78,499.27,27.86,86.78,82.8,-1,-1
15,-1,383.46,442.96,22.53,80.97,75.8,-1,-1
15,-1,732.1,357.72,21.93,61.33,57.8,-1,-1
16,-1,1492.4,592.46,38.89,100.46,89.4,-1,-1
16,-1,779.24,499.3,28.98,87.71,81.4,-1,-1
16,-1,383.42,443.81,22.39,80.02,71.6,-1,-1
16,-1,730.94,357.98,23.02,59.98,57.2,-1,-1
17,-1,1492.51,591.35,38.68,101.0,89.1,-1,-1
17,-1,779.47,498.97,28.83,88.32,82.2,-1,-1
17,-1,383.32,441.95,22.83,82.51,75.7,-1,-1
17,-1,730.67,357.47,23.15,60.59,59.2,-1,-1
18,-1,1492.6,591.83,38.53,101.15,88.9,-1,-1
18,-1,779.82,498.08,29.54,89.53,83.5,-1,-1
18,-1,383.07,441.9,23.66,82.38,80.0,-1,-1
18,-1,730.73,357.8,22.91,60.98,57.9,-1,-1
19,-1,1492.72,593.31,38.59,100.03,89.3,-1,-1
19,-1,779.67,500.21,29.71,87.62,83.4,-1,-1
19,-1,383.18,441.85,23.5,82.09,79.1,-1,-1
19,-1,730.83,358.88,23.35,60.56,51.3,-1,-1
20,-1,1492.72,593.31,38.58,100.02,89.3,-1,-1
20,-1,779.67,500.21,29.71,87.63,83.4,-1,-1
20,-1,383.18,441.86,23.5,82.08,79.1,-1,-1
20,-1,730.83,358.88,23.35,60.57,51.3,-1,-1
21,-1,1492.55,592.9,38.46,100.07,89.2,-1,-1
21,-1,779.45,501.69,29.84,86.34,83.2,-1,-1
21,-1,383.55,443.35,23.99,81.27,78.0,-1,-1
21,-1,730.26,361.15,23.45,58.62,49.6,-1,-1
22,-1,1492.61,593.19,38.31,99.73,88.8,-1,-1
22,-1,780.13,502.0,29.48,85.89,82.9,-1,-1
22,-1,383.88,443.7,23.87,80.9,77.6,-1,-1
22,-1,730.23,359.82,23.52,60.03,56.4,-1,-1
23,-1,1492.49,593.92,37.91,98.94,88.9,-1,-1
23,-1,780.35,503.14,29.48,84.94,81.5,-1,-1
23,-1,384.19,444.03,23.8,80.71,73.2,-1,-1
23,-1,728.69,358.85,23.66,60.26,72.3,-1,-1
24,-1,1492.11,591.9,38.35,100.93,88.9,-1,-1
24,-1,780.3,501.72,29.97,86.3,81.3,-1,-1
24,-1,384.6,443.99,23.81,80.8,73.7,-1,-1
24,-1,728.81,359.6,22.91,59.94,71.6,-1,-1
25,-1,1492.22,593.18,38.09,99.48,89.0,-1,-1
25,-1,780.67,500.86,29.69,87.26,81.9,-1,-1
25,-1,384.03,443.66,23.85,80.95,76.2,-1,-1
25,-1,728.62,358.55,22.81,61.43,74.2,-1,-1
26,-1,1492.22,593.18,38.09,99.48,89.0,-1,-1
26,-1,780.67,500.85,29.69,87.24,81.9,-1,-1
26,-1,384.01,443.64,23.86,80.93,76.2,-1,-1
26,-1,728.62,358.56,22.81,61.43,74.2,-1,-1
27,-1,1492.05,594.67,37.82,97.96,89.2,-1,-1
27,-1,781.16,500.15,29.31,87.94,81.2,-1,-1
27,-1,727.79,359.73,22.64,60.1,73.9,-1,-1
27,-1,383.14,444.27,23.74,81.03,72.5,-1,-1
28,-1,1492.44,593.96,37.11,98.17,88.9,-1,-1
28,-1,781.12,499.09,29.07,88.54,81.2,-1,-1
28,-1,382.96,444.63,24.26,81.37,73.4,-1,-1
28,-1,727.49,360.7,22.05,59.28,72.0,-1,-1
29,-1,1492.33,593.81,36.87,98.2,88.7,-1,-1
29,-1,781.15,499.86,29.02,87.0,81.2,-1,-1
29,-1,383.42,444.18,23.97,81.71,74.0,-1,-1
29,-1,728.25,362.07,21.16,59.3,67.9,-1,-1
30,-1,1492.39,594.25,36.55,97.22,88.8,-1,-1
30,-1,781.37,501.72,28.83,85.27,81.8,-1,-1
30,-1,382.42,445.19,24.8,80.35,75.7,-1,-1
30,-1,727.88,362.55,21.45,58.51,70.3,-1,-1
31,-1,1492.53,594.5,36.42,96.83,88.5,-1,-1
31,-1,781.19,499.67,28.36,87.29,81.8,-1,-1
31,-1,727.09,362.42,21.99,57.93,74.6,-1,-1
31,-1,383.09,445.3,24.04,80.85,74.6,-1,-1
32,-1,1492.53,594.5,36.42,96.83,88.5,-1,-1
32,-1,781.19,499.58,28.37,87.37,81.8,-1,-1
32,-1,383.09,445.3,24.04,80.85,74.6,-1,-1
32,-1,727.08,362.43,21.99,57.92,74.6,-1,-1
33,-1,1492.49,594.96,35.93,96.63,88.3,-1,-1
33,-1,781.59,500.4,28.04,86.36,81.4,-1,-1
33,-1,725.5,359.54,22.56,59.31,77.9,-1,-1
33,-1,383.33,445.6,23.58,80.48,75.1,-1,-1
34,-1,1492.21,593.82,35.55,97.21,88.0,-1,-1
34,-1,781.11,499.87,27.94,86.88,81.8,-1,-1
34,-1,724.12,359.29,23.72,61.57,80.3,-1,-1
34,-1,382.67,446.55,23.49,79.46,71.7,-1,-1
35,-1,1491.75,594.03,35.74,97.29,87.5,-1,-1
35,-1,781.24,499.8,27.8,86.89,81.1,-1,-1
35,-1,725.29,358.68,21.38,63.12,78.9,-1,-1
35,-1,383.07,447.49,22.85,78.78,69.1,-1,-1
36,-1,1491.48,593.57,35.71,97.83,87.5,-1,-1
36,-1,781.07,500.16,27.53,86.81,80.1,-1,-1
36,-1,725.65,360.38,21.35,62.98,73.1,-1,-1
36,-1,381.81,447.38,24.06,79.85,70.9,-1,-1
37,-1,1491.28,593.77,37.03,97.91,87.3,-1,-1
37,-1,781.01,498.87,27.73,87.35,80.0,-1,-1
37,-1,725.57,360.23,21.25,62.6,75.1,-1,-1
37,-1,381.74,446.99,24.49,80.23,73.5,-1,-1
38,-1,1491.28,593.78,37.03,97.91,87.3,-1,-1
38,-1,781.01,498.87,27.74,87.37,80.0,-1,-1
38,-1,725.57,360.23,21.24,62.6,75.1,-1,-1
38,-1,381.74,446.98,24.48,80.23,73.5,-1,-1
39,-1,1491.13,594.11,36.84,97.98,87.1,-1,-1
39,-1,781.31,500.67,27.24,85.97,80.7,-1,-1
39,-1,725.87,360.55,20.64,61.96,75.1,-1,-1
39,-1,381.85,446.8,24.3,80.69,72.2,-1,-1
40,-1,1491.16,594.66,36.53,97.88,87.1,-1,-1
40,-1,781.13,500.77,27.0,85.76,80.5,-1,-1
40,-1,724.85,362.11,21.6,61.31,78.3,-1,-1
40,-1,381.69,447.94,24.37,80.04,72.6,-1,-1
41,-1,1491.25,593.98,36.11,98.26,87.3,-1,-1
41,-1,781.09,501.64,27.03,85.59,80.8,-1,-1
41,-1,724.76,362.72,21.28,59.43,79.0,-1,-1
41,-1,381.9,447.97,23.92,80.01,72.0,-1,-1
42,-1,1490.79,594.57,36.86,98.93,87.1,-1,-1
42,-1,723.78,362.26,20.93,60.02,79.5,-1,-1
42,-1,781.07,501.46,26.5,85.61,79.1,-1,-1
42,-1,381.22,447.44,23.38,80.91,73.4,-1,-1
43,-1,1490.88,595.7,36.89,97.86,87.2,-1,-1
43,-1,723.3,360.54,20.94,62.58,79.8,-1,-1
43,-1,780.86,501.52,26.73,85.39,78.3,-1,-1
43,-1,381.22,447.9,23.62,80.66,71.0,-1,-1
44,-1,1490.89,595.7,36.88,97.85,87.2,-1,-1
44,-1,723.3,360.53,20.95,62.59,79.8,-1,-1
44,-1,780.87,501.51,26.73,85.39,78.2,-1,-1
44,-1,381.22,447.89,23.62,80.67,71.0,-1,-1
45,-1,1490.55,596.04,37.3,97.69,86.9,-1,-1
45,-1,722.82,361.9,20.75,62.84,79.2,-1,-1
45,-1,780.56,502.55,26.72,84.2,78.1,-1,-1
45,-1,380.48,448.02,23.69,80.39,72.2,-1,-1
46,-1,1490.57,595.33,37.33,98.17,87.0,-1,-1
46,-1,722.0,362.28,21.92,62.95,80.3,-1,-1
46,-1,780.61,504.41,26.45,82.76,77.7,-1,-1
46,-1,380.47,447.31,23.18,81.04,74.2,-1,-1
47,-1,1490.45,596.21,37.89,97.56,87.1,-1,-1
47,-1,721.06,360.88,22.5,63.95,81.1,-1,-1
47,-1,780.28,502.7,26.75,84.39,78.7,-1,-1
47,-1,380.62,447.0,23.35,80.66,73.9,-1,-1
48,-1,1489.36,595.93,39.46,97.89,87.2,-1,-1
48,-1,719.72,361.54,22.43,63.28,81.7,-1,-1
48,-1,780.09,502.29,26.59,85.36,77.5,-1,-1
48,-1,380.74,447.97,23.49,79.72,74.0,-1,-1
48,-1,316.57,295.15,21.26,57.17,30.5,-1,-1
49,-1,1488.31,594.95,40.76,98.82,86.8,-1,-1
49,-1,719.56,360.8,22.57,63.76,80.6,-1,-1
49,-1,780.01,504.99,26.88,83.88,77.8,-1,-1
49,-1,380.72,448.13,23.32,79.62,74.0,-1,-1
50,-1,1488.3,594.95,40.76,98.82,86.8,-1,-1
50,-1,719.55,360.81,22.58,63.76,80.6,-1,-1
50,-1,780.0,504.99,26.88,83.88,77.8,-1,-1
50,-1,380.72,448.14,23.31,79.6,73.9,-1,-1
51,-1,1488.64,595.34,40.33,99.1,87.1,-1,-1
51,-1,718.9,360.93,22.79,63.37,79.5,-1,-1
51,-1,779.81,504.77,27.12,84.35,77.3,-1,-1
51,-1,380.46,448.55,23.28,79.42,70.6,-1,-1
52,-1,1488.63,597.18,40.02,97.43,87.0,-1,-1
52,-1,717.98,361.02,23.23,64.12,79.1,-1,-1
52,-1,779.52,506.89,27.94,81.69,77.3,-1,-1
52,-1,380.29,448.5,23.47,79.26,73.9,-1,-1
53,-1,1488.21,597.3,40.61,97.53,86.7,-1,-1
53,-1,779.56,504.87,27.44,84.03,77.2,-1,-1
53,-1,717.79,359.56,22.4,65.25,77.0,-1,-1
53,-1,379.92,447.68,23.96,80.69,75.7,-1,-1
54,-1,1487.97,597.47,40.37,97.32,86.9,-1,-1
54,-1,779.69,505.58,27.38,83.79,77.4,-1,-1
54,-1,716.16,360.07,22.8,65.48,76.9,-1,-1
54,-1,380.04,449.85,23.0,78.49,70.8,-1,-1
55,-1,1486.33,596.49,41.29,97.88,85.8,-1,-1
55,-1,779.69,504.57,27.53,84.67,77.8,-1,-1
55,-1,716.26,361.57,22.44,64.11,75.7,-1,-1
55,-1,380.18,449.96,22.85,78.22,72.4,-1,-1
56,-1,1486.33,596.5,41.28,97.88,85.8,-1,-1
56,-1,779.69,504.57,27.53,84.67,77.8,-1,-1
56,-1,716.27,361.58,22.44,64.11,75.7,-1,-1
56,-1,380.18,449.94,22.86,78.26,72.5,-1,-1
57,-1,1487.32,596.44,40.75,98.22,85.8,-1,-1
57,-1,780.13,505.93,27.76,83.03,78.1,-1,-1
57,-1,380.22,449.14,22.86,78.61,75.3,-1,-1
57,-1,716.44,362.21,22.22,63.84,75.2,-1,-1
58,-1,1487.56,594.75,39.87,100.21,86.7,-1,-1
58,-1,779.65,509.53,27.81,79.54,79.2,-1,-1
58,-1,380.19,449.46,22.81,78.29,74.9,-1,-1
58,-1,716.58,361.42,22.19,65.15,74.5,-1,-1
59,-1,1486.88,594.19,40.07,100.99,86.3,-1,-1
59,-1,715.13,359.7,23.43,66.72,79.0,-1,-1
59,-1,780.54,508.97,27.18,81.8,77.6,-1,-1
59,-1,379.74,451.19,23.77,76.73,72.0,-1,-1
60,-1,1487.77,594.39,38.68,100.71,86.7,-1,-1
60,-1,780.11,508.24,27.23,82.87,77.9,-1,-1
60,-1,715.78,359.55,22.53,67.79,76.5,-1,-1
60,-1,379.64,451.99,22.9,76.0,69.9,-1,-1
61,-1,1486.86,593.15,38.93,102.24,85.4,-1,-1
61,-1,779.49,508.79,27.63,82.75,78.1,-1,-1
61,-1,716.17,360.66,21.72,67.47,76.7,-1,-1
61,-1,378.99,451.51,22.94,77.28,74.6,-1,-1
62,-1,1486.86,593.15,38.93,102.24,85.4,-1,-1
62,-1,779.49,508.78,27.63,82.75,78.1,-1,-1
62,-1,716.17,360.67,21.72,67.46,76.6,-1,-1
62,-1,378.99,451.47,22.96,77.31,74.6,-1,-1
63,-1,1486.54,592.68,39.01,102.62,85.6,-1,-1
63,-1,778.52,507.46,27.85,84.0,78.2,-1,-1
63,-1,715.14,360.72,21.91,66.55,76.0,-1,-1
63,-1,378.84,451.5,22.87,77.68,72.7,-1,-1
64,-1,1485.66,593.71,39.51,101.26,85.4,-1,-1
64,-1,778.19,508.1,27.85,83.48,78.1,-1,-1
64,-1,713.66,358.41,22.32,67.18,76.4,-1,-1
64,-1,379.33,450.78,22.38,77.79,66.7,-1,-1
65,-1,1485.11,595.02,39.33,100.42,85.5,-1,-1
65,-1,778.59,508.26,27.4,83.42,78.4,-1,-1
65,-1,713.56,356.27,22.79,68.84,76.4,-1,-1
65,-1,379.35,451.21,22.75,77.71,68.1,-1,-1
66,-1,1485.21,596.22,39.72,98.84,85.2,-1,-1
66,-1,777.93,509.19,27.42,82.44,78.7,-1,-1
66,-1,713.08,358.33,22.48,67.75,74.3,-1,-1
66,-1,378.81,450.46,23.69,79.24,71.8,-1,-1
67,-1,1485.16,595.16,39.53,99.85,85.1,-1,-1
67,-1,777.92,508.82,27.65,83.05,78.7,-1,-1
67,-1,712.86,360.82,22.27,67.0,76.8,-1,-1
67,-1,377.83,449.87,23.91,79.76,72.4,-1,-1
68,-1,1485.22,595.19,39.47,99.81,85.1,-1,-1
68,-1,777.91,508.81,27.65,83.05,78.7,-1,-1
68,-1,712.9,360.7,22.3,67.13,77.0,-1,-1
68,-1,377.83,449.87,23.91,79.75,72.3,-1,-1
69,-1,1485.8,592.81,38.66,101.95,85.5,-1,-1
69,-1,777.72,509.36,27.6,82.63,78.3,-1,-1
69,-1,712.98,361.19,21.84,65.95,72.4,-1,-1
69,-1,378.79,449.91,23.11,81.57,71.4,-1,-1
70,-1,1485.39,592.05,38.69,102.92,85.8,-1,-1
70,-1,777.31,509.35,28.8,82.39,78.1,-1,-1
70,-1,378.46,450.07,22.49,81.59,72.4,-1,-1
70,-1,709.73,362.94,22.51,64.22,47.6,-1,-1
71,-1,1485.84,592.7,37.78,101.93,86.0,-1,-1
71,-1,777.99,510.13,28.17,81.85,78.4,-1,-1
71,-1,377.02,451.51,23.59,79.54,74.3,-1,-1
71,-1,708.97,362.04,22.98,66.64,49.8,-1,-1
72,-1,1485.18,590.63,38.12,104.12,85.3,-1,-1
72,-1,777.75,509.48,27.72,83.08,78.6,-1,-1
72,-1,376.42,450.56,24.25,81.63,74.9,-1,-1
72,-1,709.78,363.41,22.63,66.81,50.4,-1,-1
73,-1,1485.17,591.24,37.07,102.54,85.1,-1,-1
73,-1,375.93,450.77,25.03,81.73,78.4,-1,-1
73,-1,778.04,513.22,26.61,80.34,77.9,-1,-1
73,-1,709.52,366.48,22.46,65.92,50.6,-1,-1
74,-1,1485.17,591.24,37.07,102.55,85.1,-1,-1
74,-1,375.93,450.76,25.04,81.71,78.3,-1,-1
74,-1,778.03,513.22,26.62,80.36,77.9,-1,-1
74,-1,709.51,366.44,22.48,65.95,50.6,-1,-1
75,-1,1485.12,591.76,37.16,102.65,84.8,-1,-1
75,-1,374.96,450.62,25.67,82.15,80.5,-1,-1
75,-1,778.41,511.96,25.82,81.65,78.2,-1,-1
75,-1,709.14,363.81,23.02,68.39,55.3,-1,-1
76,-1,1485.09,592.0,36.86,102.64,84.6,-1,-1
76,-1,375.14,450.66,25.25,81.73,79.3,-1,-1
76,-1,778.7,511.55,25.8,82.06,78.1,-1,-1
76,-1,707.97,362.59,22.44,68.46,54.5,-1,-1
77,-1,1484.79,591.88,36.97,102.18,84.3,-1,-1
77,-1,374.79,450.93,25.39,81.75,78.8,-1,-1
77,-1,778.61,511.77,25.83,81.67,77.9,-1,-1
77,-1,707.5,361.25,22.08,68.23,51.0,-1,-1
78,-1,1484.75,592.03,37.17,102.15,84.4,-1,-1
78,-1,777.74,510.77,26.52,82.61,78.3,-1,-1
78,-1,375.34,450.68,24.86,81.85,77.9,-1,-1
78,-1,707.58,361.33,22.19,67.95,50.9,-1,-1
79,-1,1484.39,593.44,37.22,100.95,84.2,-1,-1
79,-1,778.43,510.97,26.11,83.57,78.4,-1,-1
79,-1,375.87,452.54,24.75,80.13,77.1,-1,-1
79,-1,708.32,365.62,21.08,65.33,47.4,-1,-1
80,-1,1484.39,593.45,37.22,100.95,84.2,-1,-1
80,-1,778.42,510.97,26.11,83.57,78.5,-1,-1
80,-1,375.87,452.56,24.76,80.1,77.0,-1,-1
80,-1,708.32,365.64,21.08,65.32,47.4,-1,-1
81,-1,1484.32,594.52,36.88,99.44,83.6,-1,-1
81,-1,778.09,511.37,26.1,82.73,79.0,-1,-1
81,-1,376.21,451.84,25.33,79.57,77.5,-1,-1
81,-1,707.38,366.8,21.09,63.98,42.3,-1,-1
82,-1,1484.1,594.61,37.19,99.22,84.2,-1,-1
82,-1,778.16,511.97,25.9,82.26,79.3,-1,-1
82,-1,376.27,452.26,25.38,80.05,77.4,-1,-1
82,-1,707.5,364.87,20.73,66.04,48.4,-1,-1
83,-1,1484.31,594.97,37.15,98.93,84.3,-1,-1
83,-1,777.93,511.81,26.11,82.21,79.8,-1,-1
83,-1,376.08,452.08,25.33,80.06,78.3,-1,-1
83,-1,706.48,364.13,21.6,67.52,50.8,-1,-1
84,-1,1484.18,596.0,37.06,97.48,83.9,-1,-1
84,-1,778.21,511.72,25.66,81.69,79.6,-1,-1
84,-1,376.39,451.5,25.49,81.39,79.0,-1,-1
84,-1,706.32,363.33,21.92,68.63,52.1,-1,-1
85,-1,1484.28,595.75,37.09,98.5,84.5,-1,-1
85,-1,376.04,451.53,25.21,81.73,79.6,-1,-1
85,-1,778.66,510.91,24.9,82.42,78.7,-1,-1
85,-1,706.08,359.82,23.14,71.11,62.4,-1,-1
86,-1,1484.27,595.75,37.1,98.49,84.5,-1,-1
86,-1,376.04,451.56,25.19,81.69,79.5,-1,-1
86,-1,778.66,510.93,24.89,82.4,78.7,-1,-1
86,-1,706.08,359.81,23.15,71.11,62.4,-1,-1
87,-1,1483.39,596.83,36.97,97.7,84.1,-1,-1
87,-1,375.79,455.32,25.3,78.64,80.2,-1,-1
87,-1,778.48,513.19,24.91,81.1,77.6,-1,-1
87,-1,705.26,362.29,23.37,68.23,72.9,-1,-1
88,-1,1482.02,598.37,37.82,96.47,84.4,-1,-1
88,-1,374.98,455.94,25.39,76.77,78.4,-1,-1
88,-1,777.6,512.32,24.48,81.52,77.4,-1,-1
88,-1,705.21,363.6,22.28,68.35,75.8,-1,-1
89,-1,1482.1,598.51,36.61,96.31,83.8,-1,-1
89,-1,776.99,512.85,24.49,80.91,77.7,-1,-1
89,-1,704.84,364.33,21.92,67.99,77.1,-1,-1
89,-1,373.41,455.8,25.5,77.86,71.7,-1,-1
90,-1,1482.91,596.55,35.22,97.57,83.3,-1,-1
90,-1,703.84,361.82,21.57,68.55,78.5,-1,-1
90,-1,777.18,512.09,24.63,81.45,77.6,-1,-1
90,-1,373.6,456.31,25.02,78.23,63.1,-1,-1
91,-1,1482.88,597.09,34.9,96.87,83.2,-1,-1
91,-1,702.78,362.99,20.73,67.15,78.4,-1,-1
91,-1,777.26,513.04,24.69,80.75,77.9,-1,-1
91,-1,373.26,455.97,25.58,79.13,67.9,-1,-1
92,-1,1482.88,597.09,34.9,96.88,83.1,-1,-1
92,-1,702.77,363.0,20.73,67.15,78.4,-1,-1
92,-1,777.26,513.04,24.69,80.75,77.9,-1,-1
92,-1,373.27,455.97,25.58,79.12,68.0,-1,-1
93,-1,1482.79,596.8,35.81,96.99,83.6,-1,-1
93,-1,702.34,361.35,21.77,70.24,80.9,-1,-1
93,-1,777.81,512.36,24.28,81.73,77.4,-1,-1
93,-1,373.43,455.96,25.41,79.98,68.1,-1,-1
94,-1,1482.32,597.49,35.95,96.21,83.7,-1,-1
94,-1,777.61,512.97,24.17,80.91,77.1,-1,-1
94,-1,372.75,455.09,26.08,80.84,72.4,-1,-1
94,-1,703.11,362.59,20.65,71.72,69.4,-1,-1
95,-1,1481.06,598.82,36.83,95.22,83.9,-1,-1
95,-1,776.3,512.29,24.67,80.46,77.0,-1,-1
95,-1,373.27,455.49,26.08,80.66,70.7,-1,-1
95,-1,702.6,364.93,21.69,71.01,69.6,-1,-1
96,-1,1479.34,599.95,37.33,93.83,84.8,-1,-1
96,-1,776.73,514.32,24.54,79.63,77.5,-1,-1
96,-1,701.14,368.28,21.21,66.26,70.7,-1,-1
96,-1,371.44,455.33,27.25,81.93,69.7,-1,-1
97,-1,1479.02,599.15,37.17,94.65,84.8,-1,-1
97,-1,698.6,363.2,24.18,71.92,81.7,-1,-1
97,-1,776.16,515.99,25.15,78.7,77.9,-1,-1
97,-1,372.26,455.69,26.92,82.31,73.4,-1,-1
98,-1,1479.02,599.21,37.17,94.6,84.9,-1,-1
98,-1,698.6,363.2,24.19,71.95,81.8,-1,-1
98,-1,776.16,516.01,25.15,78.68,77.9,-1,-1
98,-1,372.26,455.67,26.93,82.33,73.5,-1,-1
99,-1,1479.03,597.68,36.62,96.04,84.7,-1,-1
99,-1,698.57,362.97,23.32,73.07,80.9,-1,-1
99,-1,775.65,515.99,25.22,78.28,78.3,-1,-1
99,-1,372.4,455.56,26.61,82.79,73.3,-1,-1
100,-1,1478.67,597.99,37.34,96.13,85.4,-1,-1
100,-1,698.56,365.13,22.44,69.99,78.7,-1,-1
100,-1,775.41,517.84,25.31,77.31,78.3,-1,-1
100,-1,372.02,456.45,26.43,81.98,66.4,-1,-1
101,-1,1478.1,597.06,37.87,96.98,85.7,-1,-1
101,-1,697.78,362.59,23.05,71.99,79.0,-1,-1
101,-1,775.72,516.44,25.27,78.73,77.8,-1,-1
101,-1,372.24,456.72,25.95,82.97,48.0,-1,-1
102,-1,1477.76,598.7,37.8,95.9,85.4,-1,-1
102,-1,695.98,366.24,23.68,69.04,78.5,-1,-1
102,-1,775.03,515.96,25.97,79.51,77.9,-1,-1
102,-1,372.43,457.07,25.29,83.5,32.8,-1,-1
103,-1,1478.13,600.03,37.27,94.98,85.6,-1,-1
103,-1,695.84,364.48,23.37,71.21,79.6,-1,-1
103,-1,774.65,518.3,25.79,77.23,77.8,-1,-1
103,-1,370.53,457.4,24.9,83.04,29.8,-1,-1
104,-1,1478.13,600.04,37.29,94.98,85.6,-1,-1
104,-1,695.83,364.44,23.37,71.26,79.6,-1,-1
104,-1,774.65,518.29,25.79,77.24,77.8,-1,-1
104,-1,370.52,457.4,24.91,83.06,30.3,-1,-1
105,-1,1477.99,599.42,37.03,95.64,85.4,-1,-1
105,-1,694.8,367.55,23.96,68.74,82.1,-1,-1
105,-1,774.5,518.0,25.88,77.81,77.8,-1,-1
105,-1,370.33,456.87,24.45,83.04,55.7,-1,-1
106,-1,1477.74,598.82,36.62,96.35,84.7,-1,-1
106,-1,694.3,369.7,23.17,65.85,80.1,-1,-1
106,-1,774.5,516.59,25.7,79.41,77.7,-1,-1
106,-1,369.65,457.13,25.07,82.83,68.8,-1,-1
107,-1,1477.94,598.59,36.35,96.83,84.9,-1,-1
107,-1,693.86,372.18,23.56,64.14,78.4,-1,-1
107,-1,774.54,515.67,25.64,81.09,77.4,-1,-1
107,-1,369.39,457.62,25.03,83.42,70.7,-1,-1
108,-1,1476.96,598.89,36.59,96.65,84.5,-1,-1
108,-1,367.94,457.16,25.15,84.41,78.3,-1,-1
108,-1,694.09,371.82,22.87,65.99,78.0,-1,-1
108,-1,774.0,515.28,25.75,81.22,77.4,-1,-1
109,-1,1477.05,600.56,35.92,95.06,84.8,-1,-1
109,-1,368.15,458.94,25.25,83.19,78.9,-1,-1
109,-1,774.22,515.25,24.76,80.66,77.6,-1,-1
109,-1,694.43,371.35,21.39,66.11,75.9,-1,-1
110,-1,1477.03,600.54,35.95,95.11,84.8,-1,-1
110,-1,368.15,458.95,25.25,83.18,78.9,-1,-1
110,-1,774.21,515.25,24.77,80.67,77.6,-1,-1
110,-1,694.43,371.33,21.4,66.15,76.0,-1,-1
111,-1,1476.1,601.4,36.88,94.21,84.6,-1,-1
111,-1,773.66,515.2,24.97,80.48,78.2,-1,-1
111,-1,367.66,457.92,24.86,83.69,77.7,-1,-1
111,-1,692.78,371.92,21.7,66.9,71.5,-1,-1
112,-1,1475.1,599.5,37.56,96.0,84.7,-1,-1
112,-1,773.57,516.54,24.28,80.14,77.9,-1,-1
112,-1,367.83,458.91,23.98,82.34,76.5,-1,-1
112,-1,692.62,369.78,19.75,66.5,63.6,-1,-1
113,-1,1474.22,599.87,38.17,95.38,84.1,-1,-1
113,-1,771.77,517.55,24.86,81.46,78.3,-1,-1
113,-1,367.18,459.35,23.93,81.78,75.5,-1,-1
113,-1,691.49,365.76,20.23,71.02,66.7,-1,-1
114,-1,1474.18,599.36,37.04,95.35,83.6,-1,-1
114,-1,771.45,519.18,25.04,78.57,77.2,-1,-1
114,-1,366.06,459.81,24.59,82.03,76.7,-1,-1
114,-1,691.05,367.58,20.4,69.4,67.5,-1,-1
115,-1,1473.64,600.7,36.59,95.55,84.1,-1,-1
115,-1,365.36,460.41,24.47,81.59,78.2,-1,-1
115,-1,771.52,517.9,24.15,80.82,78.2,-1,-1
115,-1,690.41,370.46,20.41,68.55,70.3,-1,-1
116,-1,1473.63,600.69,36.58,95.57,84.1,-1,-1
116,-1,365.37,460.4,24.47,81.62,78.2,-1,-1
116,-1,771.5,517.88,24.16,80.85,78.2,-1,-1
116,-1,690.41,370.45,20.42,68.56,70.4,-1,-1
117,-1,1471.88,600.52,37.16,95.64,87.9,-1,-1
117,-1,364.24,459.86,25.02,81.2,80.7,-1,-1
117,-1,770.19,518.33,25.09,79.99,80.5,-1,-1
117,-1,687.57,373.52,22.2,67.06,73.4,-1,-1
118,-1,1471.68,598.92,36.09,97.03,87.5,-1,-1
118,-1,362.26,456.55,26.02,83.69,81.7,-1,-1
118,-1,769.48,516.88,24.44,80.96,80.2,-1,-1
118,-1,686.21,369.55,22.17,71.01,75.4,-1,-1
119,-1,1470.94,600.78,35.13,95.88,88.8,-1,-1
119,-1,362.42,458.44,25.78,85.09,81.1,-1,-1
119,-1,767.44,517.16,25.69,82.92,81.0,-1,-1
119,-1,684.22,373.09,22.05,66.83,73.6,-1,-1
120,-1,1469.62,600.02,36.07,96.8,89.5,-1,-1
120,-1,767.27,519.63,26.06,80.4,82.8,-1,-1
120,-1,360.75,459.55,27.04,84.12,82.2,-1,-1
120,-1,683.09,370.79,22.99,69.4,75.3,-1,-1
121,-1,1469.22,599.87,35.34,97.42,89.0,-1,-1
121,-1,767.61,519.66,25.94,82.75,83.9,-1,-1
121,-1,360.12,459.74,26.45,83.45,81.9,-1,-1
121,-1,681.33,369.85,23.13,70.55,76.6,-1,-1
122,-1,1469.22,599.87,35.33,97.42,89.0,-1,-1
122,-1,767.61,519.67,25.94,82.75,83.9,-1,-1
122,-1,360.12,459.75,26.45,83.45,81.9,-1,-1
122,-1,681.34,369.84,23.13,70.56,76.6,-1,-1
123,-1,1468.39,600.34,36.02,97.4,88.7,-1,-1
123,-1,359.44,460.13,27.51,83.7,83.7,-1,-1
123,-1,766.81,519.55,26.34,80.93,83.5,-1,-1
123,-1,681.2,374.4,21.4,65.15,74.9,-1,-1
124,-1,1467.92,599.43,36.06,98.76,88.4,-1,-1
124,-1,765.91,519.63,26.76,80.87,83.9,-1,-1
124,-1,360.16,461.74,25.48,81.03,82.0,-1,-1
124,-1,680.94,373.03,20.89,66.21,76.1,-1,-1
125,-1,1465.96,601.22,38.6,98.06,88.1,-1,-1
125,-1,766.4,520.35,26.17,82.0,84.7,-1,-1
125,-1,359.49,461.42,26.31,82.23,82.1,-1,-1
125,-1,680.92,370.11,19.96,69.54,71.9,-1,-1
126,-1,1466.86,599.21,35.68,97.87,88.1,-1,-1
126,-1,765.83,521.29,25.81,81.96,84.5,-1,-1
126,-1,359.11,460.6,26.38,83.91,81.9,-1,-1
126,-1,680.22,369.68,19.53,69.98,69.0,-1,-1
127,-1,1465.51,599.56,36.69,96.99,87.2,-1,-1
127,-1,765.31,521.82,25.76,81.46,84.0,-1,-1
127,-1,358.82,460.97,25.83,84.23,81.0,-1,-1
127,-1,679.13,374.99,20.49,63.88,73.7,-1,-1
128,-1,1465.5,599.55,36.69,96.99,87.2,-1,-1
128,-1,765.31,521.83,25.76,81.45,84.0,-1,-1
128,-1,358.82,460.99,25.83,84.22,81.0,-1,-1
128,-1,679.13,375.05,20.48,63.82,73.7,-1,-1
129,-1,1465.7,598.86,36.02,97.55,86.8,-1,-1
129,-1,765.71,522.59,25.04,80.96,84.7,-1,-1
129,-1,678.12,375.82,20.78,63.88,81.2,-1,-1
129,-1,358.27,460.65,25.55,83.89,79.4,-1,-1
130,-1,1465.31,599.34,35.8,98.39,85.3,-1,-1
130,-1,765.33,522.97,25.24,80.56,84.9,-1,-1
130,-1,678.44,375.21,18.76,64.44,79.2,-1,-1
130,-1,358.84,460.99,24.99,83.46,78.5,-1,-1
131,-1,765.07,523.58,25.13,80.15,85.1,-1,-1
131,-1,1466.09,598.81,34.39,98.13,84.6,-1,-1
131,-1,678.63,372.66,18.63,67.03,79.1,-1,-1
131,-1,357.95,461.65,25.4,82.97,77.8,-1,-1
132,-1,763.02,523.93,26.44,80.02,85.8,-1,-1
132,-1,1466.62,598.91,33.97,97.67,85.8,-1,-1
132,-1,357.14,461.87,26.0,83.77,80.0,-1,-1
132,-1,676.79,378.89,21.14,61.7,77.7,-1,-1
133,-1,763.48,524.06,25.66,80.97,85.7,-1,-1
133,-1,1465.72,599.34,34.31,97.24,85.4,-1,-1
133,-1,357.18,463.32,26.07,83.84,80.7,-1,-1
133,-1,676.41,381.04,20.72,59.2,78.4,-1,-1
134,-1,763.49,524.07,25.66,80.96,85.7,-1,-1
134,-1,1465.72,599.33,34.31,97.24,85.4,-1,-1
134,-1,357.19,463.33,26.06,83.84,80.7,-1,-1
134,-1,676.4,381.05,20.74,59.17,78.4,-1,-1
135,-1,763.31,524.37,25.76,80.28,85.7,-1,-1
135,-1,1465.54,599.28,34.7,96.94,85.3,-1,-1
135,-1,356.47,464.12,26.54,83.19,81.6,-1,-1
135,-1,675.6,379.16,20.72,61.44,79.7,-1,-1
136,-1,763.14,524.33,25.48,81.08,85.8,-1,-1
136,-1,1465.45,599.6,34.48,96.05,84.9,-1,-1
136,-1,355.98,463.95,26.64,83.47,81.6,-1,-1
136,-1,674.95,381.15,20.93,62.82,80.9,-1,-1
137,-1,762.69,524.68,25.77,81.6,85.9,-1,-1
137,-1,1465.7,599.75,34.24,95.88,84.3,-1,-1
137,-1,355.89,464.46,26.27,82.86,81.1,-1,-1
137,-1,674.98,377.91,20.51,65.39,80.4,-1,-1
138,-1,762.31,525.46,26.42,81.44,85.9,-1,-1
138,-1,1464.31,600.28,35.35,95.29,84.1,-1,-1
138,-1,354.2,463.53,27.34,83.09,82.1,-1,-1
138,-1,674.09,378.35,21.13,63.7,76.0,-1,-1
139,-1,761.98,525.6,26.51,81.86,86.7,-1,-1
139,-1,1463.78,602.39,34.57,93.2,83.5,-1,-1
139,-1,672.21,374.47,20.86,68.64,80.8,-1,-1
139,-1,355.55,463.63,26.12,83.41,80.2,-1,-1
140,-1,761.98,525.6,26.52,81.81,86.7,-1,-1
140,-1,1463.78,602.38,34.57,93.19,83.5,-1,-1
140,-1,672.22,374.48,20.85,68.62,80.8,-1,-1
140,-1,355.59,463.64,26.08,83.4,80.2,-1,-1
141,-1,761.95,525.22,26.62,82.3,86.1,-1,-1
141,-1,1462.9,604.71,33.22,91.15,82.0,-1,-1
141,-1,671.29,377.3,21.08,65.9,80.8,-1,-1
141,-1,355.18,464.3,25.49,82.32,79.8,-1,-1
142,-1,761.8,524.22,26.37,83.18,85.8,-1,-1
142,-1,670.7,376.86,20.57,66.66,81.5,-1,-1
142,-1,1462.52,603.88,33.87,92.65,81.3,-1,-1
142,-1,355.09,466.02,24.63,80.61,78.2,-1,-1
143,-1,761.18,524.06,26.44,83.58,86.1,-1,-1
143,-1,1463.33,603.97,33.29,92.81,82.2,-1,-1
143,-1,670.37,380.12,20.64,64.25,80.6,-1,-1
143,-1,353.39,466.62,25.1,79.78,79.6,-1,-1
144,-1,761.57,524.43,26.24,83.04,86.4,-1,-1
144,-1,1462.85,602.86,33.81,94.4,82.7,-1,-1
144,-1,670.18,379.39,20.19,64.6,81.2,-1,-1
144,-1,354.12,466.69,24.92,80.11,80.0,-1,-1
145,-1,761.57,524.4,26.34,83.56,86.6,-1,-1
145,-1,1462.69,602.48,35.09,96.78,83.6,-1,-1
145,-1,669.63,377.18,21.3,66.24,80.0,-1,-1
145,-1,353.63,466.1,24.74,80.95,79.8,-1,-1
146,-1,761.57,524.4,26.34,83.56,86.6,-1,-1
146,-1,1462.69,602.48,35.1,96.78,83.6,-1,-1
146,-1,669.62,377.17,21.31,66.24,79.9,-1,-1
146,-1,353.63,466.1,24.71,80.89,79.8,-1,-1
147,-1,761.3,522.27,26.43,84.56,86.3,-1,-1
147,-1,1462.38,601.8,34.92,96.23,83.8,-1,-1
147,-1,353.92,467.19,24.44,80.3,80.4,-1,-1
147,-1,668.11,379.6,21.25,62.6,79.6,-1,-1
148,-1,761.0,524.62,25.74,82.55,86.1,-1,-1
148,-1,1462.56,601.27,34.97,97.12,83.2,-1,-1
148,-1,352.49,466.46,25.69,81.71,79.6,-1,-1
148,-1,668.13,375.03,19.44,66.21,75.7,-1,-1
149,-1,760.82,525.02,25.52,81.95,86.9,-1,-1
149,-1,1461.24,601.49,34.87,96.71,80.9,-1,-1
149,-1,352.32,465.34,24.55,81.81,78.8,-1,-1
149,-1,667.48,379.03,20.35,63.79,72.6,-1,-1
150,-1,760.72,526.49,25.15,80.91,87.5,-1,-1
150,-1,1459.55,601.07,36.98,98.51,81.1,-1,-1
150,-1,352.32,464.68,24.07,82.24,79.3,-1,-1
150,-1,666.27,377.42,20.71,66.94,74.8,-1,-1
151,-1,760.45,525.26,25.37,82.26,87.4,-1,-1
151,-1,1458.28,601.76,36.97,96.1,81.1,-1,-1
151,-1,352.31,465.51,23.95,81.54,78.7,-1,-1
151,-1,665.97,378.48,20.62,66.88,77.4,-1,-1
152,-1,760.47,525.27,25.35,82.23,87.4,-1,-1
152,-1,1458.23,601.72,36.99,96.13,81.2,-1,-1
152,-1,352.32,465.47,23.96,81.61,78.7,-1,-1
152,-1,665.95,378.52,20.59,66.86,77.2,-1,-1
153,-1,760.6,525.69,25.28,81.62,87.6,-1,-1
153,-1,1455.81,599.95,38.93,97.76,82.3,-1,-1
153,-1,351.9,465.69,24.24,81.76,78.3,-1,-1
153,-1,665.88,378.61,20.57,66.17,77.2,-1,-1
154,-1,759.58,524.34,24.79,81.83,86.8,-1,-1
154,-1,1456.41,600.03,38.15,97.7,81.5,-1,-1
154,-1,350.97,465.68,24.71,82.56,79.9,-1,-1
154,-1,663.52,378.69,22.23,67.12,74.6,-1,-1
155,-1,758.21,526.29,25.28,80.34,86.3,-1,-1
155,-1,1457.5,601.12,37.38,97.29,81.0,-1,-1
155,-1,350.21,468.87,25.22,80.54,78.9,-1,-1
155,-1,662.94,380.62,22.13,66.14,39.3,-1,-1
156,-1,757.61,524.6,24.97,82.36,83.3,-1,-1
156,-1,1455.01,603.19,37.77,94.88,80.8,-1,-1
156,-1,349.37,469.05,25.45,81.05,77.0,-1,-1
156,-1,663.42,377.04,22.06,69.84,50.8,-1,-1
157,-1,1453.98,601.72,38.14,95.8,82.6,-1,-1
157,-1,757.97,524.38,24.69,84.03,81.6,-1,-1
157,-1,350.13,470.21,24.84,78.41,76.9,-1,-1
158,-1,1453.98,601.72,38.13,95.8,82.6,-1,-1
158,-1,757.97,524.38,24.69,84.04,81.6,-1,-1
158,-1,350.12,470.17,24.85,78.43,76.9,-1,-1
159,-1,1453.25,600.9,37.38,97.01,82.9,-1,-1
159,-1,757.06,525.01,25.07,83.95,79.0,-1,-1
159,-1,349.54,469.3,24.64,79.67,77.3,-1,-1
159,-1,658.22,380.21,22.56,64.91,67.7,-1,-1
160,-1,1453.16,601.64,36.51,95.78,82.9,-1,-1
160,-1,755.61,524.29,25.98,80.58,77.7,-1,-1
160,-1,347.5,468.53,23.93,80.65,77.3,-1,-1
160,-1,657.96,378.16,21.48,68.62,67.8,-1,-1
161,-1,1451.37,601.25,37.0,94.63,84.3,-1,-1
161,-1,656.06,375.53,22.13,70.69,77.7,-1,-1
161,-1,346.92,468.81,22.51,79.47,73.9,-1,-1
161,-1,754.15,521.38,25.35,82.95,65.2,-1,-1
162,-1,1449.18,600.75,37.65,95.71,84.4,-1,-1
162,-1,654.32,376.26,21.54,70.64,80.1,-1,-1
162,-1,752.74,520.33,25.74,84.1,79.7,-1,-1
162,-1,343.18,469.5,23.15,79.43,74.1,-1,-1
163,-1,1448.32,599.98,36.89,97.12,84.7,-1,-1
163,-1,651.62,376.33,22.96,71.26,83.4,-1,-1
163,-1,751.13,521.47,24.63,84.88,81.8,-1,-1
163,-1,342.69,470.24,23.41,80.24,75.5,-1,-1
164,-1,1448.3,599.97,36.9,97.14,84.7,-1,-1
164,-1,651.61,376.27,22.99,71.34,83.4,-1,-1
164,-1,751.13,521.54,24.62,84.8,81.8,-1,-1
164,-1,342.69,470.22,23.41,80.24,75.5,-1,-1
165,-1,1446.43,598.59,36.26,98.89,85.7,-1,-1
165,-1,748.82,523.31,25.62,85.54,85.0,-1,-1
165,-1,650.44,381.18,21.93,67.32,82.4,-1,-1
165,-1,340.1,467.78,23.89,82.35,77.4,-1,-1
166,-1,1445.48,600.91,36.01,94.82,86.8,-1,-1
166,-1,746.54,526.09,26.05,81.54,85.0,-1,-1
166,-1,649.35,375.58,22.72,71.12,80.9,-1,-1
166,-1,338.94,469.62,24.15,79.43,79.9,-1,-1
167,-1,1443.57,601.4,37.22,95.37,86.4,-1,-1
167,-1,745.28,522.78,26.18,83.2,84.6,-1,-1
167,-1,646.21,377.64,22.02,70.37,80.5,-1,-1
167,-1,338.55,470.19,24.0,80.03,79.1,-1,-1
168,-1,1443.28,603.41,36.25,93.76,86.5,-1,-1
168,-1,744.48,523.43,26.38,82.77,84.9,-1,-1
168,-1,645.28,377.59,21.49,69.73,79.8,-1,-1
168,-1,337.71,470.15,23.83,80.27,73.8,-1,-1
169,-1,1442.23,601.08,35.17,94.38,86.0,-1,-1
169,-1,744.68,521.64,26.14,86.55,83.4,-1,-1
169,-1,643.51,376.2,21.19,72.55,79.4,-1,-1
169,-1,336.69,468.03,23.35,82.03,72.9,-1,-1
170,-1,1442.24,601.04,35.16,94.42,85.9,-1,-1
170,-1,744.68,521.63,26.15,86.55,83.4,-1,-1
170,-1,643.52,376.18,21.19,72.57,79.4,-1,-1
170,-1,336.71,468.05,23.33,82.01,72.7,-1,-1
171,-1,1441.56,601.17,34.68,94.47,85.1,-1,-1
171,-1,743.32,524.1,26.34,83.09,83.8,-1,-1
171,-1,642.48,379.61,21.26,68.08,76.7,-1,-1
171,-1,336.34,469.92,22.89,81.02,72.2,-1,-1
172,-1,1440.35,604.68,35.5,91.5,85.3,-1,-1
172,-1,741.88,525.25,27.19,81.76,84.4,-1,-1
172,-1,641.91,375.55,20.81,73.13,75.7,-1,-1
172,-1,333.68,468.61,24.47,82.14,75.3,-1,-1
173,-1,1439.21,602.23,35.58,92.61,86.1,-1,-1
173,-1,741.86,529.04,27.29,78.34,84.9,-1,-1
173,-1,333.17,470.5,24.67,79.94,77.6,-1,-1
173,-1,642.14,378.07,20.08,70.76,69.5,-1,-1
174,-1,741.41,527.85,27.13,78.61,85.4,-1,-1
174,-1,1438.15,602.62,35.76,92.04,85.0,-1,-1
174,-1,330.57,470.49,26.62,80.66,80.5,-1,-1
174,-1,642.02,375.89,20.72,71.65,68.3,-1,-1
175,-1,740.99,527.92,26.81,77.97,85.0,-1,-1
175,-1,1436.96,602.85,36.41,92.35,84.8,-1,-1
175,-1,330.4,471.2,26.36,80.56,80.0,-1,-1
175,-1,640.63,380.62,20.13,68.55,71.5,-1,-1
176,-1,740.99,527.89,26.8,77.98,85.0,-1,-1
176,-1,1436.96,602.85,36.41,92.35,84.8,-1,-1
176,-1,330.39,471.22,26.36,80.54,80.0,-1,-1
176,-1,640.65,380.6,20.11,68.58,71.4,-1,-1
177,-1,740.86,528.79,26.58,77.54,84.8,-1,-1
177,-1,1436.27,602.69,36.82,92.19,83.8,-1,-1
177,-1,330.25,471.06,26.49,80.65,80.5,-1,-1
177,-1,639.25,379.94,20.31,67.89,73.4,-1,-1
178,-1,740.36,528.93,26.22,75.23,84.4,-1,-1
178,-1,1435.2,602.13,36.75,92.83,83.9,-1,-1
178,-1,329.12,471.65,26.99,80.2,82.0,-1,-1
178,-1,637.86,381.77,20.97,67.42,72.0,-1,-1
179,-1,1434.17,599.68,37.79,95.77,84.1,-1,-1
179,-1,740.27,529.88,26.37,77.33,83.7,-1,-1
179,-1,330.83,472.47,24.95,80.31,81.8,-1,-1
179,-1,637.32,382.83,21.2,65.44,69.2,-1,-1
180,-1,740.17,532.9,26.33,75.37,84.7,-1,-1
180,-1,1433.01,601.17,38.36,94.58,84.1,-1,-1
180,-1,331.1,470.82,24.9,82.08,81.2,-1,-1
180,-1,636.18,384.4,20.26,63.72,63.7,-1,-1
181,-1,739.85,532.38,26.97,76.78,85.9,-1,-1
181,-1,1433.21,601.33,36.76,93.56,84.4,-1,-1
181,-1,329.91,471.36,25.17,81.59,81.7,-1,-1
181,-1,634.31,386.94,19.03,60.01,58.0,-1,-1
182,-1,739.85,532.38,26.97,76.78,85.9,-1,-1
182,-1,1433.21,601.33,36.76,93.55,84.4,-1,-1
182,-1,329.91,471.36,25.17,81.59,81.7,-1,-1
182,-1,634.3,386.94,19.04,60.01,57.9,-1,-1
183,-1,739.25,530.46,27.65,80.53,86.1,-1,-1
183,-1,1432.75,602.15,36.08,92.99,83.4,-1,-1
183,-1,329.11,469.96,25.04,83.38,80.9,-1,-1
183,-1,633.17,381.07,20.71,64.98,73.0,-1,-1
184,-1,739.02,529.31,26.96,81.62,85.2,-1,-1
184,-1,1432.07,601.58,36.93,93.3,84.9,-1,-1
184,-1,328.85,470.56,24.49,83.2,80.2,-1,-1
184,-1,633.32,382.19,20.34,62.98,58.6,-1,-1
185,-1,1431.42,603.47,37.28,91.79,85.4,-1,-1
185,-1,738.25,529.76,25.97,79.86,85.1,-1,-1
185,-1,328.59,471.29,24.14,81.95,80.7,-1,-1
185,-1,631.8,382.59,19.5,63.47,71.3,-1,-1
186,-1,1431.12,600.61,36.86,94.44,85.4,-1,-1
186,-1,737.3,530.05,25.84,80.32,84.7,-1,-1
186,-1,328.69,471.41,23.76,81.45,81.8,-1,-1
186,-1,631.04,381.94,19.56,65.27,75.2,-1,-1
187,-1,1430.74,599.3,36.48,95.5,86.0,-1,-1
187,-1,735.71,529.31,25.65,79.95,85.9,-1,-1
187,-1,327.02,474.51,24.85,79.65,80.2,-1,-1
187,-1,630.56,382.96,19.12,63.33,78.0,-1,-1
188,-1,1430.74,599.3,36.48,95.5,86.0,-1,-1
188,-1,735.7,529.33,25.66,79.96,85.9,-1,-1
188,-1,327.03,474.49,24.85,79.66,80.2,-1,-1
188,-1,630.57,382.96,19.11,63.35,78.0,-1,-1
189,-1,735.14,530.98,25.43,77.24,85.8,-1,-1
189,-1,1430.13,602.77,35.73,91.78,85.6,-1,-1
189,-1,628.59,381.35,19.97,65.43,80.1,-1,-1
189,-1,326.7,471.46,24.11,83.87,73.5,-1,-1
190,-1,733.4,531.78,25.65,76.31,85.6,-1,-1
190,-1,1428.83,601.48,35.78,92.89,85.4,-1,-1
190,-1,626.82,382.31,20.18,65.15,80.1,-1,-1
190,-1,326.13,470.93,24.03,83.9,64.7,-1,-1
191,-1,1425.94,601.37,37.51,93.11,84.3,-1,-1
191,-1,732.46,531.07,25.59,76.2,81.0,-1,-1
191,-1,624.7,377.8,20.24,68.35,78.7,-1,-1
191,-1,322.48,472.3,25.73,81.35,61.0,-1,-1
192,-1,1424.52,599.9,36.58,94.51,85.7,-1,-1
192,-1,731.01,532.06,26.63,77.84,81.1,-1,-1
192,-1,622.62,377.85,20.6,69.26,80.5,-1,-1
192,-1,320.7,472.97,24.44,80.72,70.2,-1,-1
193,-1,1423.46,602.14,34.57,92.51,88.1,-1,-1
193,-1,619.41,377.33,21.27,69.7,79.1,-1,-1
193,-1,728.92,534.19,26.53,75.19,76.5,-1,-1
193,-1,319.25,472.85,24.09,82.23,76.4,-1,-1
194,-1,1423.46,602.12,34.57,92.54,88.1,-1,-1
194,-1,619.42,377.28,21.28,69.75,79.1,-1,-1
194,-1,728.92,534.17,26.53,75.2,76.6,-1,-1
194,-1,319.24,472.84,24.1,82.25,76.4,-1,-1
195,-1,1420.61,600.44,36.13,94.01,88.2,-1,-1
195,-1,728.2,532.38,26.9,76.37,81.0,-1,-1
195,-1,317.86,472.77,23.5,82.11,75.4,-1,-1
195,-1,618.63,382.66,20.26,65.63,74.8,-1,-1
196,-1,1420.02,602.25,35.92,92.5,88.6,-1,-1
196,-1,726.62,530.3,27.21,78.5,82.0,-1,-1
196,-1,315.54,472.58,24.4,81.94,80.9,-1,-1
196,-1,616.61,381.33,21.7,65.5,76.5,-1,-1
197,-1,1419.02,602.74,36.0,92.0,89.2,-1,-1
197,-1,725.04,530.84,26.66,78.67,82.9,-1,-1
197,-1,313.99,473.89,23.99,81.44,77.0,-1,-1
197,-1,614.9,382.56,21.98,66.27,43.2,-1,-1
198,-1,1417.07,599.67,35.64,94.38,87.1,-1,-1
198,-1,722.97,532.23,27.39,77.21,84.2,-1,-1
198,-1,313.09,474.64,23.75,80.36,78.5,-1,-1
198,-1,612.55,381.05,22.69,66.9,51.1,-1,-1
198,-1,394.46,622.78,144.88,442.5,26.3,-1,-1
199,-1,1416.58,601.21,35.14,93.7,86.5,-1,-1
199,-1,719.91,526.65,28.55,82.2,85.3,-1,-1
199,-1,310.93,471.18,23.97,83.9,79.0,-1,-1
199,-1,610.25,382.6,23.04,65.5,48.0,-1,-1
200,-1,1416.58,601.21,35.14,93.7,86.5,-1,-1
200,-1,719.91,526.65,28.54,82.2,85.3,-1,-1
200,-1,310.92,471.16,23.98,83.92,79.0,-1,-1
200,-1,610.24,382.58,23.04,65.56,48.3,-1,-1
201,-1,719.88,527.81,27.22,80.5,85.1,-1,-1
201,-1,1415.74,600.21,33.47,93.64,84.3,-1,-1
201,-1,308.16,472.87,25.14,82.44,79.0,-1,-1
201,-1,608.85,380.23,22.36,67.78,75.2,-1,-1
201,-1,393.98,624.18,152.51,438.44,27.8,-1,-1
202,-1,718.24,530.26,28.49,80.16,85.4,-1,-1
202,-1,1412.68,602.32,34.8,91.66,83.5,-1,-1
202,-1,307.97,473.6,23.87,83.22,78.9,-1,-1
202,-1,606.61,379.24,21.38,68.58,78.0,-1,-1
203,-1,717.29,528.86,28.19,80.91,85.9,-1,-1
203,-1,1410.69,597.86,34.73,94.4,81.5,-1,-1
203,-1,606.1,383.39,19.91,64.26,81.3,-1,-1
203,-1,306.35,474.33,24.31,80.8,76.3,-1,-1
204,-1,716.43,528.99,28.37,80.71,84.5,-1,-1
204,-1,1409.64,599.92,34.37,92.67,80.6,-1,-1
204,-1,604.4,380.43,20.73,67.75,80.5,-1,-1
204,-1,305.29,474.35,23.97,82.01,77.7,-1,-1
205,-1,716.21,528.7,28.02,80.21,84.9,-1,-1
205,-1,602.86,382.97,21.16,67.22,81.9,-1,-1
205,-1,1408.75,600.68,33.41,92.52,81.2,-1,-1
205,-1,303.54,471.39,24.92,84.77,79.6,-1,-1
206,-1,716.17,528.71,28.02,80.2,84.9,-1,-1
206,-1,602.86,382.89,21.17,67.28,81.9,-1,-1
206,-1,1408.73,600.69,33.42,92.53,81.2,-1,-1
206,-1,303.54,471.4,24.91,84.77,79.6,-1,-1
207,-1,714.96,528.06,28.67,81.02,85.5,-1,-1
207,-1,1407.47,599.67,35.98,94.64,82.3,-1,-1
207,-1,601.28,382.75,22.39,68.54,82.1,-1,-1
207,-1,303.61,473.34,23.99,82.14,77.1,-1,-1
208,-1,715.34,527.77,27.29,82.28,85.2,-1,-1
208,-1,1407.3,600.03,35.72,93.39,82.6,-1,-1
208,-1,600.68,382.08,20.74,66.65,80.9,-1,-1
208,-1,304.75,474.86,21.96,80.71,75.2,-1,-1
209,-1,715.31,527.2,25.94,82.62,83.6,-1,-1
209,-1,1407.23,599.35,35.02,94.79,83.3,-1,-1
209,-1,598.73,378.91,21.56,71.17,80.9,-1,-1
209,-1,303.89,475.19,23.39,81.51,76.1,-1,-1
210,-1,713.89,526.48,26.0,83.56,85.8,-1,-1
210,-1,1406.9,603.15,33.63,90.47,83.8,-1,-1
210,-1,597.81,377.9,21.44,71.39,80.3,-1,-1
210,-1,303.44,476.63,22.23,78.6,73.4,-1,-1
211,-1,712.64,527.29,26.83,83.57,85.9,-1,-1
211,-1,1405.96,600.88,33.95,93.11,84.1,-1,-1
211,-1,596.64,381.73,20.7,67.05,77.7,-1,-1
211,-1,301.89,476.02,22.83,80.3,75.0,-1,-1
212,-1,712.64,527.29,26.83,83.57,85.9,-1,-1
212,-1,1405.96,600.88,33.95,93.11,84.1,-1,-1
212,-1,596.64,381.72,20.7,67.06,77.8,-1,-1
212,-1,301.9,476.04,22.82,80.27,75.0,-1,-1
213,-1,712.0,527.78,26.3,82.54,84.9,-1,-1
213,-1,1405.18,599.11,34.16,94.76,84.2,-1,-1
213,-1,597.03,379.9,19.09,70.78,75.3,-1,-1
213,-1,301.08,478.39,22.42,78.83,72.7,-1,-1
214,-1,710.98,526.66,26.51,84.13,85.0,-1,-1
214,-1,1403.42,599.89,35.29,94.46,83.8,-1,-1
214,-1,299.83,476.59,23.8,80.0,74.7,-1,-1
214,-1,595.46,381.48,19.07,66.79,70.8,-1,-1
215,-1,710.48,528.87,26.23,82.38,84.9,-1,-1
215,-1,1403.14,602.08,34.92,92.38,83.7,-1,-1
215,-1,300.05,476.98,22.66,80.36,74.6,-1,-1
215,-1,595.94,382.28,19.03,67.39,66.2,-1,-1
216,-1,709.94,528.99,26.86,81.95,85.3,-1,-1
216,-1,1402.18,600.45,35.28,93.31,83.6,-1,-1
216,-1,299.33,476.47,23.25,81.45,74.1,-1,-1
216,-1,593.03,384.34,21.03,64.66,69.8,-1,-1
217,-1,1401.56,600.35,35.25,93.31,84.5,-1,-1
217,-1,709.91,529.77,25.83,80.89,84.0,-1,-1
217,-1,297.67,476.09,23.94,81.5,73.2,-1,-1
217,-1,591.8,388.53,19.98,62.36,68.4,-1,-1
218,-1,1401.55,600.34,35.26,93.31,84.5,-1,-1
218,-1,709.9,529.76,25.84,80.9,84.0,-1,-1
218,-1,297.67,476.1,23.94,81.49,73.2,-1,-1
218,-1,591.79,388.5,19.98,62.39,68.4,-1,-1
219,-1,709.15,530.03,26.09,80.84,84.1,-1,-1
219,-1,1399.73,599.56,35.86,94.2,83.2,-1,-1
219,-1,589.8,386.4,20.89,64.8,70.8,-1,-1
219,-1,297.52,477.5,22.97,80.61,68.4,-1,-1
220,-1,1398.47,600.31,36.17,93.4,83.6,-1,-1
220,-1,707.81,529.95,26.56,81.07,79.4,-1,-1
220,-1,296.51,477.62,23.87,80.9,72.9,-1,-1
220,-1,588.54,384.28,21.57,66.57,72.0,-1,-1
221,-1,1398.01,600.53,35.29,93.51,84.0,-1,-1
221,-1,706.54,528.98,27.39,81.25,79.0,-1,-1
221,-1,295.35,478.35,23.03,81.19,72.3,-1,-1
221,-1,587.63,385.22,21.55,64.77,71.7,-1,-1
222,-1,1398.1,600.73,34.69,93.17,84.5,-1,-1
222,-1,706.69,528.6,27.22,81.62,76.1,-1,-1
222,-1,586.7,382.95,22.56,66.16,73.3,-1,-1
222,-1,294.88,478.18,23.26,81.43,72.7,-1,-1
223,-1,1397.96,599.78,34.96,94.45,84.9,-1,-1
223,-1,705.8,528.97,27.16,81.64,75.8,-1,-1
223,-1,293.98,477.72,24.21,82.4,74.4,-1,-1
223,-1,586.83,383.55,21.53,66.01,71.7,-1,-1
224,-1,1397.96,599.78,35.04,94.52,84.8,-1,-1
224,-1,705.82,528.85,27.16,81.75,75.7,-1,-1
224,-1,293.97,477.69,24.23,82.44,74.3,-1,-1
224,-1,586.82,383.56,21.53,65.96,71.6,-1,-1
225,-1,1397.57,600.74,34.89,92.63,86.2,-1,-1
225,-1,704.85,528.39,26.61,80.74,78.7,-1,-1
225,-1,293.63,480.11,24.89,80.35,77.9,-1,-1
225,-1,586.21,382.04,22.05,67.69,72.0,-1,-1
226,-1,1396.56,601.27,35.68,92.39,86.0,-1,-1
226,-1,703.37,530.84,27.08,78.78,82.1,-1,-1
226,-1,292.84,479.73,25.21,81.39,81.2,-1,-1
226,-1,584.63,385.93,20.92,63.51,75.9,-1,-1
227,-1,1395.05,601.46,36.56,92.03,87.3,-1,-1
227,-1,703.34,531.55,26.8,77.57,83.6,-1,-1
227,-1,293.14,478.86,23.72,81.91,81.2,-1,-1
227,-1,584.89,386.54,19.69,64.46,72.5,-1,-1
228,-1,1394.66,601.62,36.49,92.69,87.3,-1,-1
228,-1,703.41,530.39,26.63,77.57,84.1,-1,-1
228,-1,291.86,479.49,24.23,81.05,82.3,-1,-1
228,-1,583.38,385.78,19.53,63.71,75.8,-1,-1
229,-1,1394.2,602.28,36.53,91.5,87.1,-1,-1
229,-1,703.5,531.2,26.38,77.22,84.1,-1,-1
229,-1,291.1,479.8,24.71,80.15,83.0,-1,-1
229,-1,581.73,386.93,20.35,63.76,80.3,-1,-1
230,-1,1394.23,602.27,36.5,91.51,87.1,-1,-1
230,-1,703.51,531.2,26.37,77.24,84.0,-1,-1
230,-1,291.08,479.8,24.72,80.15,83.0,-1,-1
230,-1,581.73,386.96,20.35,63.72,80.4,-1,-1
231,-1,1392.41,601.48,38.23,91.54,87.5,-1,-1
231,-1,703.38,531.52,25.34,76.51,82.6,-1,-1
231,-1,290.15,480.68,25.33,79.76,82.4,-1,-1
231,-1,582.29,387.2,18.95,62.03,78.5,-1,-1
232,-1,1392.91,601.85,37.59,91.42,88.0,-1,-1
232,-1,703.02,531.39,25.41,77.08,83.5,-1,-1
232,-1,289.78,480.93,26.04,78.9,82.9,-1,-1
232,-1,582.02,387.54,19.59,61.96,79.4,-1,-1
233,-1,1393.02,601.97,37.09,91.67,87.9,-1,-1
233,-1,703.35,532.67,25.22,76.12,83.4,-1,-1
233,-1,289.61,481.15,25.46,78.75,83.0,-1,-1
233,-1,582.53,386.99,18.99,64.4,79.1,-1,-1
234,-1,1392.81,601.38,37.17,92.34,87.0,-1,-1
234,-1,702.97,532.86,25.29,75.73,83.1,-1,-1
234,-1,289.72,480.86,25.0,78.26,82.6,-1,-1
234,-1,581.74,385.58,18.83,66.28,79.6,-1,-1
235,-1,1392.5,600.87,37.09,92.48,86.8,-1,-1
235,-1,702.86,533.09,25.83,76.03,83.3,-1,-1
235,-1,289.95,481.34,25.14,77.83,82.8,-1,-1
235,-1,581.24,386.06,18.29,66.13,79.6,-1,-1
236,-1,1392.5,600.88,37.11,92.48,86.8,-1,-1
236,-1,702.85,533.1,25.84,76.03,83.3,-1,-1
236,-1,289.94,481.3,25.14,77.85,82.8,-1,-1
236,-1,581.24,386.07,18.29,66.11,79.6,-1,-1
237,-1,1392.83,600.03,36.45,92.81,87.0,-1,-1
237,-1,703.21,531.55,26.04,77.96,84.5,-1,-1
237,-1,290.53,481.21,24.26,77.61,82.5,-1,-1
237,-1,580.22,385.94,18.24,64.27,78.8,-1,-1
238,-1,1392.37,599.98,36.57,92.96,87.0,-1,-1
238,-1,702.98,531.02,26.55,78.75,84.8,-1,-1
238,-1,290.22,481.99,24.94,77.02,82.7,-1,-1
238,-1,579.97,387.03,18.64,63.2,78.5,-1,-1
239,-1,1392.32,600.48,36.23,92.12,87.1,-1,-1
239,-1,702.65,530.68,26.44,77.74,84.5,-1,-1
239,-1,290.25,482.33,24.64,76.02,79.9,-1,-1
239,-1,578.34,385.66,19.7,65.9,78.5,-1,-1
240,-1,1391.37,600.44,36.09,91.93,87.2,-1,-1
240,-1,701.85,532.0,25.98,76.55,84.2,-1,-1
240,-1,578.83,385.61,20.11,68.24,80.5,-1,-1
240,-1,290.35,481.6,24.58,77.91,79.6,-1,-1
241,-1,1391.28,601.76,35.8,90.42,87.4,-1,-1
241,-1,701.18,533.05,26.47,74.38,84.7,-1,-1
241,-1,576.51,383.22,22.15,70.28,80.8,-1,-1
241,-1,289.94,481.3,23.79,77.94,80.2,-1,-1
242,-1,1391.28,601.74,35.8,90.43,87.4,-1,-1
242,-1,701.19,533.05,26.47,74.37,84.7,-1,-1
242,-1,576.5,383.21,22.16,70.29,80.8,-1,-1
242,-1,289.94,481.3,23.79,77.94,80.2,-1,-1
243,-1,1391.48,601.96,35.55,90.31,87.7,-1,-1
243,-1,701.21,531.23,26.1,76.22,84.2,-1,-1
243,-1,576.76,384.49,21.79,69.6,81.1,-1,-1
243,-1,290.01,481.11,24.23,78.21,80.2,-1,-1
244,-1,1391.67,601.15,34.72,90.18,87.5,-1,-1
244,-1,701.4,531.41,26.45,75.52,84.7,-1,-1
244,-1,290.05,481.61,23.79,78.05,79.6,-1,-1
244,-1,576.61,386.35,20.58,65.74,79.4,-1,-1
245,-1,1391.92,601.25,34.49,90.4,87.4,-1,-1
245,-1,701.74,531.57,27.3,75.76,84.7,-1,-1
245,-1,290.26,481.13,23.74,78.97,79.8,-1,-1
245,-1,576.97,387.06,20.48,64.99,78.5,-1,-1
246,-1,1391.17,601.0,34.58,90.32,87.4,-1,-1
246,-1,701.41,531.02,27.13,74.99,84.4,-1,-1
246,-1,290.45,480.91,23.45,78.55,78.0,-1,-1
246,-1,576.0,388.06,20.4,62.32,76.0,-1,-1
247,-1,1389.79,600.87,35.23,90.05,87.0,-1,-1
247,-1,701.1,532.21,26.87,74.23,84.6,-1,-1
247,-1,290.03,480.92,23.55,78.26,76.0,-1,-1
247,-1,575.54,388.0,20.35,62.37,75.8,-1,-1
248,-1,1389.78,600.82,35.27,90.08,87.0,-1,-1
248,-1,701.07,532.19,26.9,74.25,84.6,-1,-1
248,-1,290.03,480.92,23.54,78.28,76.1,-1,-1
248,-1,575.53,387.97,20.36,62.38,75.8,-1,-1
249,-1,1389.55,600.59,35.08,89.37,87.7,-1,-1
249,-1,700.8,531.32,26.96,75.67,85.2,-1,-1
249,-1,575.59,388.23,20.0,63.99,77.2,-1,-1
249,-1,290.18,481.31,23.34,77.51,76.4,-1,-1
250,-1,1389.24,601.07,35.39,88.76,87.8,-1,-1
250,-1,700.46,531.63,27.09,76.18,85.2,-1,-1
250,-1,574.9,385.97,20.89,64.93,79.1,-1,-1
250,-1,289.94,480.9,23.08,77.79,75.4,-1,-1
251,-1,1389.01,600.52,35.33,88.86,87.9,-1,-1
251,-1,700.92,530.38,26.72,77.4,84.8,-1,-1
251,-1,574.95,385.06,19.96,66.55,79.6,-1,-1
251,-1,289.89,481.21,22.53,77.3,77.0,-1,-1
251,-1,408.56,670.81,96.9,391.91,29.4,-1,-1
252,-1,1388.31,600.07,35.61,89.56,87.0,-1,-1
252,-1,701.34,530.17,26.58,77.89,84.7,-1,-1
252,-1,574.52,385.76,19.58,65.05,78.8,-1,-1
252,-1,289.64,480.19,22.94,78.07,75.0,-1,-1
252,-1,408.52,773.81,98.35,291.69,28.0,-1,-1
253,-1,1388.24,599.62,35.85,90.26,86.9,-1,-1
253,-1,701.53,529.35,26.82,79.29,84.4,-1,-1
253,-1,289.14,479.74,23.27,77.98,78.0,-1,-1
253,-1,574.27,386.44,19.18,63.12,75.0,-1,-1
254,-1,1388.24,599.65,35.85,90.25,86.9,-1,-1
254,-1,701.53,529.35,26.82,79.29,84.4,-1,-1
254,-1,289.14,479.76,23.27,77.96,78.0,-1,-1
254,-1,574.26,386.47,19.18,63.11,75.1,-1,-1
255,-1,1387.89,599.22,35.8,90.81,86.6,-1,-1
255,-1,701.8,530.41,27.41,80.04,84.2,-1,-1
255,-1,289.39,480.13,22.69,77.5,77.2,-1,-1
255,-1,574.63,387.74,18.96,62.98,71.3,-1,-1
256,-1,1387.69,598.71,36.09,91.47,86.6,-1,-1
256,-1,701.69,530.72,27.63,79.96,84.1,-1,-1
256,-1,288.99,479.99,23.35,77.75,78.1,-1,-1
256,-1,574.38,387.17,19.46,63.92,66.7,-1,-1
257,-1,1387.54,599.12,36.43,91.39,86.3,-1,-1
257,-1,702.07,531.78,27.4,78.96,83.9,-1,-1
257,-1,289.92,479.73,22.59,78.04,76.4,-1,-1
257,-1,574.02,387.55,19.37,63.85,66.9,-1,-1
258,-1,1387.81,598.98,36.46,90.43,86.5,-1,-1
258,-1,702.56,532.6,27.48,78.08,83.6,-1,-1
258,-1,573.5,386.9,20.07,65.16,72.8,-1,-1
258,-1,289.91,479.99,22.76,78.2,72.4,-1,-1
259,-1,1387.41,598.81,37.0,90.67,86.2,-1,-1
259,-1,703.13,532.14,27.76,78.35,84.4,-1,-1
259,-1,573.21,387.66,20.36,64.18,72.1,-1,-1
259,-1,289.84,480.23,22.84,77.92,71.9,-1,-1
260,-1,1387.42,598.82,36.98,90.67,86.2,-1,-1
260,-1,703.12,532.14,27.77,78.36,84.4,-1,-1
260,-1,573.21,387.71,20.35,64.12,72.3,-1,-1
260,-1,289.84,480.22,22.84,77.92,71.9,-1,-1
261,-1,1387.71,598.65,36.74,89.84,86.5,-1,-1
261,-1,703.29,530.48,28.73,79.43,83.9,-1,-1
261,-1,289.37,480.15,24.26,78.67,75.1,-1,-1
261,-1,572.84,388.59,20.49,63.21,75.0,-1,-1
262,-1,1387.19,598.38,36.9,90.47,86.1,-1,-1
262,-1,703.65,532.73,28.37,77.04,84.1,-1,-1
262,-1,572.96,388.63,20.29,64.04,76.4,-1,-1
262,-1,288.8,480.46,24.57,78.49,73.2,-1,-1
263,-1,1386.99,598.66,37.15,90.03,85.8,-1,-1
263,-1,703.49,531.47,28.5,77.55,84.8,-1,-1
263,-1,572.47,388.18,19.82,63.96,74.5,-1,-1
263,-1,288.5,481.5,24.78,77.47,67.9,-1,-1
264,-1,1387.19,598.19,36.25,90.08,85.9,-1,-1
264,-1,703.23,531.68,28.48,77.82,83.6,-1,-1
264,-1,572.27,388.86,19.4,62.9,74.0,-1,-1
264,-1,288.38,480.98,24.77,77.78,66.2,-1,-1
265,-1,1387.85,598.14,35.08,89.96,86.8,-1,-1
265,-1,702.88,531.05,28.46,78.25,84.0,-1,-1
265,-1,571.81,390.45,19.06,60.62,69.5,-1,-1
265,-1,288.41,479.97,24.76,78.97,65.3,-1,-1
266,-1,1387.86,598.14,35.07,89.98,86.8,-1,-1
266,-1,702.88,531.05,28.45,78.25,83.9,-1,-1
266,-1,571.83,390.45,19.04,60.64,69.6,-1,-1
266,-1,288.4,479.98,24.75,78.97,65.3,-1,-1
267,-1,1388.04,597.98,34.66,90.65,86.6,-1,-1
267,-1,703.05,529.62,28.71,78.94,84.7,-1,-1
267,-1,288.85,480.56,23.55,78.02,71.4,-1,-1
267,-1,571.65,393.66,19.18,57.78,61.3,-1,-1
268,-1,1388.32,598.47,34.19,90.66,87.2,-1,-1
268,-1,701.82,529.17,29.21,79.03,85.7,-1,-1
268,-1,287.97,480.8,23.92,77.25,68.4,-1,-1
268,-1,571.25,392.57,19.03,59.05,58.4,-1,-1
269,-1,1387.79,598.24,34.65,91.78,87.2,-1,-1
269,-1,701.62,530.0,28.39,78.15,85.6,-1,-1
269,-1,570.97,389.25,19.69,63.98,72.5,-1,-1
269,-1,287.85,480.62,24.51,77.59,65.1,-1,-1
270,-1,1387.65,598.25,34.9,92.34,87.1,-1,-1
270,-1,701.7,530.61,28.41,77.7,85.6,-1,-1
270,-1,570.7,389.79,19.76,63.88,74.1,-1,-1
270,-1,288.05,480.74,24.63,77.8,68.3,-1,-1
271,-1,1387.7,598.11,34.8,92.06,86.4,-1,-1
271,-1,701.26,529.47,28.27,78.61,85.9,-1,-1
271,-1,569.91,388.15,19.97,65.98,71.6,-1,-1
271,-1,287.7,480.88,25.97,77.68,56.2,-1,-1
272,-1,1387.7,598.11,34.81,92.06,86.4,-1,-1
272,-1,701.27,529.46,28.26,78.61,86.0,-1,-1
272,-1,569.9,388.17,19.97,65.98,71.6,-1,-1
272,-1,287.7,480.88,25.97,77.68,56.2,-1,-1
273,-1,701.24,530.77,29.0,77.34,85.6,-1,-1
273,-1,1386.74,598.02,35.93,92.77,85.4,-1,-1
273,-1,286.81,480.8,25.96,78.0,58.7,-1,-1
273,-1,570.25,390.24,19.32,64.14,55.4,-1,-1
274,-1,700.95,530.79,29.56,77.32,85.4,-1,-1
274,-1,1386.94,598.03,36.14,93.19,85.2,-1,-1
274,-1,286.76,482.83,23.92,74.85,53.5,-1,-1
274,-1,569.3,390.54,20.05,63.32,43.0,-1,-1
275,-1,701.12,531.74,29.14,75.9,84.9,-1,-1
275,-1,1385.74,598.87,36.7,92.06,84.2,-1,-1
275,-1,286.72,481.5,24.86,77.23,47.3,-1,-1
276,-1,701.33,533.19,28.4,74.63,84.2,-1,-1
276,-1,1385.2,597.85,36.61,92.97,84.1,-1,-1
276,-1,286.87,481.51,24.39,76.87,48.3,-1,-1
277,-1,701.22,533.93,27.88,73.77,84.3,-1,-1
277,-1,1384.77,597.63,37.08,93.27,84.1,-1,-1
277,-1,286.83,481.4,23.84,77.28,51.8,-1,-1
278,-1,701.22,533.93,27.88,73.77,84.3,-1,-1
278,-1,1384.78,597.63,37.08,93.27,84.1,-1,-1
278,-1,286.84,481.4,23.85,77.28,52.0,-1,-1
279,-1,701.2,535.53,28.05,72.5,84.8,-1,-1
279,-1,1384.23,597.81,37.37,93.1,84.1,-1,-1
279,-1,286.79,481.77,24.41,76.44,50.4,-1,-1
279,-1,567.52,386.0,21.51,67.21,28.6,-1,-1
280,-1,700.86,534.37,28.27,74.36,85.4,-1,-1
280,-1,1385.59,598.15,35.98,92.21,83.8,-1,-1
280,-1,286.41,482.84,24.27,75.54,44.1,-1,-1
280,-1,567.99,387.08,21.17,66.81,34.7,-1,-1
281,-1,700.52,534.56,28.2,73.81,85.1,-1,-1
281,-1,1385.69,598.16,35.37,91.93,83.3,-1,-1
281,-1,566.94,386.79,22.21,67.44,45.6,-1,-1
281,-1,286.5,483.48,24.03,73.57,32.4,-1,-1
282,-1,700.83,534.15,27.28,74.69,85.3,-1,-1
282,-1,1385.79,597.34,35.71,90.73,84.2,-1,-1
282,-1,285.72,483.2,25.46,75.51,45.1,-1,-1
282,-1,566.31,388.67,22.75,65.37,25.6,-1,-1
283,-1,700.87,531.97,27.08,75.92,85.0,-1,-1
283,-1,1385.98,597.42,35.19,89.81,84.3,-1,-1
283,-1,286.11,482.28,25.52,76.47,52.0,-1,-1
284,-1,700.86,531.93,27.1,75.96,85.0,-1,-1
284,-1,1385.98,597.42,35.18,89.81,84.3,-1,-1
284,-1,286.11,482.29,25.52,76.45,51.8,-1,-1
285,-1,1386.11,597.87,35.14,89.29,85.0,-1,-1
285,-1,700.86,531.57,28.12,77.62,84.9,-1,-1
285,-1,285.44,482.28,26.01,76.07,48.3,-1,-1
286,-1,1386.37,599.36,34.56,87.49,85.5,-1,-1
286,-1,701.5,532.07,28.92,77.11,84.8,-1,-1
286,-1,285.83,481.89,26.27,77.25,55.0,-1,-1
287,-1,1386.39,599.27,34.63,88.31,85.1,-1,-1
287,-1,701.79,532.12,28.32,75.52,84.6,-1,-1
287,-1,285.0,482.54,26.99,74.21,40.8,-1,-1
288,-1,701.48,530.81,28.64,76.97,85.2,-1,-1
288,-1,1386.19,599.07,35.04,89.49,84.7,-1,-1
288,-1,284.55,481.47,27.31,76.47,51.7,-1,-1
288,-1,562.19,387.66,22.67,65.16,33.7,-1,-1
289,-1,1386.02,599.99,36.36,88.48,85.1,-1,-1
289,-1,701.77,531.36,28.42,76.05,84.9,-1,-1
289,-1,562.0,386.29,23.2,67.05,52.5,-1,-1
289,-1,284.56,481.75,27.03,74.52,48.1,-1,-1
290,-1,1386.01,599.99,36.36,88.48,85.1,-1,-1
290,-1,701.77,531.37,28.42,76.04,84.9,-1,-1
290,-1,562.0,386.29,23.19,67.06,52.6,-1,-1
290,-1,284.56,481.76,27.03,74.5,47.9,-1,-1
291,-1,1386.86,599.23,36.27,89.31,85.9,-1,-1
291,-1,702.75,531.51,28.26,75.86,84.2,-1,-1
291,-1,283.94,480.34,28.18,76.18,64.6,-1,-1
291,-1,562.07,387.5,22.52,65.82,46.3,-1,-1
292,-1,1388.17,598.45,36.08,90.16,86.6,-1,-1
292,-1,703.86,532.43,28.23,75.4,83.5,-1,-1
292,-1,281.28,480.09,31.21,76.13,70.8,-1,-1
292,-1,562.08,388.87,22.26,64.53,44.7,-1,-1
293,-1,1388.76,598.44,35.59,89.79,86.7,-1,-1
293,-1,704.0,534.09,28.98,75.33,82.4,-1,-1
293,-1,281.71,480.66,31.29,77.14,75.7,-1,-1
293,-1,562.23,388.82,22.29,64.44,40.4,-1,-1
294,-1,1388.67,597.85,36.21,91.39,85.9,-1,-1
294,-1,704.75,533.53,28.49,75.91,80.6,-1,-1
294,-1,282.39,481.28,30.87,76.47,77.9,-1,-1
294,-1,562.56,389.65,21.85,63.8,25.2,-1,-1
295,-1,1390.61,598.86,34.57,90.25,85.8,-1,-1
295,-1,282.59,481.11,31.07,76.31,79.6,-1,-1
295,-1,705.32,533.53,27.67,74.83,75.0,-1,-1
296,-1,1390.61,598.86,34.57,90.24,85.8,-1,-1
296,-1,282.61,481.13,31.04,76.28,79.5,-1,-1
296,-1,705.32,533.52,27.67,74.83,75.0,-1,-1
297,-1,1391.04,598.4,35.52,89.73,86.0,-1,-1
297,-1,707.13,532.3,27.27,74.7,82.9,-1,-1
297,-1,282.8,480.8,32.0,77.4,76.7,-1,-1
298,-1,707.9,527.68,27.98,80.33,86.3,-1,-1
298,-1,1393.06,597.73,34.44,89.46,85.4,-1,-1
298,-1,284.39,480.75,31.53,75.41,64.8,-1,-1
299,-1,1393.6,599.16,35.67,91.73,86.3,-1,-1
299,-1,708.87,529.1,27.09,78.33,86.3,-1,-1
299,-1,284.08,480.27,30.9,73.41,51.0,-1,-1
299,-1,568.45,391.28,20.86,61.86,25.7,-1,-1
300,-1,709.37,529.95,28.47,78.8,87.2,-1,-1
300,-1,1393.39,598.95,36.03,90.4,86.0,-1,-1
300,-1,569.66,392.29,20.07,61.24,36.7,-1,-1
301,-1,710.31,528.52,29.33,80.81,87.9,-1,-1
301,-1,1393.52,598.4,35.5,90.27,86.7,-1,-1
301,-1,570.37,393.21,19.49,61.86,44.3,-1,-1
302,-1,710.31,528.51,29.33,80.82,87.9,-1,-1
302,-1,1393.53,598.4,35.49,90.26,86.7,-1,-1
302,-1,570.35,393.22,19.5,61.83,44.0,-1,-1
303,-1,710.3,526.87,29.38,81.78,88.0,-1,-1
303,-1,1393.85,597.85,36.98,90.61,86.6,-1,-1
303,-1,569.37,390.34,20.53,64.56,59.5,-1,-1
303,-1,285.92,482.28,33.72,72.29,25.2,-1,-1
304,-1,711.17,525.81,29.51,80.89,86.4,-1,-1
304,-1,1394.54,597.37,37.16,91.55,86.0,-1,-1
304,-1,570.01,391.08,20.14,61.7,57.5,-1,-1
304,-1,285.34,481.96,36.54,72.38,30.9,-1,-1
305,-1,712.85,526.94,29.19,80.18,86.2,-1,-1
305,-1,1395.35,598.43,37.78,89.88,85.4,-1,-1
305,-1,285.1,482.5,36.64,72.28,53.2,-1,-1
305,-1,571.57,393.24,18.76,59.01,38.6,-1,-1
306,-1,712.76,526.2,29.75,79.4,86.3,-1,-1
306,-1,1397.04,596.07,36.62,90.76,84.0,-1,-1
306,-1,571.38,391.28,19.01,61.09,58.6,-1,-1
306,-1,287.69,483.27,34.97,70.2,25.2,-1,-1
307,-1,714.36,526.82,29.85,79.79,85.6,-1,-1
307,-1,1397.04,594.8,37.85,92.33,83.8,-1,-1
307,-1,571.37,386.2,20.56,66.7,73.0,-1,-1
307,-1,285.66,484.31,38.55,69.35,41.7,-1,-1
308,-1,714.37,526.82,29.84,79.78,85.6,-1,-1
308,-1,1397.03,594.8,37.86,92.32,83.8,-1,-1
308,-1,571.37,386.2,20.56,66.7,73.1,-1,-1
308,-1,285.65,484.29,38.57,69.38,41.9,-1,-1
309,-1,715.37,528.84,29.21,78.84,86.0,-1,-1
309,-1,1397.64,595.36,37.81,91.32,83.9,-1,-1
309,-1,572.92,388.35,19.47,63.5,67.2,-1,-1
309,-1,286.69,482.87,37.37,70.22,50.8,-1,-1
310,-1,717.01,528.66,27.49,78.17,86.2,-1,-1
310,-1,1398.5,595.67,37.32,89.32,84.2,-1,-1
310,-1,573.38,389.45,19.55,62.9,66.6,-1,-1
311,-1,717.56,527.23,28.08,79.28,86.8,-1,-1
311,-1,1399.23,596.76,36.92,88.31,84.4,-1,-1
311,-1,573.84,392.85,18.6,59.55,66.8,-1,-1
312,-1,718.7,526.16,27.71,79.59,86.9,-1,-1
312,-1,1400.39,594.8,36.92,89.09,84.5,-1,-1
312,-1,574.56,391.81,18.7,61.2,69.6,-1,-1
312,-1,286.27,482.11,42.21,70.8,55.0,-1,-1
313,-1,719.67,527.49,27.27,78.45,88.0,-1,-1
313,-1,1401.42,595.55,36.55,87.63,84.2,-1,-1
313,-1,574.42,387.33,19.96,65.73,70.7,-1,-1
313,-1,291.74,481.77,37.96,71.41,70.3,-1,-1
314,-1,719.68,527.48,27.27,78.45,88.0,-1,-1
314,-1,1401.42,595.56,36.55,87.63,84.2,-1,-1
314,-1,574.46,387.38,19.91,65.72,70.6,-1,-1
314,-1,291.78,481.77,37.93,71.41,70.3,-1,-1
315,-1,719.69,527.4,27.7,78.76,87.8,-1,-1
315,-1,1402.2,596.41,36.13,87.34,83.7,-1,-1
315,-1,574.55,387.86,20.18,66.29,75.8,-1,-1
315,-1,288.01,482.09,41.86,70.65,65.9,-1,-1
316,-1,720.35,526.26,28.05,80.58,87.4,-1,-1
316,-1,1403.25,596.4,36.41,87.34,82.6,-1,-1
316,-1,292.65,482.04,39.34,72.52,69.4,-1,-1
316,-1,576.18,391.05,18.64,61.54,55.4,-1,-1
317,-1,721.52,527.31,28.22,79.43,88.8,-1,-1
317,-1,1403.96,593.8,36.18,90.32,83.3,-1,-1
317,-1,297.35,481.2,35.33,73.63,71.3,-1,-1
317,-1,577.57,392.58,18.37,60.21,37.3,-1,-1
318,-1,722.09,527.59,27.99,78.21,88.4,-1,-1
318,-1,1404.36,593.28,36.12,89.78,84.8,-1,-1
318,-1,297.78,480.97,35.41,74.23,77.5,-1,-1
318,-1,577.85,394.83,18.88,56.73,62.2,-1,-1
319,-1,723.15,529.04,27.31,76.34,87.7,-1,-1
319,-1,1405.26,592.91,35.88,89.81,84.6,-1,-1
319,-1,299.87,481.95,34.61,73.92,74.3,-1,-1
319,-1,578.42,390.9,20.3,61.93,74.1,-1,-1
320,-1,723.15,529.03,27.31,76.34,87.7,-1,-1
320,-1,1405.25,592.9,35.9,89.85,84.6,-1,-1
320,-1,299.83,481.97,34.64,73.89,74.2,-1,-1
320,-1,578.41,390.9,20.3,61.92,74.1,-1,-1
321,-1,724.26,528.85,26.43,76.0,86.6,-1,-1
321,-1,1406.55,593.56,35.75,89.53,84.1,-1,-1
321,-1,295.1,481.27,39.44,73.88,77.0,-1,-1
321,-1,578.95,389.16,20.48,64.79,76.8,-1,-1
322,-1,725.1,528.02,25.63,76.08,85.6,-1,-1
322,-1,1407.36,594.65,35.62,88.82,84.6,-1,-1
322,-1,288.65,480.48,45.96,73.69,74.1,-1,-1
322,-1,579.69,390.06,19.23,63.19,66.1,-1,-1
323,-1,725.85,527.95,25.75,74.28,84.7,-1,-1
323,-1,1408.47,595.26,34.56,87.51,83.2,-1,-1
323,-1,288.79,480.54,46.65,73.45,78.2,-1,-1
323,-1,580.73,390.17,18.73,62.05,60.4,-1,-1
324,-1,727.1,527.62,25.88,76.26,83.9,-1,-1
324,-1,1409.23,595.1,33.52,86.21,82.7,-1,-1
324,-1,288.13,479.43,48.17,75.15,81.6,-1,-1
324,-1,580.79,390.37,18.6,61.46,69.3,-1,-1
325,-1,1409.85,594.41,33.71,87.53,82.5,-1,-1
325,-1,728.22,529.08,25.71,76.05,81.4,-1,-1
325,-1,286.51,479.29,50.05,74.68,67.0,-1,-1
325,-1,581.75,392.28,17.4,60.48,62.8,-1,-1
326,-1,1409.85,594.43,33.71,87.51,82.5,-1,-1
326,-1,728.21,529.04,25.72,76.08,81.4,-1,-1
326,-1,286.45,479.27,50.09,74.69,66.9,-1,-1
326,-1,581.76,392.27,17.4,60.48,62.6,-1,-1
327,-1,1410.68,593.72,34.06,87.5,82.9,-1,-1
327,-1,729.44,529.17,25.46,77.0,79.3,-1,-1
327,-1,582.08,389.26,19.8,64.98,76.2,-1,-1
327,-1,293.73,480.59,44.35,72.66,33.8,-1,-1
328,-1,1411.42,593.04,34.72,89.37,84.4,-1,-1
328,-1,582.02,387.86,20.25,65.91,78.0,-1,-1
328,-1,728.95,526.63,26.16,77.3,77.1,-1,-1
329,-1,1411.57,592.67,36.06,89.01,84.5,-1,-1
329,-1,729.28,526.98,27.57,77.67,76.7,-1,-1
329,-1,582.85,388.6,20.2,63.35,66.4,-1,-1
329,-1,296.59,480.3,43.22,72.88,36.5,-1,-1
330,-1,1412.99,594.66,35.04,85.67,83.7,-1,-1
330,-1,730.29,527.71,27.33,77.88,78.8,-1,-1
330,-1,583.41,389.87,19.23,60.72,43.5,-1,-1
331,-1,1415.6,595.53,33.59,83.9,84.5,-1,-1
331,-1,731.2,527.83,26.86,76.27,82.8,-1,-1
331,-1,584.09,390.91,18.02,59.69,59.2,-1,-1
332,-1,1415.6,595.53,33.59,83.9,84.5,-1,-1
332,-1,731.2,527.84,26.85,76.24,82.8,-1,-1
332,-1,584.08,390.84,18.02,59.75,59.6,-1,-1
333,-1,732.69,528.51,26.77,75.44,86.5,-1,-1
333,-1,1415.4,594.13,35.38,86.18,86.3,-1,-1
333,-1,584.4,389.35,19.41,63.47,72.0,-1,-1
333,-1,312.7,480.17,33.14,74.9,36.6,-1,-1
334,-1,732.86,527.87,27.85,77.89,87.5,-1,-1
334,-1,1415.84,594.28,35.62,87.06,86.3,-1,-1
334,-1,584.52,388.67,20.85,65.52,72.0,-1,-1
334,-1,317.89,480.33,29.61,75.07,39.5,-1,-1
335,-1,1416.72,595.48,34.21,85.02,87.4,-1,-1
335,-1,733.38,526.87,28.06,78.16,87.3,-1,-1
335,-1,584.28,387.69,21.55,65.89,74.1,-1,-1
335,-1,310.89,480.13,36.74,75.14,33.4,-1,-1
336,-1,1417.38,594.36,34.52,86.16,87.8,-1,-1
336,-1,734.98,526.37,26.57,77.13,85.7,-1,-1
336,-1,584.96,389.76,20.87,63.26,69.0,-1,-1
336,-1,314.17,481.88,33.63,73.97,45.0,-1,-1
337,-1,1417.7,592.27,35.5,88.77,87.7,-1,-1
337,-1,736.6,527.75,26.78,75.24,83.7,-1,-1
337,-1,585.46,390.96,20.3,61.5,64.4,-1,-1
337,-1,312.16,480.26,36.19,75.3,47.2,-1,-1
337,-1,321.35,479.71,29.35,76.17,27.3,-1,-1
338,-1,1417.72,592.3,35.48,88.75,87.7,-1,-1
338,-1,736.61,527.76,26.77,75.25,83.8,-1,-1
338,-1,585.46,390.96,20.3,61.5,64.4,-1,-1
338,-1,311.79,480.28,36.57,75.27,47.4,-1,-1
338,-1,321.14,479.74,29.55,76.13,26.7,-1,-1
339,-1,1417.65,591.2,36.39,89.64,87.1,-1,-1
339,-1,737.93,529.07,28.46,76.73,83.7,-1,-1
339,-1,585.63,391.82,19.94,60.53,62.9,-1,-1
339,-1,312.51,482.8,33.86,69.13,40.9,-1,-1
339,-1,319.14,479.22,30.57,76.17,38.1,-1,-1
340,-1,1418.23,592.54,36.52,89.09,86.8,-1,-1
340,-1,738.79,529.34,28.35,76.92,84.1,-1,-1
340,-1,586.41,391.27,20.83,62.09,68.4,-1,-1
340,-1,325.24,478.93,25.01,78.32,65.9,-1,-1
341,-1,1419.28,595.07,35.89,85.76,86.8,-1,-1
341,-1,740.09,529.08,28.23,76.65,83.7,-1,-1
341,-1,587.01,391.31,21.42,62.94,69.2,-1,-1
341,-1,325.5,480.09,24.97,77.57,65.4,-1,-1
342,-1,1420.05,591.15,37.35,88.98,86.4,-1,-1
342,-1,740.78,529.36,27.6,76.01,84.0,-1,-1
342,-1,587.18,390.29,21.92,64.17,69.7,-1,-1
342,-1,327.38,482.07,23.29,75.19,68.7,-1,-1
343,-1,1421.2,592.05,37.82,88.15,86.2,-1,-1
343,-1,741.28,530.28,28.62,76.09,85.4,-1,-1
343,-1,328.64,481.28,24.2,74.08,76.6,-1,-1
343,-1,588.22,392.36,20.26,61.47,64.2,-1,-1
344,-1,1421.2,592.04,37.83,88.18,86.2,-1,-1
344,-1,741.28,530.28,28.62,76.09,85.4,-1,-1
344,-1,328.71,481.28,24.17,74.06,76.6,-1,-1
344,-1,588.22,392.39,20.27,61.45,64.2,-1,-1
345,-1,743.28,528.08,27.34,79.02,85.9,-1,-1
345,-1,1421.92,589.43,36.97,91.09,85.4,-1,-1
345,-1,329.84,481.28,24.43,74.32,75.8,-1,-1
345,-1,588.92,393.9,17.9,59.2,53.0,-1,-1
346,-1,743.6,527.1,27.74,79.44,86.1,-1,-1
346,-1,1422.48,589.42,38.09,89.44,85.6,-1,-1
346,-1,329.72,481.52,25.47,74.65,77.9,-1,-1
346,-1,589.89,394.03,18.04,59.52,60.9,-1,-1
347,-1,744.16,526.16,27.41,79.36,86.3,-1,-1
347,-1,1422.83,589.81,37.88,87.97,85.5,-1,-1
347,-1,332.33,480.83,25.17,75.69,77.6,-1,-1
347,-1,590.87,394.1,18.48,59.9,62.5,-1,-1
348,-1,744.73,528.4,27.91,77.26,86.3,-1,-1
348,-1,1423.94,589.57,36.86,86.58,85.0,-1,-1
348,-1,333.46,480.38,25.6,77.03,79.7,-1,-1
348,-1,591.25,393.6,19.95,61.27,64.7,-1,-1
349,-1,745.26,529.28,28.33,76.87,86.8,-1,-1
349,-1,1424.99,588.96,37.09,89.49,85.7,-1,-1
349,-1,331.83,479.54,27.21,77.22,83.2,-1,-1
349,-1,591.36,394.07,18.96,60.57,60.3,-1,-1
350,-1,745.25,529.27,28.33,76.88,86.8,-1,-1
350,-1,1424.99,588.96,37.09,89.49,85.7,-1,-1
350,-1,331.82,479.53,27.21,77.23,83.2,-1,-1
350,-1,591.36,394.05,18.95,60.58,60.3,-1,-1
351,-1,746.03,528.14,28.53,77.58,86.7,-1,-1
351,-1,1426.37,590.56,37.57,88.26,86.0,-1,-1
351,-1,330.24,481.01,30.03,75.28,81.9,-1,-1
351,-1,592.31,392.44,18.09,61.49,62.1,-1,-1
352,-1,747.07,528.64,28.2,77.2,86.8,-1,-1
352,-1,1427.24,591.62,37.47,86.67,85.9,-1,-1
352,-1,331.99,479.68,29.03,77.39,81.8,-1,-1
352,-1,592.65,393.16,18.19,61.49,60.5,-1,-1
353,-1,747.44,527.45,29.55,78.59,87.3,-1,-1
353,-1,1427.99,590.88,36.51,86.7,86.2,-1,-1
353,-1,333.88,479.9,27.96,78.33,81.1,-1,-1
353,-1,593.92,394.46,16.7,59.86,61.0,-1,-1
354,-1,1429.21,588.71,37.47,89.85,86.7,-1,-1
354,-1,749.26,529.08,29.29,77.4,86.2,-1,-1
354,-1,333.43,480.21,28.45,77.59,77.6,-1,-1
354,-1,594.42,393.51,18.13,62.34,61.2,-1,-1
355,-1,1430.02,589.45,37.31,89.17,87.0,-1,-1
355,-1,750.94,529.62,27.79,77.01,84.8,-1,-1
355,-1,334.2,479.64,28.48,78.1,77.7,-1,-1
355,-1,595.07,394.69,18.2,61.6,57.7,-1,-1
356,-1,1430.02,589.43,37.31,89.16,87.0,-1,-1
356,-1,751.0,529.65,27.74,76.98,84.8,-1,-1
356,-1,334.23,479.61,28.46,78.14,77.8,-1,-1
356,-1,595.06,394.69,18.2,61.6,57.6,-1,-1
357,-1,1430.34,590.93,36.94,87.02,86.6,-1,-1
357,-1,751.75,530.68,28.19,76.83,84.3,-1,-1
357,-1,334.52,480.15,27.87,77.09,79.1,-1,-1
357,-1,594.91,392.92,19.53,63.44,62.4,-1,-1
358,-1,1430.84,592.81,36.57,86.12,86.4,-1,-1
358,-1,752.71,531.01,28.52,77.01,83.0,-1,-1
358,-1,335.42,480.59,27.07,76.68,79.2,-1,-1
358,-1,594.26,390.82,20.02,65.2,66.4,-1,-1
359,-1,1431.41,591.63,35.29,87.1,85.7,-1,-1
359,-1,753.42,531.79,27.97,76.77,79.2,-1,-1
359,-1,335.8,481.36,27.43,75.47,78.4,-1,-1
359,-1,594.65,392.82,19.62,62.37,63.0,-1,-1
360,-1,1432.09,589.28,36.21,87.84,86.4,-1,-1
360,-1,753.54,530.28,28.43,78.24,79.7,-1,-1
360,-1,334.52,480.96,30.29,74.96,72.9,-1,-1
360,-1,595.39,392.79,19.06,61.54,58.6,-1,-1
361,-1,1432.79,590.21,38.18,88.56,86.6,-1,-1
361,-1,755.13,528.73,27.67,78.66,83.1,-1,-1
361,-1,333.85,480.23,31.78,74.63,74.3,-1,-1
361,-1,595.72,393.87,19.17,59.82,66.1,-1,-1
362,-1,1432.79,590.21,38.19,88.55,86.6,-1,-1
362,-1,755.13,528.72,27.67,78.66,83.1,-1,-1
362,-1,333.87,480.25,31.77,74.62,74.2,-1,-1
362,-1,595.71,393.86,19.17,59.84,66.1,-1,-1
363,-1,1433.44,590.82,37.39,87.27,86.8,-1,-1
363,-1,755.97,527.95,27.61,79.45,85.1,-1,-1
363,-1,596.87,394.1,19.2,60.96,73.1,-1,-1
363,-1,337.05,481.05,29.28,74.5,71.0,-1,-1
364,-1,1433.15,589.16,38.25,88.9,87.4,-1,-1
364,-1,756.48,530.12,26.74,77.23,84.2,-1,-1
364,-1,597.12,391.58,20.01,63.51,77.5,-1,-1
364,-1,336.72,481.42,29.89,74.09,65.2,-1,-1
365,-1,1433.2,588.85,38.45,89.17,87.3,-1,-1
365,-1,756.75,529.96,27.9,77.5,87.3,-1,-1
365,-1,597.27,392.32,20.16,63.01,76.2,-1,-1
365,-1,338.95,480.57,28.69,74.55,60.4,-1,-1
366,-1,757.55,528.87,28.25,78.0,87.7,-1,-1
366,-1,1434.11,589.48,38.41,89.42,86.6,-1,-1
366,-1,597.28,392.35,19.9,62.95,74.3,-1,-1
366,-1,340.26,480.93,29.08,74.68,63.9,-1,-1
367,-1,757.65,526.91,28.76,79.51,88.6,-1,-1
367,-1,1436.72,591.1,36.47,86.77,86.8,-1,-1
367,-1,597.37,395.13,19.4,59.38,72.0,-1,-1
367,-1,344.57,484.26,25.69,69.99,65.9,-1,-1
368,-1,757.66,526.92,28.74,79.48,88.6,-1,-1
368,-1,1436.72,591.12,36.48,86.76,86.8,-1,-1
368,-1,597.37,395.12,19.4,59.38,72.1,-1,-1
368,-1,344.58,484.3,25.68,69.93,65.7,-1,-1
369,-1,758.51,526.38,29.62,80.23,87.6,-1,-1
369,-1,1438.32,591.48,37.07,86.53,86.2,-1,-1
369,-1,598.76,394.5,19.59,60.63,73.5,-1,-1
369,-1,344.43,485.19,27.24,68.77,61.4,-1,-1
370,-1,1438.65,589.44,37.21,87.32,86.7,-1,-1
370,-1,759.89,525.89,28.26,79.34,86.4,-1,-1
370,-1,599.77,393.43,19.66,61.38,71.6,-1,-1
370,-1,343.99,483.83,27.71,69.91,67.2,-1,-1
371,-1,1438.67,589.21,37.44,87.95,87.1,-1,-1
371,-1,760.32,526.77,28.59,79.25,86.5,-1,-1
371,-1,599.17,391.68,20.58,63.38,72.0,-1,-1
371,-1,344.18,482.97,27.72,71.49,69.1,-1,-1
372,-1,1439.18,591.12,37.34,86.65,88.1,-1,-1
372,-1,760.95,527.15,28.21,79.19,86.2,-1,-1
372,-1,346.22,483.34,26.53,72.21,69.8,-1,-1
372,-1,599.45,392.42,19.89,62.51,66.1,-1,-1
373,-1,1439.99,590.09,37.39,88.47,87.1,-1,-1
373,-1,762.32,527.83,28.53,79.51,85.8,-1,-1
373,-1,349.0,485.43,24.43,70.01,64.2,-1,-1
373,-1,599.43,392.65,20.31,61.48,58.4,-1,-1
374,-1,1439.98,590.1,37.4,88.47,87.1,-1,-1
374,-1,762.32,527.83,28.53,79.5,85.8,-1,-1
374,-1,349.01,485.43,24.42,70.02,64.1,-1,-1
374,-1,599.41,392.57,20.32,61.52,57.9,-1,-1
375,-1,1440.23,591.4,35.93,85.76,87.2,-1,-1
375,-1,763.1,526.54,29.06,81.26,85.6,-1,-1
375,-1,350.93,483.87,23.29,72.75,65.0,-1,-1
375,-1,599.61,392.94,20.16,61.82,62.1,-1,-1
376,-1,1440.78,587.1,35.7,88.75,87.5,-1,-1
376,-1,763.48,525.87,28.15,78.65,84.1,-1,-1
376,-1,350.15,482.66,24.4,74.57,67.8,-1,-1
377,-1,1441.5,588.21,35.74,88.36,87.7,-1,-1
377,-1,764.3,525.49,27.87,79.26,83.8,-1,-1
377,-1,351.76,480.72,23.74,77.81,70.2,-1,-1
377,-1,602.58,392.3,20.09,61.83,61.3,-1,-1
377,-1,0.15,531.51,17.93,51.68,33.3,-1,-1
378,-1,1441.48,588.81,35.73,88.03,87.5,-1,-1
378,-1,764.37,525.31,28.1,80.54,84.2,-1,-1
378,-1,351.23,483.51,24.33,74.71,64.1,-1,-1
378,-1,602.09,392.23,20.45,61.89,57.8,-1,-1
378,-1,0.11,520.99,18.49,63.56,48.2,-1,-1
379,-1,1442.13,589.65,35.05,87.05,87.4,-1,-1
379,-1,766.03,525.4,27.63,80.5,84.5,-1,-1
379,-1,351.41,483.77,24.54,73.73,60.7,-1,-1
379,-1,602.57,392.37,19.74,61.71,60.1,-1,-1
379,-1,0.14,513.87,19.43,71.54,53.8,-1,-1
380,-1,1442.13,589.65,35.05,87.05,87.4,-1,-1
380,-1,766.03,525.4,27.64,80.49,84.5,-1,-1
380,-1,351.41,483.78,24.54,73.72,60.7,-1,-1
380,-1,602.58,392.34,19.73,61.74,60.1,-1,-1
380,-1,0.14,513.87,19.43,71.56,53.9,-1,-1
381,-1,1442.23,593.02,34.55,82.95,87.1,-1,-1
381,-1,766.37,525.68,27.03,79.53,83.7,-1,-1
381,-1,352.61,480.58,24.12,77.04,70.6,-1,-1
381,-1,0.12,504.87,20.86,77.83,65.2,-1,-1
381,-1,603.24,393.0,19.01,61.54,61.7,-1,-1
382,-1,1442.31,591.08,36.44,85.4,87.8,-1,-1
382,-1,766.94,524.56,27.33,81.13,84.6,-1,-1
382,-1,352.97,480.42,24.92,77.45,78.6,-1,-1
382,-1,0.11,503.59,21.73,78.71,71.5,-1,-1
382,-1,603.85,395.26,18.62,59.09,49.5,-1,-1
383,-1,1443.1,590.82,35.86,84.86,87.7,-1,-1
383,-1,766.69,526.06,27.81,79.61,84.5,-1,-1
383,-1,353.54,479.52,25.0,77.53,78.9,-1,-1
383,-1,0.13,503.53,22.2,79.35,72.8,-1,-1
383,-1,603.85,396.81,19.42,58.25,51.6,-1,-1
384,-1,1443.06,590.18,35.49,85.42,87.7,-1,-1
384,-1,766.57,525.7,27.87,79.6,84.9,-1,-1
384,-1,354.13,479.56,24.27,77.47,78.3,-1,-1
384,-1,0.11,505.59,21.92,78.21,70.8,-1,-1
384,-1,604.37,395.96,18.87,59.18,43.9,-1,-1
385,-1,1443.06,588.86,35.7,86.45,87.7,-1,-1
385,-1,766.46,526.43,28.13,79.4,85.5,-1,-1
385,-1,354.06,480.63,24.78,76.33,79.5,-1,-1
385,-1,0.18,505.64,21.66,78.43,67.9,-1,-1
385,-1,604.23,397.05,19.08,58.3,30.7,-1,-1
386,-1,1443.06,588.86,35.69,86.44,87.7,-1,-1
386,-1,766.46,526.43,28.13,79.39,85.5,-1,-1
386,-1,354.06,480.65,24.79,76.3,79.5,-1,-1
386,-1,0.18,505.63,21.66,78.45,68.0,-1,-1
386,-1,604.22,397.06,19.08,58.3,30.7,-1,-1
387,-1,1443.05,588.81,35.92,86.26,87.6,-1,-1
387,-1,766.44,525.98,27.53,78.93,84.8,-1,-1
387,-1,355.89,481.49,24.01,75.44,76.8,-1,-1
387,-1,0.17,504.82,23.56,79.58,65.7,-1,-1
387,-1,604.01,396.24,19.18,58.69,27.9,-1,-1
388,-1,1443.54,588.03,35.47,86.69,86.0,-1,-1
388,-1,767.83,525.9,27.58,79.94,85.7,-1,-1
388,-1,357.33,479.63,23.62,77.64,77.9,-1,-1
388,-1,0.17,499.28,23.93,84.66,73.3,-1,-1
388,-1,603.77,395.57,19.41,59.74,45.8,-1,-1
389,-1,1444.13,588.57,36.18,86.07,85.9,-1,-1
389,-1,767.74,525.75,28.6,79.98,85.7,-1,-1
389,-1,358.34,479.91,23.69,77.46,81.2,-1,-1
389,-1,0.16,500.65,23.72,82.51,73.6,-1,-1
389,-1,604.04,396.9,19.47,58.14,34.1,-1,-1
390,-1,1444.23,588.16,36.55,86.37,85.9,-1,-1
390,-1,768.52,527.44,28.3,77.65,85.3,-1,-1
390,-1,358.53,480.65,23.85,76.61,81.9,-1,-1
390,-1,0.14,500.83,24.5,82.15,77.0,-1,-1
390,-1,604.21,395.61,19.52,58.51,40.7,-1,-1
391,-1,767.98,527.12,28.91,79.58,86.1,-1,-1
391,-1,1444.44,588.05,36.85,86.83,86.0,-1,-1
391,-1,358.44,478.49,23.65,79.1,83.2,-1,-1
391,-1,0.15,502.76,24.5,79.88,75.3,-1,-1
391,-1,603.66,395.12,19.45,61.3,70.6,-1,-1
392,-1,767.96,527.11,28.92,79.57,86.0,-1,-1
392,-1,1444.44,588.04,36.85,86.83,86.0,-1,-1
392,-1,358.44,478.53,23.65,79.06,83.2,-1,-1
392,-1,0.15,502.76,24.5,79.88,75.3,-1,-1
392,-1,603.66,395.12,19.45,61.31,70.5,-1,-1
393,-1,767.88,527.41,28.75,79.43,85.8,-1,-1
393,-1,1444.61,587.8,36.65,86.98,85.8,-1,-1
393,-1,358.36,479.57,23.56,77.65,82.8,-1,-1
393,-1,0.14,503.43,24.21,79.32,75.3,-1,-1
393,-1,603.49,393.14,19.77,63.25,74.1,-1,-1
394,-1,768.31,527.89,28.63,78.92,85.8,-1,-1
394,-1,1444.56,587.85,36.85,86.86,85.4,-1,-1
394,-1,358.33,479.05,23.83,77.71,83.1,-1,-1
394,-1,0.15,503.75,24.35,78.68,76.3,-1,-1
394,-1,603.43,392.83,19.85,63.37,71.3,-1,-1
395,-1,768.24,527.36,28.62,79.02,85.5,-1,-1
395,-1,1445.73,587.94,35.97,86.54,85.1,-1,-1
395,-1,358.91,479.11,23.29,78.14,83.4,-1,-1
395,-1,0.17,505.1,25.31,78.43,78.1,-1,-1
395,-1,603.06,393.61,19.62,61.93,63.4,-1,-1
396,-1,768.68,527.01,28.19,79.25,85.1,-1,-1
396,-1,1445.44,587.57,36.72,86.61,85.1,-1,-1
396,-1,358.59,479.1,23.85,78.67,83.8,-1,-1
396,-1,0.21,501.69,25.62,83.09,78.2,-1,-1
396,-1,603.15,393.24,19.15,61.77,60.6,-1,-1
397,-1,1445.44,587.36,36.83,86.89,85.6,-1,-1
397,-1,768.96,525.76,27.58,79.32,84.5,-1,-1
397,-1,358.84,479.33,23.68,78.13,83.4,-1,-1
397,-1,0.19,501.25,26.22,83.19,78.0,-1,-1
397,-1,602.58,393.84,19.07,59.94,54.7,-1,-1
398,-1,1445.44,587.43,36.83,86.82,85.6,-1,-1
398,-1,768.95,525.75,27.55,79.2,84.4,-1,-1
398,-1,358.84,479.57,23.67,77.89,83.3,-1,-1
398,-1,0.19,501.23,26.22,83.21,78.0,-1,-1
398,-1,602.58,393.82,19.09,59.95,54.9,-1,-1
399,-1,1445.65,587.2,36.58,87.25,85.7,-1,-1
399,-1,769.33,526.63,27.03,78.02,85.0,-1,-1
399,-1,358.58,480.02,23.61,77.89,84.0,-1,-1
399,-1,0.18,502.17,26.35,82.81,77.9,-1,-1
399,-1,601.92,393.64,19.04,60.39,61.2,-1,-1
400,-1,1445.21,587.87,36.8,86.7,85.4,-1,-1
400,-1,769.27,526.8,27.24,78.05,85.1,-1,-1
400,-1,358.96,479.29,23.63,79.1,84.0,-1,-1
400,-1,0.18,502.24,26.38,83.03,78.1,-1,-1
400,-1,601.66,393.54,19.5,61.25,69.6,-1,-1
401,-1,1445.25,588.05,37.03,86.61,85.7,-1,-1
401,-1,769.53,526.78,27.25,77.85,85.2,-1,-1
401,-1,358.56,479.56,23.77,78.72,83.7,-1,-1
401,-1,0.24,502.75,26.58,82.54,78.5,-1,-1
401,-1,601.98,394.05,19.19,60.85,58.2,-1,-1
402,-1,770.02,526.68,27.1,78.05,86.1,-1,-1
402,-1,1446.01,588.08,35.66,86.34,85.5,-1,-1
402,-1,359.0,481.83,23.07,75.97,82.8,-1,-1
402,-1,0.22,504.98,27.03,80.9,78.0,-1,-1
402,-1,601.68,393.8,19.46,60.34,50.8,-1,-1
403,-1,770.17,527.04,26.82,77.04,85.2,-1,-1
403,-1,1446.14,587.38,34.47,85.63,85.0,-1,-1
403,-1,359.63,480.4,23.59,77.52,82.6,-1,-1
403,-1,0.2,504.77,27.49,80.86,77.7,-1,-1
403,-1,601.54,392.83,20.22,61.49,55.4,-1,-1
404,-1,770.17,527.04,26.81,77.06,85.2,-1,-1
404,-1,1446.13,587.43,34.47,85.58,85.0,-1,-1
404,-1,359.63,480.4,23.59,77.52,82.6,-1,-1
404,-1,0.2,504.74,27.49,80.88,77.7,-1,-1
404,-1,601.54,392.84,20.22,61.48,55.5,-1,-1
405,-1,770.33,527.21,26.88,77.04,85.5,-1,-1
405,-1,1445.73,587.12,34.77,85.9,85.5,-1,-1
405,-1,359.37,481.46,24.05,76.55,82.8,-1,-1
405,-1,0.22,503.23,28.0,82.02,77.5,-1,-1
405,-1,600.73,392.04,20.36,61.34,56.2,-1,-1
406,-1,770.16,526.75,27.13,78.17,85.8,-1,-1
406,-1,1446.0,587.53,34.71,85.83,85.6,-1,-1
406,-1,358.95,481.68,24.02,76.05,82.4,-1,-1
406,-1,0.21,502.34,28.2,82.92,77.3,-1,-1
406,-1,600.57,394.65,19.78,58.8,51.8,-1,-1
407,-1,770.29,525.61,27.35,78.98,85.9,-1,-1
407,-1,1446.39,587.18,34.26,85.53,85.8,-1,-1
407,-1,358.3,479.04,24.69,79.13,82.9,-1,-1
407,-1,0.2,503.79,28.2,81.77,78.4,-1,-1
407,-1,599.32,393.74,20.34,60.31,60.7,-1,-1
408,-1,770.7,526.23,27.44,79.0,86.6,-1,-1
408,-1,1446.19,587.44,34.63,85.17,85.6,-1,-1
408,-1,358.92,479.23,24.14,77.91,82.3,-1,-1
408,-1,0.29,503.55,29.35,81.73,79.8,-1,-1
408,-1,599.47,393.52,20.66,60.67,56.9,-1,-1
409,-1,770.86,525.5,27.01,79.18,86.1,-1,-1
409,-1,1446.36,587.21,34.9,84.89,85.5,-1,-1
409,-1,358.99,479.27,24.45,78.27,82.9,-1,-1
409,-1,0.32,501.66,29.67,83.4,79.6,-1,-1
409,-1,599.2,394.39,20.21,58.73,40.0,-1,-1
410,-1,770.86,525.49,27.01,79.18,86.1,-1,-1
410,-1,1446.36,587.22,34.9,84.88,85.5,-1,-1
410,-1,358.98,479.16,24.46,78.39,82.9,-1,-1
410,-1,0.32,501.67,29.67,83.39,79.6,-1,-1
410,-1,599.2,394.41,20.22,58.73,40.7,-1,-1
411,-1,771.23,527.91,27.58,77.77,86.3,-1,-1
411,-1,1446.05,586.81,35.06,85.31,86.0,-1,-1
411,-1,359.28,479.86,24.38,77.88,83.2,-1,-1
411,-1,0.29,500.97,30.06,84.13,79.8,-1,-1
411,-1,599.12,392.55,20.17,60.8,46.2,-1,-1
412,-1,1445.39,586.51,36.05,85.6,86.7,-1,-1
412,-1,770.78,526.06,27.23,79.73,86.3,-1,-1
412,-1,358.84,479.02,24.62,78.53,82.8,-1,-1
412,-1,0.31,502.88,29.41,81.98,79.6,-1,-1
412,-1,598.92,393.16,20.45,61.23,70.7,-1,-1
413,-1,1445.07,585.77,36.76,86.09,88.2,-1,-1
413,-1,770.73,526.06,26.93,79.7,86.1,-1,-1
413,-1,358.31,478.44,24.84,79.24,82.6,-1,-1
413,-1,0.31,504.71,29.2,80.36,79.4,-1,-1
413,-1,598.32,394.02,20.73,60.57,75.0,-1,-1
414,-1,1444.85,585.99,37.01,86.38,88.2,-1,-1
414,-1,770.68,525.83,26.77,79.91,85.6,-1,-1
414,-1,359.13,478.92,23.72,78.9,83.2,-1,-1
414,-1,0.23,505.79,27.6,80.19,79.9,-1,-1
414,-1,597.08,395.09,19.71,60.54,68.5,-1,-1
415,-1,1444.53,585.55,37.35,86.52,88.5,-1,-1
415,-1,767.87,525.3,27.45,81.53,86.4,-1,-1
415,-1,356.03,482.57,23.14,77.23,81.1,-1,-1
415,-1,0.13,502.27,24.55,80.98,73.8,-1,-1
415,-1,595.26,393.53,17.69,62.04,40.6,-1,-1
416,-1,1444.53,585.54,37.36,86.53,88.5,-1,-1
416,-1,767.88,525.31,27.45,81.52,86.4,-1,-1
416,-1,356.03,482.56,23.14,77.22,81.1,-1,-1
416,-1,0.13,502.27,24.55,80.98,73.8,-1,-1
416,-1,595.27,393.53,17.69,62.05,40.6,-1,-1
417,-1,1444.36,586.04,36.69,86.38,88.1,-1,-1
417,-1,766.11,525.53,26.75,81.95,84.8,-1,-1
417,-1,350.64,482.54,22.91,76.5,72.2,-1,-1
417,-1,588.97,388.92,20.9,64.6,62.8,-1,-1
417,-1,0.0,529.04,17.27,56.96,52.0,-1,-1
418,-1,1443.91,587.8,35.83,84.6,88.3,-1,-1
418,-1,762.09,525.01,26.99,82.08,86.0,-1,-1
418,-1,344.33,481.58,24.39,77.3,76.0,-1,-1
418,-1,583.74,391.9,18.5,60.9,70.4,-1,-1
419,-1,757.55,523.08,28.13,83.32,87.6,-1,-1
419,-1,1441.68,585.96,36.38,86.85,86.8,-1,-1
419,-1,336.66,479.22,24.97,80.18,83.5,-1,-1
419,-1,577.2,394.39,20.15,57.17,70.3,-1,-1
419,-1,624.63,717.62,60.07,312.89,28.0,-1,-1
420,-1,1439.78,585.99,36.2,87.05,87.2,-1,-1
420,-1,751.43,527.04,28.57,79.48,85.2,-1,-1
420,-1,327.89,479.13,23.37,82.07,79.7,-1,-1
420,-1,570.73,393.25,21.31,58.53,56.7,-1,-1
421,-1,744.63,526.48,27.46,81.21,86.2,-1,-1
421,-1,1438.1,586.13,37.09,88.0,86.1,-1,-1
421,-1,316.61,480.31,24.69,80.13,81.2,-1,-1
421,-1,560.94,390.62,22.1,60.54,62.1,-1,-1
422,-1,744.65,526.49,27.43,81.2,86.2,-1,-1
422,-1,1438.09,586.12,37.1,88.01,86.1,-1,-1
422,-1,316.63,480.3,24.69,80.18,81.2,-1,-1
422,-1,560.93,390.62,22.12,60.55,61.9,-1,-1
423,-1,735.29,524.59,28.2,81.44,86.5,-1,-1
423,-1,1434.42,585.48,37.7,89.17,84.7,-1,-1
423,-1,304.81,479.34,25.31,83.47,81.2,-1,-1
423,-1,550.45,391.4,22.89,60.28,64.3,-1,-1
424,-1,1431.37,585.15,37.77,90.9,85.9,-1,-1
424,-1,725.75,529.3,28.35,79.11,84.2,-1,-1
424,-1,291.34,479.61,23.98,81.35,81.8,-1,-1
424,-1,537.66,386.8,23.0,63.22,65.4,-1,-1
425,-1,1424.13,585.38,39.78,90.18,84.7,-1,-1
425,-1,714.84,527.58,27.83,81.31,84.6,-1,-1
425,-1,524.77,391.5,22.51,57.18,66.8,-1,-1
425,-1,276.2,480.22,25.19,81.47,65.3,-1,-1
425,-1,572.32,784.24,70.25,263.14,26.3,-1,-1
426,-1,1418.6,586.45,38.59,88.89,87.3,-1,-1
426,-1,703.12,528.91,27.4,79.16,84.8,-1,-1
426,-1,259.48,482.41,23.58,78.17,68.0,-1,-1
426,-1,510.24,389.34,21.0,56.63,57.0,-1,-1
426,-1,576.48,650.17,58.44,410.55,25.2,-1,-1
427,-1,1412.42,583.32,37.58,91.22,86.6,-1,-1
427,-1,688.78,527.11,27.99,80.53,84.1,-1,-1
427,-1,240.76,479.77,25.51,80.46,78.5,-1,-1
427,-1,495.24,388.96,20.63,57.96,64.3,-1,-1
427,-1,545.79,787.66,71.06,266.87,34.8,-1,-1
428,-1,1412.42,583.32,37.57,91.22,86.6,-1,-1
428,-1,688.78,527.11,27.98,80.54,84.1,-1,-1
428,-1,240.75,479.75,25.53,80.51,78.6,-1,-1
428,-1,495.25,388.98,20.6,57.92,64.3,-1,-1
428,-1,545.71,787.7,71.13,266.83,34.8,-1,-1
429,-1,674.4,528.59,26.4,79.88,85.3,-1,-1
429,-1,1405.06,583.99,38.29,93.05,85.2,-1,-1
429,-1,219.58,482.53,28.07,78.81,77.7,-1,-1
429,-1,478.01,389.73,21.38,53.84,68.4,-1,-1
429,-1,529.68,786.74,72.93,274.14,25.3,-1,-1
430,-1,1396.98,585.67,38.42,92.03,86.8,-1,-1
430,-1,657.6,528.22,27.03,79.77,76.7,-1,-1
430,-1,195.98,481.8,27.34,79.15,54.5,-1,-1
430,-1,454.97,388.85,25.72,53.69,39.3,-1,-1
430,-1,518.27,789.68,69.3,276.92,25.7,-1,-1
431,-1,1388.12,582.84,39.04,94.5,85.3,-1,-1
431,-1,638.86,529.94,27.02,78.72,82.4,-1,-1
431,-1,169.41,477.02,27.24,83.91,72.4,-1,-1
431,-1,436.05,386.1,20.99,54.58,46.1,-1,-1
432,-1,1377.58,583.07,40.46,96.76,84.9,-1,-1
432,-1,617.91,528.1,28.44,81.06,83.9,-1,-1
432,-1,142.22,475.73,28.27,84.11,58.6,-1,-1
432,-1,411.76,384.29,21.88,55.65,53.1,-1,-1
433,-1,1367.76,583.97,39.37,94.96,86.4,-1,-1
433,-1,598.02,528.83,27.83,80.82,83.1,-1,-1
433,-1,110.8,472.76,30.67,88.91,65.5,-1,-1
433,-1,388.45,381.64,23.07,54.71,57.1,-1,-1
434,-1,1367.75,583.96,39.35,94.95,86.4,-1,-1
434,-1,598.01,528.81,27.8,80.83,83.1,-1,-1
434,-1,110.79,472.79,30.67,88.87,65.6,-1,-1
434,-1,388.45,381.62,23.08,54.74,57.2,-1,-1
435,-1,1353.92,581.9,40.58,98.0,83.1,-1,-1
435,-1,574.66,525.38,28.14,83.38,82.2,-1,-1
435,-1,78.1,473.17,31.83,86.25,82.2,-1,-1
435,-1,433.25,801.67,68.9,273.5,29.5,-1,-1
435,-1,359.84,379.91,21.5,52.83,29.4,-1,-1
436,-1,1340.05,581.27,41.5,98.58,84.1,-1,-1
436,-1,550.37,525.46,27.89,82.94,80.4,-1,-1
436,-1,44.62,473.69,32.68,86.48,61.7,-1,-1
436,-1,414.13,794.51,64.47,280.22,43.9,-1,-1
437,-1,1325.66,582.97,40.37,94.63,86.1,-1,-1
437,-1,521.67,525.03,30.43,84.13,77.5,-1,-1
437,-1,299.79,367.1,23.72,61.32,45.7,-1,-1
437,-1,1.42,466.5,37.59,92.42,26.0,-1,-1
438,-1,1307.75,577.98,41.45,101.75,83.5,-1,-1
438,-1,491.91,525.4,32.51,83.59,76.1,-1,-1
438,-1,262.03,370.63,25.29,52.02,36.4,-1,-1
439,-1,1291.57,578.23,41.57,100.77,84.1,-1,-1
439,-1,462.4,523.31,34.97,86.41,79.8,-1,-1
440,-1,1291.57,578.21,41.56,100.8,84.0,-1,-1
440,-1,462.41,523.31,34.96,86.43,79.9,-1,-1
441,-1,1275.72,579.34,40.71,96.99,89.3,-1,-1
441,-1,430.85,518.63,35.46,89.12,73.8,-1,-1
442,-1,1255.92,578.65,42.3,99.54,86.7,-1,-1
442,-1,394.93,519.79,37.9,87.15,78.3,-1,-1
443,-1,1237.93,574.63,42.29,103.9,84.4,-1,-1
443,-1,361.31,516.56,36.51,90.44,72.3,-1,-1
444,-1,1218.59,572.66,43.93,103.39,83.8,-1,-1
444,-1,326.03,515.37,36.47,91.51,73.2,-1,-1
444,-1,64.99,337.5,27.69,67.89,25.9,-1,-1
445,-1,1200.47,571.36,43.92,104.39,88.2,-1,-1
445,-1,289.63,515.17,37.71,92.88,79.7,-1,-1
446,-1,1200.47,571.37,43.93,104.38,88.1,-1,-1
446,-1,289.68,515.13,37.65,93.01,79.8,-1,-1
447,-1,1182.87,570.02,43.28,105.34,88.3,-1,-1
447,-1,250.44,513.36,39.34,94.39,73.0,-1,-1
448,-1,1163.2,567.0,46.44,111.02,84.2,-1,-1
448,-1,208.63,510.33,40.98,97.71,76.9,-1,-1
449,-1,1145.1,565.0,46.73,112.59,84.8,-1,-1
449,-1,170.62,511.47,42.99,95.75,77.0,-1,-1
450,-1,1127.73,565.4,47.3,112.51,88.4,-1,-1
450,-1,127.2,510.26,44.2,98.11,71.4,-1,-1
451,-1,1109.94,564.58,47.24,114.26,87.4,-1,-1
451,-1,86.55,508.04,44.39,100.3,72.7,-1,-1
452,-1,1109.93,564.58,47.24,114.24,87.4,-1,-1
452,-1,86.56,508.08,44.33,100.31,72.9,-1,-1
453,-1,1093.93,562.81,49.11,121.49,83.6,-1,-1
453,-1,38.76,499.57,46.51,102.81,65.7,-1,-1
454,-1,1080.48,562.28,49.65,123.09,88.9,-1,-1
454,-1,0.0,478.95,42.76,130.7,69.3,-1,-1
455,-1,1066.01,560.21,51.42,127.15,85.3,-1,-1
456,-1,1054.7,561.29,51.33,128.39,88.1,-1,-1
457,-1,1041.39,560.88,53.83,129.74,89.3,-1,-1
458,-1,1041.38,560.89,53.84,129.75,89.4,-1,-1
459,-1,1029.79,559.02,55.43,136.68,88.4,-1,-1
460,-1,1016.07,560.72,58.39,138.01,88.5,-1,-1
461,-1,1002.87,557.57,59.21,142.59,87.9,-1,-1
462,-1,990.3,558.56,60.74,145.73,90.6,-1,-1
463,-1,975.47,558.31,63.68,148.48,89.5,-1,-1
464,-1,975.46,558.31,63.71,148.52,89.5,-1,-1
465,-1,963.09,555.79,63.59,155.11,89.0,-1,-1
466,-1,948.4,555.73,66.48,157.28,87.2,-1,-1
467,-1,934.82,555.65,67.0,161.15,89.4,-1,-1
468,-1,920.48,554.97,72.41,165.91,87.3,-1,-1
469,-1,908.69,553.84,69.83,169.85,89.6,-1,-1
470,-1,908.72,553.85,69.8,169.84,89.6,-1,-1
471,-1,892.71,553.85,71.43,167.34,93.1,-1,-1
472,-1,878.13,552.56,74.47,176.53,90.6,-1,-1
473,-1,864.33,551.29,76.03,180.74,93.3,-1,-1
474,-1,848.55,548.01,81.27,192.38,88.4,-1,-1
475,-1,834.98,549.68,82.44,190.81,92.8,-1,-1
476,-1,835.0,549.68,82.44,190.8,92.7,-1,-1
477,-1,820.76,550.61,83.93,196.15,88.9,-1,-1
478,-1,808.24,547.44,86.73,201.77,91.4,-1,-1
479,-1,793.27,545.16,88.42,208.26,88.3,-1,-1
480,-1,780.08,544.35,90.64,213.54,90.3,-1,-1
481,-1,765.64,542.08,94.03,220.5,88.8,-1,-1
482,-1,765.66,542.08,94.01,220.49,88.8,-1,-1
483,-1,752.33,543.6,96.49,222.88,89.3,-1,-1
484,-1,740.12,540.6,99.37,230.28,89.8,-1,-1
485,-1,726.32,538.48,104.28,233.99,89.8,-1,-1
486,-1,713.91,537.52,105.15,241.9,89.4,-1,-1
487,-1,699.96,535.53,109.5,249.93,91.0,-1,-1
488,-1,699.97,535.55,109.49,249.9,91.1,-1,-1
489,-1,688.91,532.74,112.12,254.79,92.8,-1,-1
490,-1,679.51,531.27,114.31,262.03,91.3,-1,-1
491,-1,667.74,531.39,118.79,267.94,91.5,-1,-1
492,-1,658.62,529.17,120.23,273.73,90.8,-1,-1
493,-1,646.5,528.6,122.45,280.01,91.0,-1,-1
494,-1,646.49,528.58,122.46,280.06,91.0,-1,-1
495,-1,634.35,525.13,127.78,285.67,90.1,-1,-1
496,-1,623.34,518.24,130.78,298.25,90.9,-1,-1
497,-1,614.3,516.71,132.24,302.63,91.3,-1,-1
498,-1,603.16,516.28,136.83,308.16,91.8,-1,-1
499,-1,591.02,514.29,140.66,313.82,92.3,-1,-1
500,-1,591.02,514.23,140.68,313.89,92.3,-1,-1
501,-1,579.61,510.5,145.5,322.15,91.5,-1,-1
502,-1,572.22,507.88,146.33,327.75,90.8,-1,-1
503,-1,563.15,506.43,149.54,332.65,91.1,-1,-1
504,-1,553.72,504.01,152.57,339.28,92.4,-1,-1
505,-1,544.68,502.3,156.38,342.04,92.3,-1,-1
506,-1,544.67,502.24,156.4,342.11,92.3,-1,-1
507,-1,533.57,496.66,159.68,354.33,92.2,-1,-1
508,-1,527.07,492.4,160.4,363.35,92.0,-1,-1
509,-1,519.42,487.65,162.82,366.31,91.7,-1,-1
510,-1,510.67,483.95,164.09,372.67,92.1,-1,-1
511,-1,502.09,481.62,168.82,374.98,91.7,-1,-1
512,-1,502.13,481.63,168.79,374.99,91.7,-1,-1
513,-1,495.96,478.14,172.38,383.6,91.3,-1,-1
514,-1,486.62,472.61,173.2,389.64,91.3,-1,-1
515,-1,478.03,467.88,178.72,394.79,90.7,-1,-1
516,-1,473.24,463.51,178.96,404.53,91.9,-1,-1
517,-1,464.43,458.62,186.46,412.82,92.8,-1,-1
518,-1,464.44,458.66,186.44,412.77,92.8,-1,-1
519,-1,459.48,457.58,188.45,414.27,93.2,-1,-1
520,-1,452.2,454.44,189.97,418.5,92.9,-1,-1
521,-1,442.67,451.14,197.49,432.76,92.8,-1,-1
522,-1,438.99,447.43,196.48,430.6,92.9,-1,-1
523,-1,433.0,443.09,202.58,440.79,92.5,-1,-1
524,-1,432.99,443.05,202.61,440.85,92.5,-1,-1
525,-1,427.89,438.9,201.8,444.53,92.7,-1,-1
526,-1,424.35,436.27,202.46,450.49,92.0,-1,-1
527,-1,419.99,426.89,203.01,458.89,92.4,-1,-1
528,-1,413.37,419.17,207.78,474.72,92.2,-1,-1
529,-1,409.9,412.18,210.92,478.98,93.1,-1,-1
530,-1,409.77,412.1,211.07,479.05,93.1,-1,-1
531,-1,409.25,410.43,208.22,479.63,93.4,-1,-1
532,-1,405.49,405.3,211.32,483.04,93.7,-1,-1
533,-1,400.46,403.86,218.6,487.88,92.6,-1,-1
534,-1,397.13,400.74,218.9,494.2,91.9,-1,-1
535,-1,397.12,397.05,220.11,497.74,92.0,-1,-1
536,-1,397.06,396.99,220.12,497.8,92.0,-1,-1
537,-1,393.18,393.57,222.22,500.22,91.1,-1,-1
538,-1,391.05,392.82,223.46,503.52,89.3,-1,-1
539,-1,388.79,387.3,224.04,505.99,91.3,-1,-1
540,-1,387.41,380.23,226.04,510.01,89.0,-1,-1
541,-1,387.94,377.75,224.87,515.19,87.1,-1,-1
541,-1,496.13,688.96,118.46,200.22,25.4,-1,-1
542,-1,388.0,377.75,224.8,515.11,87.0,-1,-1
542,-1,496.16,688.47,118.43,200.65,25.6,-1,-1
543,-1,382.52,368.18,231.34,523.9,90.0,-1,-1
544,-1,380.19,362.59,234.18,529.53,90.0,-1,-1
545,-1,378.51,358.55,235.8,525.97,81.7,-1,-1
546,-1,375.89,355.72,237.46,533.45,86.1,-1,-1
547,-1,372.91,353.92,243.81,545.06,92.2,-1,-1
548,-1,372.89,353.92,243.82,545.11,92.2,-1,-1
549,-1,368.78,343.56,235.02,540.22,81.5,-1,-1
549,-1,484.42,594.55,133.46,306.07,28.5,-1,-1
550,-1,368.25,343.16,248.9,541.73,83.9,-1,-1
551,-1,368.54,334.2,209.27,540.13,80.0,-1,-1
551,-1,488.45,589.39,135.67,310.52,47.1,-1,-1
552,-1,369.99,331.21,257.38,561.95,89.2,-1,-1
553,-1,370.4,325.92,257.64,565.03,87.3,-1,-1
554,-1,370.38,325.97,257.64,564.97,87.4,-1,-1
555,-1,370.18,316.51,261.66,572.01,87.8,-1,-1
556,-1,370.33,317.28,263.39,564.05,85.7,-1,-1
557,-1,367.68,309.74,265.23,574.17,86.7,-1,-1
558,-1,371.19,309.41,268.45,567.35,89.3,-1,-1
559,-1,369.63,305.48,262.44,559.12,84.3,-1,-1
560,-1,369.63,305.44,262.61,559.36,84.4,-1,-1
561,-1,367.58,303.8,267.83,573.36,91.6,-1,-1
562,-1,371.93,299.59,265.93,573.53,90.2,-1,-1
563,-1,375.64,297.48,261.78,570.66,91.0,-1,-1
564,-1,370.69,296.93,273.58,580.75,91.1,-1,-1
565,-1,369.1,290.93,278.03,583.22,91.0,-1,-1
566,-1,369.14,290.93,277.99,583.24,91.0,-1,-1
567,-1,369.15,285.41,279.07,587.73,91.2,-1,-1
568,-1,370.12,278.15,277.43,595.98,91.8,-1,-1
568,-1,1722.36,1.38,88.16,44.92,31.4,-1,-1
569,-1,373.36,275.21,276.68,592.99,91.7,-1,-1
570,-1,376.02,270.95,274.86,601.5,91.8,-1,-1
