1,-1,378.5,440.07,34.85,89.49,73.5,-1,-1
1,-1,1487.0,594.49,51.74,104.54,37.7,-1,-1
2,-1,378.5,440.04,34.87,89.53,73.6,-1,-1
2,-1,1487.01,594.49,51.73,104.54,37.7,-1,-1
3,-1,378.49,440.04,34.87,89.53,73.6,-1,-1
3,-1,1487.01,594.5,51.73,104.54,37.7,-1,-1
4,-1,378.49,440.04,34.87,89.53,73.6,-1,-1
4,-1,1487.01,594.5,51.73,104.54,37.7,-1,-1
5,-1,378.49,440.04,34.87,89.53,73.6,-1,-1
5,-1,1487.01,594.5,51.73,104.54,37.7,-1,-1
6,-1,378.49,440.04,34.87,89.53,73.6,-1,-1
6,-1,1487.01,594.5,51.73,104.54,37.7,-1,-1
7,-1,378.49,440.04,34.87,89.53,73.6,-1,-1
7,-1,1487.01,594.5,51.73,104.54,37.7,-1,-1
8,-1,378.49,440.04,34.87,89.53,73.6,-1,-1
8,-1,1487.01,594.5,51.73,104.54,37.7,-1,-1
9,-1,378.49,440.04,34.87,89.53,73.6,-1,-1
9,-1,1487.01,594.5,51.73,104.54,37.7,-1,-1
10,-1,378.22,440.6,35.2,88.99,71.9,-1,-1
10,-1,1487.48,596.03,51.0,103.48,44.4,-1,-1
11,-1,377.11,440.07,36.84,89.37,73.3,-1,-1
11,-1,1487.35,594.7,51.32,105.29,46.2,-1,-1
12,-1,377.58,440.21,36.69,89.3,71.0,-1,-1
12,-1,1491.29,594.69,48.32,105.13,56.4,-1,-1
12,-1,95.62,237.48,43.97,94.38,29.2,-1,-1
12,-1,732.06,349.63,30.4,72.79,27.3,-1,-1
13,-1,376.23,440.8,37.43,88.67,74.7,-1,-1
13,-1,1491.53,596.32,47.3,103.7,50.0,-1,-1
14,-1,376.23,440.78,37.43,88.68,74.8,-1,-1
14,-1,1491.52,596.32,47.31,103.7,50.0,-1,-1
15,-1,375.87,440.84,37.39,88.69,74.7,-1,-1
15,-1,1483.7,594.15,53.57,105.48,41.0,-1,-1
16,-1,376.11,441.23,36.48,87.44,71.0,-1,-1
16,-1,1482.36,593.2,54.22,106.65,29.8,-1,-1
16,-1,1477.81,365.5,63.84,96.44,27.0,-1,-1
17,-1,376.21,441.26,36.92,87.55,70.2,-1,-1
17,-1,1484.38,593.99,53.5,106.15,32.0,-1,-1
17,-1,760.75,504.45,49.98,83.98,26.3,-1,-1
17,-1,730.12,329.3,38.96,94.14,25.6,-1,-1
18,-1,375.08,441.14,37.92,87.76,71.7,-1,-1
18,-1,1485.16,594.3,51.78,105.92,31.8,-1,-1
18,-1,730.27,330.34,38.08,92.21,26.0,-1,-1
19,-1,375.34,440.32,37.97,88.71,71.4,-1,-1
19,-1,1489.53,595.2,47.74,104.53,38.4,-1,-1
19,-1,95.84,245.17,44.61,85.65,30.4,-1,-1
19,-1,731.35,347.95,29.66,74.21,26.4,-1,-1
20,-1,375.35,440.32,37.96,88.72,71.4,-1,-1
20,-1,1489.54,595.22,47.73,104.52,38.4,-1,-1
20,-1,95.84,245.16,44.6,85.66,30.3,-1,-1
20,-1,731.34,347.91,29.68,74.26,26.5,-1,-1
21,-1,375.54,440.67,38.14,88.39,72.0,-1,-1
21,-1,1489.2,596.69,48.19,102.82,41.1,-1,-1
21,-1,728.04,353.76,30.41,69.58,31.0,-1,-1
21,-1,0.18,0.0,29.05,154.99,25.0,-1,-1
22,-1,376.24,441.23,36.97,87.61,69.7,-1,-1
22,-1,726.78,355.01,31.87,69.0,37.0,-1,-1
22,-1,1485.72,596.57,49.92,103.18,29.7,-1,-1
23,-1,376.42,441.2,37.86,87.84,69.2,-1,-1
23,-1,1485.15,596.53,49.92,102.8,36.7,-1,-1
24,-1,376.88,441.3,37.9,87.88,68.7,-1,-1
24,-1,1484.12,595.03,50.03,103.42,44.1,-1,-1
25,-1,377.0,441.46,37.4,87.8,72.3,-1,-1
25,-1,1485.7,597.54,48.13,101.34,39.1,-1,-1
25,-1,1558.97,376.66,50.23,87.99,26.6,-1,-1
26,-1,376.87,441.39,37.56,87.88,72.2,-1,-1
26,-1,1485.74,597.55,48.08,101.32,39.3,-1,-1
26,-1,1558.99,376.9,50.11,87.69,25.6,-1,-1
27,-1,375.48,440.45,37.72,88.33,73.8,-1,-1
27,-1,1483.53,594.07,51.09,103.12,49.1,-1,-1
28,-1,375.18,441.71,38.35,87.64,72.8,-1,-1
28,-1,1482.77,594.6,50.2,102.99,38.4,-1,-1
29,-1,375.29,440.97,38.13,87.99,70.0,-1,-1
29,-1,1485.81,592.45,48.84,103.91,42.3,-1,-1
30,-1,375.89,442.29,37.36,87.19,61.9,-1,-1
30,-1,1481.32,590.71,51.66,106.76,28.9,-1,-1
30,-1,1270.39,380.82,121.07,201.9,25.2,-1,-1
31,-1,376.21,441.11,37.5,88.84,57.8,-1,-1
32,-1,376.21,441.12,37.5,88.84,57.8,-1,-1
33,-1,376.86,442.21,36.55,88.06,50.1,-1,-1
34,-1,378.52,443.66,34.11,86.39,52.2,-1,-1
35,-1,380.88,445.49,31.36,84.42,48.5,-1,-1
36,-1,381.28,446.09,30.87,85.01,35.7,-1,-1
37,-1,379.35,445.33,32.94,85.79,45.7,-1,-1
38,-1,379.35,445.32,32.94,85.81,45.7,-1,-1
39,-1,379.36,445.49,33.22,85.51,52.1,-1,-1
40,-1,377.95,445.75,34.43,86.2,51.4,-1,-1
41,-1,377.95,446.96,33.41,84.79,49.3,-1,-1
42,-1,376.4,444.94,34.87,87.24,55.4,-1,-1
43,-1,376.6,445.9,35.55,86.75,52.6,-1,-1
43,-1,1542.73,372.85,46.88,90.79,32.1,-1,-1
44,-1,376.59,445.9,35.56,86.76,52.7,-1,-1
44,-1,1542.81,372.77,46.73,90.79,30.6,-1,-1
45,-1,374.97,443.31,37.32,89.88,57.5,-1,-1
45,-1,1542.04,370.14,48.26,94.12,32.1,-1,-1
46,-1,373.65,442.35,38.85,91.62,59.2,-1,-1
47,-1,372.96,443.16,39.61,90.59,60.3,-1,-1
47,-1,1482.11,596.97,53.11,103.59,29.1,-1,-1
48,-1,374.05,445.85,38.58,87.22,59.4,-1,-1
49,-1,372.68,445.73,40.0,87.96,60.7,-1,-1
50,-1,372.68,445.75,39.99,87.95,60.6,-1,-1
51,-1,371.88,443.33,41.44,90.39,61.9,-1,-1
51,-1,1464.41,375.07,52.96,88.35,35.3,-1,-1
51,-1,1140.64,333.49,170.28,292.86,31.7,-1,-1
51,-1,1537.1,380.22,47.51,82.48,27.7,-1,-1
52,-1,372.77,442.43,40.73,92.23,58.1,-1,-1
52,-1,1466.71,380.17,51.17,83.03,45.0,-1,-1
52,-1,1535.39,382.79,44.85,79.92,38.2,-1,-1
52,-1,68.31,241.38,48.89,100.65,26.6,-1,-1
53,-1,372.0,439.48,41.82,95.86,62.6,-1,-1
53,-1,1533.03,368.58,46.57,94.22,44.4,-1,-1
53,-1,68.53,242.87,49.58,99.1,33.9,-1,-1
54,-1,371.86,442.04,41.78,93.27,56.0,-1,-1
54,-1,1534.12,376.39,45.89,86.48,41.4,-1,-1
55,-1,1534.71,373.04,45.27,90.07,45.9,-1,-1
55,-1,371.91,447.34,41.16,87.89,45.3,-1,-1
55,-1,1464.3,378.68,53.2,84.39,44.5,-1,-1
56,-1,1464.45,378.66,53.05,84.43,46.6,-1,-1
56,-1,1534.64,371.79,45.45,91.32,46.1,-1,-1
56,-1,371.91,447.4,41.13,87.82,45.5,-1,-1
57,-1,1532.73,376.72,46.66,86.25,49.0,-1,-1
57,-1,1464.79,379.35,53.18,84.09,48.4,-1,-1
57,-1,372.81,446.28,39.03,88.59,43.8,-1,-1
57,-1,69.31,244.3,49.2,97.81,26.3,-1,-1
58,-1,372.04,447.9,40.01,88.02,56.2,-1,-1
58,-1,1532.42,376.0,46.53,87.32,50.2,-1,-1
58,-1,1466.11,386.75,48.3,76.08,28.7,-1,-1
59,-1,372.26,451.58,39.91,84.16,53.7,-1,-1
60,-1,371.63,450.81,40.06,85.03,60.7,-1,-1
60,-1,1478.58,594.1,55.3,107.05,28.1,-1,-1
61,-1,371.99,449.47,39.25,86.58,64.9,-1,-1
61,-1,1479.73,595.03,51.82,105.28,48.2,-1,-1
61,-1,68.3,245.64,46.21,95.99,35.5,-1,-1
61,-1,1529.38,381.48,45.93,81.61,33.6,-1,-1
62,-1,371.99,449.43,39.28,86.63,64.9,-1,-1
62,-1,1479.73,595.05,51.81,105.26,48.0,-1,-1
62,-1,68.32,245.78,46.21,95.86,35.2,-1,-1
62,-1,1529.37,381.4,46.01,81.7,33.2,-1,-1
63,-1,371.78,448.96,39.49,87.18,61.5,-1,-1
63,-1,1479.74,594.27,52.2,106.08,39.9,-1,-1
63,-1,67.92,251.3,45.19,90.0,26.8,-1,-1
63,-1,1528.67,382.77,43.9,79.98,26.1,-1,-1
64,-1,372.91,448.72,37.51,87.06,64.6,-1,-1
64,-1,1479.49,595.73,53.67,104.63,39.6,-1,-1
64,-1,1526.57,381.0,45.71,81.88,32.4,-1,-1
65,-1,373.02,447.65,37.26,88.47,64.4,-1,-1
65,-1,1477.98,596.53,55.87,103.81,46.8,-1,-1
66,-1,373.62,446.96,36.64,89.8,65.2,-1,-1
66,-1,1479.0,598.5,53.83,102.13,49.7,-1,-1
67,-1,372.92,445.57,37.08,91.39,63.5,-1,-1
67,-1,1477.47,597.33,55.26,102.89,46.8,-1,-1
68,-1,372.96,445.58,37.01,91.36,63.4,-1,-1
68,-1,1477.65,597.39,54.98,102.8,47.2,-1,-1
69,-1,373.57,446.68,36.87,90.68,64.8,-1,-1
69,-1,1476.02,595.25,57.29,105.3,41.9,-1,-1
70,-1,373.08,447.72,36.27,89.86,63.0,-1,-1
70,-1,1476.73,595.4,55.83,105.3,56.7,-1,-1
71,-1,372.65,450.04,36.79,87.54,60.9,-1,-1
71,-1,1476.92,595.52,54.74,105.87,56.3,-1,-1
72,-1,370.95,450.37,37.75,88.0,63.3,-1,-1
72,-1,1476.7,595.16,54.76,106.71,58.5,-1,-1
73,-1,371.33,449.12,38.59,89.2,69.2,-1,-1
73,-1,1478.5,589.65,49.12,109.93,59.3,-1,-1
74,-1,371.31,449.12,38.63,89.21,69.3,-1,-1
74,-1,1478.45,589.64,49.18,109.95,59.3,-1,-1
75,-1,371.23,450.57,37.85,88.4,71.0,-1,-1
75,-1,1479.07,592.27,48.03,106.93,65.3,-1,-1
76,-1,371.7,450.53,35.52,88.39,70.2,-1,-1
76,-1,1478.89,592.46,47.05,106.24,67.1,-1,-1
77,-1,371.7,451.07,34.9,88.07,71.2,-1,-1
77,-1,1477.69,592.47,47.89,105.62,68.2,-1,-1
78,-1,371.91,449.98,35.54,89.8,69.1,-1,-1
78,-1,1478.64,594.5,46.85,104.24,67.0,-1,-1
79,-1,372.1,451.13,35.78,88.79,68.8,-1,-1
79,-1,1478.31,596.92,47.59,101.71,61.5,-1,-1
80,-1,372.08,451.13,35.82,88.81,68.7,-1,-1
80,-1,1478.31,596.94,47.59,101.69,61.6,-1,-1
81,-1,372.86,451.77,35.74,87.16,68.6,-1,-1
81,-1,1477.96,596.31,48.7,101.43,50.4,-1,-1
81,-1,1529.16,391.64,42.35,75.69,29.2,-1,-1
82,-1,373.03,451.22,35.73,87.66,68.1,-1,-1
82,-1,1478.16,598.35,50.67,100.45,47.7,-1,-1
83,-1,372.78,450.46,36.7,88.74,69.1,-1,-1
83,-1,1478.06,597.47,50.95,101.7,46.5,-1,-1
84,-1,372.36,450.84,36.1,88.52,69.2,-1,-1
84,-1,1477.42,597.26,53.0,101.94,49.4,-1,-1
85,-1,373.31,450.3,35.1,88.12,69.1,-1,-1
85,-1,1478.52,596.64,52.14,103.2,48.8,-1,-1
86,-1,373.31,450.39,35.09,88.03,69.0,-1,-1
86,-1,1478.54,596.64,52.11,103.19,48.8,-1,-1
87,-1,372.91,455.04,33.06,83.75,63.3,-1,-1
87,-1,1483.37,596.97,44.67,100.26,57.4,-1,-1
88,-1,1481.98,598.47,45.24,98.72,62.2,-1,-1
88,-1,370.41,457.16,35.24,80.93,60.9,-1,-1
89,-1,368.93,455.84,35.92,82.53,63.8,-1,-1
89,-1,1480.84,598.32,45.81,98.85,63.4,-1,-1
90,-1,368.77,453.51,37.19,86.25,68.4,-1,-1
90,-1,1481.44,597.47,43.91,100.71,57.9,-1,-1
90,-1,1843.85,484.62,54.01,76.58,26.1,-1,-1
91,-1,1482.31,597.46,42.45,100.17,67.0,-1,-1
91,-1,369.55,455.11,35.73,84.53,65.7,-1,-1
92,-1,1482.31,597.47,42.45,100.17,66.8,-1,-1
92,-1,369.55,455.12,35.73,84.49,65.7,-1,-1
93,-1,371.63,455.68,32.31,84.07,65.9,-1,-1
93,-1,1482.81,597.19,43.29,99.97,61.9,-1,-1
94,-1,370.59,453.9,34.4,85.84,64.9,-1,-1
94,-1,1482.26,598.67,42.47,98.27,64.5,-1,-1
95,-1,372.33,454.01,33.86,85.87,69.4,-1,-1
95,-1,1479.86,598.08,44.93,100.23,45.9,-1,-1
96,-1,371.81,453.43,31.63,86.78,64.2,-1,-1
96,-1,1479.71,600.27,46.54,99.19,28.4,-1,-1
97,-1,371.63,459.36,31.27,81.01,64.7,-1,-1
97,-1,1478.58,600.57,45.79,97.66,53.1,-1,-1
98,-1,371.63,459.35,31.27,81.02,64.8,-1,-1
98,-1,1478.57,600.62,45.81,97.61,52.8,-1,-1
99,-1,1479.29,601.15,42.53,97.8,65.3,-1,-1
99,-1,372.12,461.08,30.26,79.42,62.7,-1,-1
100,-1,1478.13,599.64,42.53,99.52,70.2,-1,-1
100,-1,372.18,459.08,29.97,81.81,62.8,-1,-1
101,-1,1477.06,598.53,43.34,100.61,65.8,-1,-1
101,-1,371.7,461.62,30.01,79.81,60.8,-1,-1
102,-1,372.39,463.88,29.13,77.78,59.0,-1,-1
102,-1,1478.32,602.15,44.44,97.38,39.7,-1,-1
103,-1,372.64,464.21,28.17,77.82,55.7,-1,-1
103,-1,1478.39,603.03,42.99,96.29,43.4,-1,-1
104,-1,372.67,464.23,28.11,77.81,55.7,-1,-1
104,-1,1478.38,603.01,42.99,96.3,43.2,-1,-1
105,-1,372.65,464.42,28.33,78.07,58.3,-1,-1
105,-1,1477.82,600.31,44.18,99.08,39.0,-1,-1
106,-1,371.67,463.4,29.83,79.05,56.9,-1,-1
106,-1,1479.83,599.89,40.68,100.27,25.4,-1,-1
107,-1,371.67,464.42,29.31,77.89,56.0,-1,-1
107,-1,1478.15,597.88,42.23,102.82,42.5,-1,-1
108,-1,364.02,461.55,36.01,81.21,48.7,-1,-1
108,-1,1475.92,599.52,44.42,102.0,41.8,-1,-1
108,-1,698.11,346.32,91.26,218.69,27.9,-1,-1
109,-1,1475.82,599.13,44.69,102.87,37.0,-1,-1
109,-1,370.52,463.37,29.6,79.76,36.0,-1,-1
109,-1,696.78,340.59,90.54,225.02,29.6,-1,-1
109,-1,359.41,460.35,40.39,83.23,28.2,-1,-1
110,-1,1475.98,599.14,44.54,102.87,36.4,-1,-1
110,-1,370.49,463.36,29.62,79.78,35.9,-1,-1
110,-1,696.78,340.34,90.61,225.28,29.5,-1,-1
110,-1,359.39,460.35,40.42,83.24,28.3,-1,-1
111,-1,694.18,345.14,89.19,219.36,38.9,-1,-1
111,-1,1478.03,601.84,41.87,99.89,38.6,-1,-1
111,-1,370.15,458.95,30.27,84.76,31.1,-1,-1
111,-1,2.61,297.51,109.45,232.05,26.5,-1,-1
112,-1,1474.48,597.2,47.86,105.17,46.3,-1,-1
112,-1,360.75,455.34,38.47,88.6,27.3,-1,-1
113,-1,364.04,460.72,34.19,82.91,34.1,-1,-1
113,-1,1473.96,598.27,46.13,103.45,31.5,-1,-1
114,-1,361.14,457.22,36.96,86.93,40.2,-1,-1
114,-1,1475.08,598.61,43.4,102.67,32.7,-1,-1
114,-1,0.0,425.44,18.09,142.11,26.2,-1,-1
115,-1,1473.28,598.88,41.93,102.19,45.2,-1,-1
115,-1,358.28,457.09,39.11,87.58,26.4,-1,-1
116,-1,1473.2,598.86,41.98,102.18,44.9,-1,-1
116,-1,358.33,457.13,39.08,87.52,25.4,-1,-1
117,-1,360.5,461.64,35.76,84.46,45.7,-1,-1
117,-1,1472.23,599.08,43.29,101.62,30.6,-1,-1
118,-1,354.91,453.78,39.93,93.27,57.0,-1,-1
119,-1,350.63,454.27,44.28,93.77,38.8,-1,-1
119,-1,1475.59,601.84,41.66,100.39,31.2,-1,-1
120,-1,352.78,456.62,41.83,90.29,57.6,-1,-1
120,-1,1475.44,602.29,40.48,99.58,34.6,-1,-1
121,-1,351.77,457.36,41.89,89.93,48.1,-1,-1
121,-1,1474.1,601.57,39.02,101.17,42.5,-1,-1
121,-1,680.88,373.38,30.57,70.7,28.4,-1,-1
122,-1,351.75,457.37,41.89,89.93,47.9,-1,-1
122,-1,1474.02,601.62,39.18,101.1,42.7,-1,-1
122,-1,680.88,373.37,30.53,70.77,29.0,-1,-1
123,-1,351.46,456.56,43.02,91.4,54.7,-1,-1
123,-1,1474.62,600.79,37.83,103.48,43.4,-1,-1
123,-1,682.48,367.89,32.62,82.61,31.2,-1,-1
124,-1,1476.38,615.12,35.95,88.1,55.6,-1,-1
124,-1,353.04,461.82,39.28,85.32,32.6,-1,-1
125,-1,353.17,461.06,38.24,86.64,52.7,-1,-1
125,-1,1475.08,609.67,36.11,93.77,51.7,-1,-1
126,-1,352.76,461.4,38.19,86.46,56.6,-1,-1
126,-1,669.14,367.78,33.44,76.53,37.2,-1,-1
126,-1,1472.86,604.85,37.09,97.79,36.9,-1,-1
127,-1,350.22,459.52,42.01,88.27,75.2,-1,-1
127,-1,1472.83,605.88,37.17,96.55,36.2,-1,-1
127,-1,6.66,295.13,106.11,228.04,27.9,-1,-1
128,-1,350.22,459.52,42.01,88.27,75.1,-1,-1
128,-1,1472.85,605.87,37.13,96.56,36.1,-1,-1
128,-1,6.5,295.02,106.21,228.14,28.4,-1,-1
129,-1,346.89,459.31,45.97,88.22,75.7,-1,-1
129,-1,1471.96,605.37,36.31,98.03,48.7,-1,-1
130,-1,347.78,458.8,45.33,88.75,72.1,-1,-1
130,-1,1471.83,606.46,35.84,97.1,45.2,-1,-1
131,-1,346.43,459.5,46.61,88.48,75.8,-1,-1
131,-1,1471.41,605.54,35.89,97.71,40.8,-1,-1
132,-1,347.17,461.43,44.02,88.63,70.5,-1,-1
132,-1,1466.02,601.96,40.46,100.73,63.7,-1,-1
133,-1,1466.77,603.19,39.1,98.82,69.6,-1,-1
133,-1,348.79,462.55,41.63,89.67,69.0,-1,-1
134,-1,1466.76,603.2,39.11,98.8,69.6,-1,-1
134,-1,348.78,462.6,41.67,89.6,69.1,-1,-1
135,-1,1466.81,602.79,39.14,99.41,71.6,-1,-1
135,-1,347.66,463.74,42.25,88.37,64.8,-1,-1
136,-1,1466.69,602.81,39.0,98.08,68.8,-1,-1
136,-1,347.55,465.43,41.38,86.4,68.5,-1,-1
137,-1,347.5,464.61,41.73,86.74,73.8,-1,-1
137,-1,1467.78,603.64,38.4,97.19,68.5,-1,-1
138,-1,347.14,465.18,42.49,85.9,73.9,-1,-1
138,-1,1467.46,602.7,39.57,99.73,44.4,-1,-1
139,-1,347.18,464.46,42.43,86.17,75.4,-1,-1
139,-1,1466.01,606.15,39.06,96.51,62.0,-1,-1
140,-1,347.21,464.47,42.43,86.18,75.3,-1,-1
140,-1,1466.02,606.15,39.03,96.51,62.1,-1,-1
141,-1,347.17,464.89,41.75,85.13,75.7,-1,-1
141,-1,1464.1,608.72,36.45,92.8,56.6,-1,-1
141,-1,671.5,377.6,30.78,72.19,28.2,-1,-1
142,-1,347.62,466.45,41.43,82.88,71.5,-1,-1
142,-1,1461.6,606.7,39.35,93.75,44.7,-1,-1
143,-1,346.98,466.82,42.1,82.95,70.1,-1,-1
143,-1,1464.7,604.99,37.5,97.8,34.2,-1,-1
144,-1,347.61,467.78,41.03,81.73,69.6,-1,-1
144,-1,1463.73,601.84,39.61,101.09,34.5,-1,-1
145,-1,346.81,466.83,41.45,84.01,71.1,-1,-1
145,-1,1463.59,599.95,42.49,105.79,46.5,-1,-1
146,-1,346.77,466.83,41.46,83.98,71.0,-1,-1
146,-1,1463.61,599.94,42.51,105.8,46.4,-1,-1
147,-1,1461.29,601.9,43.8,106.0,68.7,-1,-1
147,-1,345.79,467.59,42.43,82.99,67.3,-1,-1
148,-1,345.88,466.62,40.49,83.7,71.3,-1,-1
148,-1,1463.82,601.99,40.93,106.76,69.7,-1,-1
149,-1,345.41,464.89,42.56,85.65,67.9,-1,-1
149,-1,1464.87,603.87,39.76,103.29,63.6,-1,-1
150,-1,344.74,464.92,41.15,86.08,66.3,-1,-1
150,-1,1462.84,601.02,42.17,104.28,65.1,-1,-1
151,-1,1462.9,603.5,40.77,101.36,61.6,-1,-1
151,-1,345.56,465.25,38.57,85.71,59.2,-1,-1
152,-1,1462.88,603.5,40.74,101.36,61.7,-1,-1
152,-1,345.54,465.3,38.54,85.67,59.2,-1,-1
153,-1,347.31,466.33,35.18,84.98,66.4,-1,-1
153,-1,1460.92,602.6,43.51,102.26,52.3,-1,-1
154,-1,345.69,466.18,37.3,87.15,64.0,-1,-1
154,-1,1457.43,599.54,45.31,104.97,58.0,-1,-1
155,-1,1458.94,602.19,42.9,103.71,68.0,-1,-1
155,-1,346.25,468.71,32.81,83.23,55.8,-1,-1
156,-1,1461.88,605.22,38.83,97.97,64.6,-1,-1
156,-1,661.39,377.34,30.73,72.65,49.8,-1,-1
156,-1,345.75,468.03,31.75,81.72,47.7,-1,-1
157,-1,1459.05,604.71,41.63,98.29,62.1,-1,-1
157,-1,344.39,468.06,34.28,84.26,47.8,-1,-1
157,-1,660.28,379.63,29.16,69.96,40.2,-1,-1
157,-1,0.0,60.22,38.22,307.46,26.0,-1,-1
158,-1,1459.09,604.71,41.59,98.29,62.1,-1,-1
158,-1,344.35,467.98,34.33,84.35,48.0,-1,-1
158,-1,660.26,379.59,29.2,70.0,40.2,-1,-1
158,-1,0.0,60.01,38.23,307.79,25.9,-1,-1
159,-1,1458.04,606.04,40.53,97.69,51.8,-1,-1
159,-1,344.85,467.65,33.22,84.38,51.1,-1,-1
159,-1,0.0,56.27,36.98,311.31,26.9,-1,-1
159,-1,658.77,379.82,33.36,74.21,26.8,-1,-1
160,-1,1461.1,607.03,37.25,95.18,42.2,-1,-1
160,-1,334.88,464.65,43.78,88.15,42.1,-1,-1
160,-1,660.24,380.1,27.46,70.35,30.7,-1,-1
161,-1,1455.4,605.7,40.88,97.88,66.7,-1,-1
161,-1,344.74,469.22,29.16,82.17,39.4,-1,-1
161,-1,335.8,465.33,41.82,87.63,29.2,-1,-1
162,-1,1454.06,605.27,41.23,95.81,60.4,-1,-1
162,-1,329.82,465.83,42.09,87.16,49.8,-1,-1
163,-1,1453.02,605.79,41.67,94.98,56.9,-1,-1
163,-1,328.89,468.12,43.4,85.15,52.8,-1,-1
164,-1,1452.96,605.78,41.73,94.99,57.0,-1,-1
164,-1,328.89,468.13,43.43,85.15,52.9,-1,-1
165,-1,327.16,464.77,43.45,88.14,67.9,-1,-1
165,-1,1446.48,601.59,48.53,100.79,50.9,-1,-1
166,-1,1445.87,606.13,45.65,97.45,65.1,-1,-1
166,-1,325.13,464.15,42.77,89.43,58.4,-1,-1
166,-1,650.6,378.79,26.95,74.96,32.8,-1,-1
167,-1,325.0,465.58,41.35,89.05,64.2,-1,-1
167,-1,1443.05,603.48,46.96,101.04,50.6,-1,-1
168,-1,322.55,462.85,42.9,93.53,68.3,-1,-1
168,-1,1447.29,610.48,40.87,91.51,48.3,-1,-1
169,-1,323.08,464.23,43.45,94.26,64.1,-1,-1
169,-1,1438.51,604.36,45.66,97.41,45.6,-1,-1
170,-1,323.08,464.25,43.49,94.25,64.1,-1,-1
170,-1,1438.43,604.27,45.74,97.52,45.7,-1,-1
171,-1,327.16,469.32,37.73,87.18,63.9,-1,-1
171,-1,1439.4,604.7,42.57,95.49,61.9,-1,-1
172,-1,327.23,467.98,37.59,87.9,69.0,-1,-1
172,-1,0.0,306.83,70.48,225.83,39.4,-1,-1
172,-1,1436.15,603.46,47.38,95.33,31.9,-1,-1
173,-1,325.95,468.05,38.22,89.2,65.0,-1,-1
173,-1,1435.12,600.15,49.14,99.27,56.6,-1,-1
173,-1,1.21,298.16,65.31,233.41,42.6,-1,-1
174,-1,328.75,471.62,35.76,84.6,56.4,-1,-1
174,-1,1432.63,599.23,50.35,100.64,44.0,-1,-1
174,-1,1.49,296.67,70.04,236.32,42.3,-1,-1
175,-1,326.17,468.08,38.61,90.47,61.5,-1,-1
175,-1,2.05,297.82,68.56,234.1,33.9,-1,-1
175,-1,1435.41,599.96,46.11,101.16,28.3,-1,-1
176,-1,326.15,468.04,38.62,90.51,61.6,-1,-1
176,-1,2.08,297.8,69.04,234.16,33.7,-1,-1
176,-1,1435.39,599.95,46.13,101.17,28.3,-1,-1
177,-1,325.29,466.33,38.81,91.96,65.2,-1,-1
177,-1,2.96,298.27,67.34,233.24,29.4,-1,-1
178,-1,324.4,469.27,39.37,89.1,65.2,-1,-1
178,-1,1437.04,599.83,42.2,99.55,59.0,-1,-1
178,-1,2.53,294.36,68.19,237.44,35.7,-1,-1
179,-1,1434.01,598.96,44.36,100.78,74.3,-1,-1
179,-1,325.4,469.12,38.43,88.04,62.1,-1,-1
179,-1,3.62,297.05,72.77,236.03,27.2,-1,-1
180,-1,1433.97,599.84,43.4,99.52,71.5,-1,-1
180,-1,325.12,468.11,39.21,88.92,63.6,-1,-1
180,-1,2.9,294.03,62.56,238.5,27.0,-1,-1
181,-1,1436.14,603.29,40.41,95.59,55.9,-1,-1
181,-1,324.34,470.65,39.44,86.4,52.3,-1,-1
181,-1,3.22,289.55,72.89,243.47,31.6,-1,-1
182,-1,1436.14,603.29,40.41,95.58,55.9,-1,-1
182,-1,324.33,470.65,39.46,86.4,52.3,-1,-1
182,-1,3.22,289.66,72.89,243.36,31.6,-1,-1
183,-1,1431.03,602.99,45.41,95.9,68.2,-1,-1
183,-1,324.21,470.45,37.86,86.02,60.9,-1,-1
183,-1,3.01,292.58,74.2,240.21,30.0,-1,-1
184,-1,1430.27,602.03,46.04,96.89,67.7,-1,-1
184,-1,324.82,470.37,36.4,86.52,58.8,-1,-1
184,-1,2.49,291.89,70.3,241.8,25.9,-1,-1
185,-1,325.63,472.46,34.79,84.65,55.8,-1,-1
185,-1,1431.66,605.59,43.9,92.69,28.7,-1,-1
186,-1,325.12,472.09,34.49,85.77,56.3,-1,-1
186,-1,1427.63,604.36,44.23,95.71,50.8,-1,-1
187,-1,1427.58,600.47,44.2,98.89,73.8,-1,-1
187,-1,323.65,474.55,35.38,83.93,62.2,-1,-1
187,-1,390.4,487.82,25.02,51.35,26.7,-1,-1
188,-1,1427.58,600.48,44.2,98.88,73.8,-1,-1
188,-1,323.66,474.54,35.37,83.95,62.3,-1,-1
188,-1,390.4,487.78,25.02,51.39,26.8,-1,-1
189,-1,324.11,474.43,32.46,84.17,55.6,-1,-1
189,-1,1431.34,608.51,40.1,91.79,47.7,-1,-1
189,-1,386.92,485.49,26.97,53.65,25.1,-1,-1
190,-1,1424.55,602.99,46.02,98.74,65.0,-1,-1
190,-1,323.87,474.72,31.78,83.36,57.6,-1,-1
190,-1,385.5,482.89,28.73,56.73,28.7,-1,-1
191,-1,1426.55,602.41,44.42,97.64,57.6,-1,-1
191,-1,324.36,474.62,29.13,83.52,51.0,-1,-1
191,-1,384.25,479.39,29.09,60.45,32.0,-1,-1
191,-1,1440.96,415.29,35.66,66.84,26.7,-1,-1
192,-1,324.9,482.26,28.01,75.47,45.9,-1,-1
192,-1,1424.14,601.69,44.05,98.95,42.4,-1,-1
192,-1,316.39,476.41,32.82,80.74,30.0,-1,-1
192,-1,384.41,486.29,27.45,53.51,28.9,-1,-1
193,-1,312.85,469.42,34.42,87.94,61.8,-1,-1
193,-1,1419.51,601.82,47.72,100.08,55.2,-1,-1
194,-1,312.86,469.42,34.4,87.93,62.1,-1,-1
194,-1,1419.51,601.84,47.67,100.06,55.1,-1,-1
195,-1,1420.77,601.96,42.69,97.53,60.9,-1,-1
195,-1,307.7,469.74,35.62,91.05,57.1,-1,-1
196,-1,1421.38,608.5,40.45,92.69,65.4,-1,-1
196,-1,309.33,470.47,33.93,89.91,57.9,-1,-1
197,-1,304.24,469.95,36.51,93.28,66.8,-1,-1
197,-1,1418.92,611.24,40.11,87.91,55.4,-1,-1
198,-1,1411.64,598.75,47.42,98.41,67.6,-1,-1
198,-1,307.93,473.07,32.61,87.43,66.1,-1,-1
198,-1,0.0,299.69,54.74,237.52,27.5,-1,-1
199,-1,304.32,470.5,34.02,90.93,69.5,-1,-1
199,-1,1409.83,605.78,46.63,91.51,63.0,-1,-1
200,-1,304.34,470.51,34.0,90.92,69.5,-1,-1
200,-1,1409.79,605.82,46.68,91.47,62.9,-1,-1
201,-1,1407.92,599.86,49.74,98.87,74.9,-1,-1
201,-1,303.56,473.29,35.71,86.7,69.8,-1,-1
202,-1,302.12,473.35,36.3,86.92,65.9,-1,-1
202,-1,1409.31,605.21,43.81,93.07,43.3,-1,-1
203,-1,1407.66,599.67,44.48,97.69,72.5,-1,-1
203,-1,298.04,474.77,38.84,84.8,51.2,-1,-1
203,-1,0.23,289.13,64.78,247.97,27.4,-1,-1
204,-1,1406.02,599.1,46.89,97.24,63.3,-1,-1
204,-1,297.19,474.52,36.58,86.26,44.2,-1,-1
205,-1,1407.64,605.89,41.65,92.77,53.4,-1,-1
205,-1,292.82,469.01,43.68,95.03,52.1,-1,-1
206,-1,1407.62,605.9,41.66,92.75,53.7,-1,-1
206,-1,292.81,469.02,43.69,95.02,52.1,-1,-1
207,-1,296.52,472.32,37.37,89.25,60.3,-1,-1
207,-1,1403.55,600.32,45.33,98.62,44.1,-1,-1
208,-1,1407.47,601.49,41.16,95.25,60.6,-1,-1
208,-1,295.03,477.21,35.9,84.69,51.8,-1,-1
209,-1,1403.86,605.85,41.56,92.91,70.0,-1,-1
209,-1,294.25,477.82,36.04,84.12,53.3,-1,-1
210,-1,1405.98,608.76,39.05,90.04,61.9,-1,-1
210,-1,295.74,478.21,33.5,83.48,55.0,-1,-1
211,-1,1403.65,603.94,41.0,95.25,61.9,-1,-1
211,-1,296.63,479.64,32.34,82.1,53.9,-1,-1
212,-1,1403.66,603.93,40.99,95.26,61.7,-1,-1
212,-1,296.65,479.67,32.34,82.06,54.0,-1,-1
213,-1,1400.93,601.11,42.96,99.29,67.6,-1,-1
213,-1,294.56,480.93,33.47,80.82,52.5,-1,-1
214,-1,293.63,479.2,33.88,82.52,55.9,-1,-1
214,-1,1400.21,605.5,45.0,95.08,54.9,-1,-1
215,-1,294.13,481.19,31.8,82.13,53.4,-1,-1
215,-1,1403.61,605.18,42.24,94.23,31.7,-1,-1
216,-1,1405.48,604.2,38.62,94.81,56.4,-1,-1
216,-1,292.32,482.23,31.8,80.8,48.0,-1,-1
217,-1,1400.29,602.69,41.07,97.75,57.8,-1,-1
217,-1,293.58,482.83,30.17,79.34,49.0,-1,-1
218,-1,1400.28,602.68,41.06,97.73,57.8,-1,-1
218,-1,293.57,482.84,30.19,79.34,49.0,-1,-1
219,-1,1398.24,601.66,41.14,97.2,54.7,-1,-1
219,-1,292.04,483.92,32.62,78.28,48.1,-1,-1
220,-1,279.74,473.89,41.7,87.75,59.3,-1,-1
220,-1,1400.12,601.72,41.67,96.29,36.0,-1,-1
221,-1,278.44,472.16,43.07,89.64,61.2,-1,-1
221,-1,1400.49,600.34,40.76,98.35,40.2,-1,-1
222,-1,280.62,474.9,41.43,86.66,58.3,-1,-1
222,-1,1396.01,600.97,42.26,98.4,47.4,-1,-1
223,-1,1395.37,600.47,41.92,99.53,57.7,-1,-1
223,-1,280.51,474.99,40.62,86.67,57.4,-1,-1
224,-1,1395.34,600.46,41.98,99.51,57.8,-1,-1
224,-1,280.49,475.05,40.66,86.61,57.3,-1,-1
225,-1,1395.33,603.37,39.53,95.1,59.2,-1,-1
225,-1,288.54,483.89,35.81,78.19,53.2,-1,-1
226,-1,287.48,481.47,35.26,81.67,53.3,-1,-1
226,-1,1394.64,607.29,38.68,91.67,43.0,-1,-1
227,-1,293.16,480.14,27.67,81.71,55.5,-1,-1
227,-1,1394.9,603.4,37.67,94.89,54.3,-1,-1
228,-1,292.11,480.16,29.03,82.14,56.9,-1,-1
228,-1,1393.52,598.2,37.59,99.37,47.0,-1,-1
229,-1,291.35,482.36,30.38,79.73,49.4,-1,-1
229,-1,1388.05,605.07,43.54,91.81,39.1,-1,-1
230,-1,291.35,482.38,30.37,79.71,49.5,-1,-1
230,-1,1388.1,605.12,43.46,91.74,39.2,-1,-1
231,-1,290.45,482.82,30.97,79.51,48.5,-1,-1
231,-1,1390.84,606.05,41.73,91.01,47.5,-1,-1
232,-1,287.7,483.51,34.29,79.55,46.7,-1,-1
232,-1,1391.73,608.51,39.27,88.38,40.0,-1,-1
233,-1,285.41,481.57,36.78,81.37,49.6,-1,-1
233,-1,1390.34,607.85,42.47,89.11,40.3,-1,-1
234,-1,287.72,479.3,33.67,82.71,55.7,-1,-1
234,-1,1390.1,605.35,42.8,91.55,54.5,-1,-1
235,-1,1388.95,602.1,42.92,94.66,63.0,-1,-1
235,-1,288.16,480.22,32.9,81.69,59.1,-1,-1
236,-1,1388.97,602.12,42.85,94.61,62.9,-1,-1
236,-1,288.14,480.24,32.85,81.65,59.4,-1,-1
237,-1,1387.98,601.49,43.51,95.24,73.8,-1,-1
237,-1,288.98,479.5,32.24,82.44,61.4,-1,-1
237,-1,1393.54,426.86,38.16,58.46,27.9,-1,-1
238,-1,1389.26,603.1,42.31,93.65,75.2,-1,-1
238,-1,288.4,480.66,32.85,81.8,62.8,-1,-1
238,-1,1392.48,421.04,39.7,64.56,25.1,-1,-1
239,-1,1390.87,605.52,40.8,91.65,70.0,-1,-1
239,-1,290.08,482.07,31.12,79.72,57.6,-1,-1
239,-1,1391.81,425.1,38.34,60.23,27.1,-1,-1
240,-1,1388.65,603.76,42.64,93.19,72.8,-1,-1
240,-1,287.77,477.45,33.0,84.32,59.6,-1,-1
241,-1,1387.65,601.1,44.42,95.58,66.5,-1,-1
241,-1,289.28,477.89,30.24,82.87,56.0,-1,-1
242,-1,1387.69,601.1,44.38,95.57,66.1,-1,-1
242,-1,289.28,477.9,30.23,82.87,56.0,-1,-1
243,-1,1387.8,601.32,43.89,95.09,66.3,-1,-1
243,-1,289.41,478.48,30.51,82.27,52.4,-1,-1
244,-1,1387.65,600.13,42.24,94.78,62.6,-1,-1
244,-1,288.34,478.09,32.28,83.44,54.4,-1,-1
245,-1,1387.71,600.74,41.55,93.61,61.9,-1,-1
245,-1,287.44,477.14,33.72,85.11,52.0,-1,-1
246,-1,1389.09,600.9,39.73,93.61,73.1,-1,-1
246,-1,286.31,477.98,34.45,84.09,49.5,-1,-1
247,-1,1386.58,602.75,42.68,91.21,76.3,-1,-1
247,-1,286.6,477.66,33.54,84.13,52.9,-1,-1
248,-1,1386.62,602.93,42.68,91.04,76.4,-1,-1
248,-1,286.6,477.73,33.42,84.11,53.3,-1,-1
249,-1,1386.2,603.95,42.41,89.89,78.9,-1,-1
249,-1,286.52,477.5,33.06,84.68,55.3,-1,-1
250,-1,1385.5,604.79,43.82,89.62,76.8,-1,-1
250,-1,286.67,476.84,33.51,85.6,50.7,-1,-1
251,-1,1384.16,603.27,45.81,90.75,74.9,-1,-1
251,-1,283.83,476.47,34.27,85.79,54.2,-1,-1
252,-1,1384.35,601.31,46.02,92.73,76.7,-1,-1
252,-1,284.05,476.81,33.68,85.01,52.1,-1,-1
253,-1,1381.03,598.04,50.13,95.29,56.3,-1,-1
253,-1,284.19,476.41,33.45,84.86,49.6,-1,-1
254,-1,1381.02,598.09,50.14,95.23,55.4,-1,-1
254,-1,284.21,476.44,33.45,84.83,49.6,-1,-1
255,-1,1380.27,596.47,52.91,95.38,55.8,-1,-1
255,-1,284.6,477.58,33.53,83.73,46.3,-1,-1
256,-1,1379.66,594.74,51.86,99.1,64.2,-1,-1
256,-1,284.11,478.53,33.62,83.05,52.3,-1,-1
257,-1,1380.88,595.89,53.95,96.62,55.1,-1,-1
257,-1,285.82,477.62,32.37,84.18,51.0,-1,-1
258,-1,1380.53,595.72,54.2,95.91,53.4,-1,-1
258,-1,284.39,477.73,34.23,84.24,48.6,-1,-1
259,-1,284.82,478.4,34.47,83.37,49.3,-1,-1
259,-1,1378.05,594.27,61.51,97.61,42.0,-1,-1
260,-1,284.82,478.4,34.47,83.36,49.3,-1,-1
260,-1,1377.98,594.21,61.66,97.68,41.9,-1,-1
261,-1,284.08,478.33,34.69,83.07,52.2,-1,-1
261,-1,1378.33,594.06,59.49,97.69,40.1,-1,-1
262,-1,1378.55,596.32,55.44,95.4,52.8,-1,-1
262,-1,284.3,478.55,34.1,83.27,50.3,-1,-1
263,-1,1379.21,595.45,51.99,97.72,59.5,-1,-1
263,-1,284.35,479.41,34.29,83.08,55.0,-1,-1
264,-1,283.61,478.21,34.74,84.41,56.5,-1,-1
264,-1,1381.74,595.2,49.35,97.79,54.4,-1,-1
264,-1,1310.09,388.0,45.5,98.56,35.5,-1,-1
265,-1,1384.85,596.53,45.01,95.51,59.2,-1,-1
265,-1,283.58,476.99,34.89,85.86,53.0,-1,-1
266,-1,1384.75,596.53,45.13,95.49,59.2,-1,-1
266,-1,283.59,476.98,34.86,85.88,53.0,-1,-1
267,-1,1385.56,593.87,43.81,98.61,61.8,-1,-1
267,-1,284.84,478.21,33.82,84.44,57.5,-1,-1
268,-1,1387.92,596.38,40.56,95.74,66.6,-1,-1
268,-1,280.63,477.06,36.62,86.39,57.1,-1,-1
269,-1,1388.76,596.89,39.41,95.67,69.7,-1,-1
269,-1,279.35,476.8,37.82,87.23,57.2,-1,-1
270,-1,1388.7,596.74,39.44,96.01,70.5,-1,-1
270,-1,278.81,476.47,37.87,87.63,56.3,-1,-1
271,-1,1389.41,597.98,38.83,94.54,70.3,-1,-1
271,-1,279.82,477.16,37.82,86.9,58.1,-1,-1
272,-1,1389.44,597.98,38.79,94.54,70.3,-1,-1
272,-1,279.82,477.16,37.83,86.9,58.1,-1,-1
273,-1,1388.77,596.99,40.37,95.89,69.1,-1,-1
273,-1,280.09,478.58,38.01,85.56,59.3,-1,-1
274,-1,1388.2,597.98,42.19,94.98,60.0,-1,-1
274,-1,278.59,478.62,39.36,85.59,59.0,-1,-1
275,-1,279.58,478.73,37.55,85.28,58.7,-1,-1
275,-1,1388.11,598.82,41.21,93.84,58.6,-1,-1
276,-1,279.65,479.75,36.99,84.23,62.1,-1,-1
276,-1,1387.89,597.7,40.96,94.9,53.5,-1,-1
277,-1,279.21,479.24,37.05,84.83,61.3,-1,-1
277,-1,1387.57,597.04,42.4,95.89,47.4,-1,-1
278,-1,279.26,479.25,37.01,84.81,61.3,-1,-1
278,-1,1387.58,597.05,42.38,95.89,47.4,-1,-1
279,-1,278.54,479.68,37.81,84.53,63.8,-1,-1
279,-1,1384.81,599.19,45.99,92.81,43.3,-1,-1
280,-1,279.03,477.72,37.53,86.27,60.6,-1,-1
280,-1,1378.35,409.26,39.62,78.54,46.7,-1,-1
280,-1,1385.33,597.97,46.11,93.5,39.2,-1,-1
281,-1,278.83,478.62,37.9,85.21,60.4,-1,-1
281,-1,1377.5,410.43,38.54,77.8,46.5,-1,-1
281,-1,1385.27,597.63,46.07,93.63,42.9,-1,-1
282,-1,280.01,479.69,35.99,84.37,59.4,-1,-1
282,-1,1384.22,597.22,46.35,93.55,42.6,-1,-1
282,-1,1297.09,388.92,51.79,100.12,33.1,-1,-1
283,-1,280.63,478.97,34.83,85.05,59.5,-1,-1
283,-1,1384.09,597.61,45.8,93.03,48.5,-1,-1
283,-1,1295.91,391.27,52.46,97.76,28.9,-1,-1
284,-1,280.63,478.96,34.83,85.06,59.4,-1,-1
284,-1,1384.1,597.6,45.82,93.05,48.8,-1,-1
284,-1,1295.87,391.27,52.37,97.75,28.9,-1,-1
285,-1,280.64,477.76,35.18,86.52,62.0,-1,-1
285,-1,1383.54,597.07,46.54,93.18,44.7,-1,-1
286,-1,281.84,478.07,33.45,85.8,60.7,-1,-1
286,-1,1382.59,597.91,47.7,91.75,48.0,-1,-1
286,-1,1377.24,419.22,38.02,68.7,27.8,-1,-1
287,-1,284.61,480.05,31.08,83.41,60.1,-1,-1
287,-1,1381.5,596.66,51.01,93.66,41.8,-1,-1
288,-1,285.86,480.36,29.95,83.0,62.5,-1,-1
288,-1,1381.16,595.82,52.16,94.9,39.3,-1,-1
289,-1,287.38,479.36,29.4,83.15,66.8,-1,-1
289,-1,1381.7,598.01,47.15,94.37,56.9,-1,-1
290,-1,287.39,479.38,29.4,83.12,66.8,-1,-1
290,-1,1381.7,598.01,47.14,94.37,56.9,-1,-1
291,-1,285.12,479.17,31.98,84.05,63.5,-1,-1
291,-1,1380.42,597.7,50.05,95.56,56.8,-1,-1
292,-1,282.52,478.95,34.0,83.98,56.6,-1,-1
292,-1,1382.89,596.96,50.4,97.01,53.3,-1,-1
293,-1,284.52,480.15,32.15,82.93,55.7,-1,-1
293,-1,1382.48,597.36,50.06,96.14,54.9,-1,-1
294,-1,286.75,480.35,30.92,82.99,47.4,-1,-1
294,-1,1382.46,595.75,53.36,98.23,43.0,-1,-1
295,-1,285.25,483.31,33.27,80.76,43.6,-1,-1
295,-1,1382.29,593.13,64.97,101.06,32.2,-1,-1
296,-1,285.21,483.29,33.31,80.78,43.6,-1,-1
296,-1,1382.27,593.12,65.02,101.08,32.1,-1,-1
297,-1,284.9,483.38,34.36,79.29,45.4,-1,-1
297,-1,1384.29,594.47,60.06,98.57,28.9,-1,-1
298,-1,1387.76,596.03,47.38,96.36,45.9,-1,-1
298,-1,283.16,481.16,36.21,81.96,43.9,-1,-1
299,-1,1389.25,597.58,46.72,94.9,39.4,-1,-1
299,-1,0.0,331.25,60.6,213.84,34.4,-1,-1
299,-1,283.57,482.41,35.91,80.88,33.4,-1,-1
300,-1,287.95,485.83,32.5,78.07,35.7,-1,-1
300,-1,1390.68,600.08,45.34,91.95,32.2,-1,-1
301,-1,1388.94,593.06,48.97,99.47,26.8,-1,-1
302,-1,1388.96,593.21,48.91,99.32,26.6,-1,-1
303,-1,1389.8,594.33,47.67,98.16,39.5,-1,-1
304,-1,1392.48,595.89,45.48,95.89,38.1,-1,-1
305,-1,1396.4,597.98,45.78,94.92,57.2,-1,-1
305,-1,291.94,484.48,34.36,79.68,37.6,-1,-1
306,-1,1395.38,597.33,45.66,92.31,47.5,-1,-1
307,-1,1393.94,594.81,48.15,93.93,43.9,-1,-1
308,-1,1393.96,594.82,48.15,93.91,43.9,-1,-1
309,-1,1402.34,596.4,42.24,95.29,51.7,-1,-1
310,-1,1401.92,600.23,42.82,91.06,52.6,-1,-1
311,-1,1401.64,599.91,42.98,90.92,37.6,-1,-1
311,-1,304.58,478.9,28.78,81.02,27.2,-1,-1
311,-1,0.0,330.72,72.43,213.61,26.9,-1,-1
311,-1,0.33,288.46,87.23,258.46,25.9,-1,-1
312,-1,1400.24,596.35,46.79,94.73,58.2,-1,-1
313,-1,1404.18,599.13,44.26,91.3,45.3,-1,-1
313,-1,303.75,480.84,30.88,80.67,26.8,-1,-1
314,-1,1404.17,599.12,44.27,91.31,45.3,-1,-1
314,-1,303.75,480.84,30.88,80.67,26.7,-1,-1
315,-1,1406.4,600.05,42.32,90.36,64.0,-1,-1
315,-1,304.2,480.01,30.43,80.04,27.7,-1,-1
316,-1,1406.72,599.15,44.45,91.08,67.5,-1,-1
316,-1,305.05,481.0,31.02,81.0,49.3,-1,-1
317,-1,1405.66,598.34,44.41,92.57,65.4,-1,-1
317,-1,308.03,480.71,29.83,81.6,56.0,-1,-1
318,-1,308.57,480.25,28.63,81.7,54.1,-1,-1
318,-1,1404.68,597.48,46.04,92.86,43.5,-1,-1
319,-1,307.69,479.39,30.49,81.77,47.1,-1,-1
319,-1,1403.82,597.22,46.5,93.19,45.9,-1,-1
320,-1,307.69,479.42,30.45,81.64,47.0,-1,-1
320,-1,1403.76,597.21,46.57,93.2,45.8,-1,-1
321,-1,308.06,480.69,30.52,80.31,58.4,-1,-1
321,-1,1404.2,598.05,47.42,91.61,51.9,-1,-1
322,-1,1406.18,599.05,45.92,90.94,60.6,-1,-1
322,-1,310.44,480.17,29.29,80.64,59.0,-1,-1
322,-1,0.0,338.15,75.17,204.14,29.2,-1,-1
323,-1,1406.33,599.76,43.99,88.93,63.2,-1,-1
323,-1,314.59,479.79,26.92,81.95,47.4,-1,-1
323,-1,0.0,331.59,77.61,210.88,33.0,-1,-1
324,-1,1406.44,596.41,45.37,92.67,55.7,-1,-1
324,-1,315.52,478.95,26.2,83.58,45.2,-1,-1
325,-1,1409.28,594.82,43.64,94.12,51.0,-1,-1
325,-1,316.94,479.0,25.95,82.77,45.7,-1,-1
326,-1,1409.26,594.84,43.64,94.09,51.0,-1,-1
326,-1,316.89,479.02,26.0,82.75,45.9,-1,-1
327,-1,1410.89,595.56,42.61,92.8,60.8,-1,-1
327,-1,318.23,479.11,25.61,81.24,26.9,-1,-1
328,-1,1411.6,593.92,41.72,94.01,60.8,-1,-1
329,-1,1409.77,587.81,45.59,100.64,60.0,-1,-1
329,-1,318.96,479.85,26.09,79.76,33.2,-1,-1
330,-1,1410.2,593.22,47.75,95.5,60.8,-1,-1
330,-1,0.0,333.52,89.05,210.54,28.2,-1,-1
330,-1,317.24,477.43,29.02,81.96,26.6,-1,-1
331,-1,1412.53,593.79,47.51,95.85,40.7,-1,-1
332,-1,1412.54,593.79,47.51,95.84,40.6,-1,-1
333,-1,1412.75,593.53,46.43,95.26,58.5,-1,-1
334,-1,1414.24,589.97,45.26,97.94,58.9,-1,-1
335,-1,1415.52,594.93,43.82,93.0,42.2,-1,-1
336,-1,1417.2,597.44,42.55,89.4,58.8,-1,-1
337,-1,1417.77,594.85,41.76,90.96,65.1,-1,-1
338,-1,1417.78,594.87,41.74,90.91,65.1,-1,-1
339,-1,1421.66,597.56,37.29,89.06,53.9,-1,-1
340,-1,1423.89,604.04,36.62,83.07,56.4,-1,-1
340,-1,325.8,480.7,27.01,81.11,29.0,-1,-1
340,-1,1394.83,423.36,38.61,63.12,28.3,-1,-1
341,-1,1420.82,597.63,39.19,89.12,54.3,-1,-1
341,-1,326.94,481.35,26.24,80.38,34.6,-1,-1
342,-1,1421.26,582.27,42.09,105.36,54.4,-1,-1
343,-1,327.01,477.3,27.6,84.14,45.2,-1,-1
343,-1,1424.81,596.08,41.51,90.22,35.5,-1,-1
344,-1,327.14,477.3,27.56,84.07,45.2,-1,-1
344,-1,1424.83,596.11,41.49,90.18,35.5,-1,-1
345,-1,327.07,480.17,28.27,81.47,47.5,-1,-1
345,-1,1422.72,591.68,42.56,94.58,44.1,-1,-1
346,-1,327.97,481.81,28.62,80.93,52.6,-1,-1
346,-1,1423.07,588.18,43.28,97.55,52.0,-1,-1
346,-1,1398.14,414.4,39.89,73.81,27.5,-1,-1
347,-1,330.31,478.03,28.04,83.99,53.8,-1,-1
347,-1,1428.07,597.2,39.65,87.21,36.0,-1,-1
348,-1,330.29,477.3,29.71,85.26,55.4,-1,-1
348,-1,1427.32,598.54,40.4,85.08,27.5,-1,-1
349,-1,331.3,478.26,28.56,83.6,55.4,-1,-1
349,-1,1428.08,589.04,41.64,95.45,54.7,-1,-1
350,-1,331.29,478.27,28.59,83.57,55.4,-1,-1
350,-1,1428.09,589.06,41.62,95.44,54.7,-1,-1
351,-1,1429.41,592.5,42.4,92.39,70.1,-1,-1
351,-1,331.81,476.4,30.01,85.77,53.4,-1,-1
352,-1,1431.29,596.27,40.28,88.24,65.8,-1,-1
352,-1,332.28,476.26,30.22,84.82,56.2,-1,-1
353,-1,333.8,478.06,29.48,83.61,60.2,-1,-1
353,-1,1431.01,597.43,39.64,86.28,54.6,-1,-1
354,-1,1434.2,593.89,37.14,88.83,62.3,-1,-1
354,-1,335.7,477.97,28.41,83.11,55.6,-1,-1
355,-1,1433.63,595.99,39.05,87.11,65.5,-1,-1
355,-1,335.71,476.6,28.47,83.99,50.6,-1,-1
356,-1,1433.62,595.98,39.04,87.07,65.8,-1,-1
356,-1,335.74,476.58,28.46,84.05,50.6,-1,-1
357,-1,1436.53,598.29,37.33,84.82,66.5,-1,-1
357,-1,334.02,477.2,30.54,84.42,53.9,-1,-1
358,-1,1436.69,600.03,38.26,83.37,69.1,-1,-1
358,-1,332.82,476.5,32.83,85.24,55.0,-1,-1
359,-1,1437.92,594.89,37.75,88.43,57.7,-1,-1
359,-1,337.29,478.69,28.26,82.49,45.3,-1,-1
360,-1,1437.3,592.7,38.95,90.01,64.9,-1,-1
360,-1,337.63,475.9,29.39,84.96,42.2,-1,-1
361,-1,1438.01,593.87,38.36,88.72,66.1,-1,-1
361,-1,339.05,478.39,29.39,81.35,36.4,-1,-1
362,-1,1438.0,593.86,38.38,88.76,66.1,-1,-1
362,-1,339.13,478.41,29.31,81.33,36.1,-1,-1
363,-1,1438.56,593.24,39.53,89.8,57.8,-1,-1
363,-1,339.65,479.51,29.62,80.29,35.2,-1,-1
364,-1,1439.43,590.97,38.23,91.94,47.4,-1,-1
365,-1,1442.14,593.39,34.65,89.5,35.0,-1,-1
366,-1,1440.22,584.19,38.91,99.07,49.9,-1,-1
366,-1,350.37,485.52,24.86,74.26,28.7,-1,-1
367,-1,1439.17,590.0,41.6,93.46,55.1,-1,-1
368,-1,1439.11,589.95,41.66,93.52,55.5,-1,-1
369,-1,1438.84,591.24,45.15,92.12,50.0,-1,-1
369,-1,348.72,484.41,27.16,77.54,31.4,-1,-1
370,-1,1438.84,584.61,46.33,99.16,41.8,-1,-1
370,-1,348.59,485.06,27.41,76.89,36.4,-1,-1
371,-1,1437.35,584.72,46.76,98.0,62.4,-1,-1
371,-1,348.9,485.31,27.11,76.55,36.4,-1,-1
372,-1,346.16,484.87,28.8,75.35,42.6,-1,-1
372,-1,1437.17,586.02,46.48,95.56,37.1,-1,-1
373,-1,1439.3,589.22,45.0,92.16,43.6,-1,-1
373,-1,349.27,484.06,27.53,78.64,36.7,-1,-1
374,-1,1439.33,589.25,44.94,92.12,43.7,-1,-1
374,-1,349.27,484.07,27.53,78.62,36.6,-1,-1
375,-1,350.86,481.48,28.05,81.2,43.1,-1,-1
375,-1,1441.21,598.53,39.48,83.86,41.9,-1,-1
376,-1,1441.51,589.12,40.87,90.94,45.7,-1,-1
376,-1,353.02,481.13,25.95,79.15,40.8,-1,-1
376,-1,152.95,336.34,27.91,55.57,30.3,-1,-1
377,-1,1440.26,587.92,42.03,93.89,49.1,-1,-1
377,-1,352.91,480.91,25.38,79.99,31.2,-1,-1
377,-1,155.41,336.77,27.72,55.57,26.3,-1,-1
378,-1,1446.09,600.5,37.57,80.59,37.9,-1,-1
379,-1,1447.4,602.53,36.12,77.64,47.5,-1,-1
380,-1,1447.39,602.46,36.13,77.71,47.5,-1,-1
381,-1,1444.31,601.62,39.4,78.61,57.3,-1,-1
382,-1,1442.01,594.98,39.67,82.13,49.4,-1,-1
382,-1,354.08,480.42,28.67,78.9,39.2,-1,-1
383,-1,1440.38,589.29,41.28,86.97,61.0,-1,-1
383,-1,355.75,479.48,29.19,79.65,34.8,-1,-1
384,-1,1440.04,588.44,41.25,87.75,61.7,-1,-1
384,-1,355.22,480.02,28.95,79.34,41.4,-1,-1
385,-1,1440.2,587.51,42.74,88.68,58.0,-1,-1
385,-1,356.91,481.61,28.26,77.8,39.6,-1,-1
386,-1,1440.19,587.51,42.76,88.69,57.9,-1,-1
386,-1,356.9,481.6,28.26,77.81,39.6,-1,-1
387,-1,1440.54,587.26,42.9,89.34,55.3,-1,-1
387,-1,356.72,483.59,28.39,76.59,35.9,-1,-1
388,-1,1442.13,588.12,39.43,89.5,53.2,-1,-1
388,-1,358.73,480.72,27.04,78.74,50.7,-1,-1
389,-1,359.07,480.66,27.02,78.7,52.2,-1,-1
389,-1,1442.87,593.86,40.33,83.34,46.1,-1,-1
389,-1,0.0,437.28,31.78,155.04,26.0,-1,-1
390,-1,360.07,480.86,26.17,79.17,52.5,-1,-1
390,-1,1440.29,591.03,41.91,85.83,34.4,-1,-1
390,-1,0.03,453.04,29.12,138.23,33.0,-1,-1
391,-1,359.68,480.24,26.19,80.24,57.0,-1,-1
391,-1,1442.49,589.82,41.4,87.37,37.2,-1,-1
391,-1,0.02,451.79,30.55,140.07,34.4,-1,-1
392,-1,359.69,480.27,26.18,80.22,57.0,-1,-1
392,-1,1442.51,589.83,41.39,87.36,37.2,-1,-1
392,-1,0.02,451.77,30.55,140.09,34.4,-1,-1
393,-1,359.4,480.27,26.7,80.27,56.7,-1,-1
393,-1,1442.57,588.38,42.06,88.77,37.0,-1,-1
393,-1,0.02,471.57,30.48,120.17,34.0,-1,-1
393,-1,600.55,390.47,34.45,72.95,29.8,-1,-1
393,-1,766.51,525.88,34.05,80.68,25.3,-1,-1
394,-1,360.94,481.28,25.77,79.17,55.8,-1,-1
394,-1,1443.42,589.71,42.43,86.96,37.7,-1,-1
394,-1,0.0,467.13,31.65,124.08,34.6,-1,-1
394,-1,766.07,526.66,34.56,80.02,29.0,-1,-1
394,-1,600.33,391.01,34.44,72.15,28.4,-1,-1
395,-1,360.92,481.09,25.93,79.54,53.7,-1,-1
395,-1,1446.5,594.36,39.38,83.34,43.9,-1,-1
395,-1,0.0,483.8,31.28,106.56,33.3,-1,-1
396,-1,359.01,481.26,26.6,79.27,51.6,-1,-1
396,-1,1443.54,587.58,38.18,90.03,34.5,-1,-1
396,-1,1459.0,593.14,30.46,84.66,29.6,-1,-1
397,-1,361.99,482.79,24.66,78.74,49.2,-1,-1
397,-1,1443.2,587.11,38.88,89.58,33.3,-1,-1
397,-1,1452.36,591.36,34.15,85.73,25.1,-1,-1
398,-1,361.98,482.84,24.68,78.7,49.1,-1,-1
398,-1,1443.03,587.11,39.01,89.59,33.7,-1,-1
398,-1,1452.19,591.32,34.31,85.8,25.1,-1,-1
399,-1,360.01,483.1,25.26,79.32,53.1,-1,-1
399,-1,1444.04,586.95,39.34,89.74,40.2,-1,-1
399,-1,1451.59,590.05,36.53,87.14,30.0,-1,-1
399,-1,597.48,392.54,44.78,73.4,25.3,-1,-1
400,-1,360.04,483.17,25.89,80.06,57.5,-1,-1
400,-1,1444.61,587.67,38.71,89.48,42.2,-1,-1
400,-1,596.52,394.09,47.07,71.03,27.7,-1,-1
401,-1,359.76,484.16,25.38,79.23,56.4,-1,-1
401,-1,1447.58,591.91,37.43,86.38,45.0,-1,-1
401,-1,0.0,443.32,32.5,148.45,25.8,-1,-1
402,-1,358.18,483.91,27.04,78.09,55.8,-1,-1
402,-1,1443.57,588.7,38.67,89.07,40.3,-1,-1
402,-1,0.0,452.07,33.71,139.87,27.2,-1,-1
403,-1,360.73,481.94,25.71,79.62,48.4,-1,-1
403,-1,1443.22,587.56,38.33,89.76,38.2,-1,-1
403,-1,593.99,392.23,42.29,73.33,27.8,-1,-1
404,-1,360.74,481.94,25.7,79.62,48.8,-1,-1
404,-1,1443.24,587.6,38.28,89.7,38.1,-1,-1
404,-1,594.05,392.25,42.26,73.18,27.2,-1,-1
405,-1,363.28,485.52,23.74,77.59,56.9,-1,-1
405,-1,1440.9,585.68,40.5,92.13,37.0,-1,-1
406,-1,363.14,484.8,23.94,77.76,57.6,-1,-1
406,-1,1445.05,589.76,35.91,86.99,42.8,-1,-1
407,-1,359.92,482.55,26.64,78.93,55.4,-1,-1
407,-1,1443.82,588.23,38.92,89.79,40.7,-1,-1
408,-1,361.35,484.2,25.33,78.37,52.8,-1,-1
408,-1,1444.12,588.11,40.33,89.54,37.3,-1,-1
409,-1,360.22,480.2,25.74,82.04,57.5,-1,-1
409,-1,1445.7,590.66,40.54,86.98,52.1,-1,-1
409,-1,1867.9,608.16,52.1,143.27,26.0,-1,-1
410,-1,360.21,479.96,25.75,82.29,57.7,-1,-1
410,-1,1445.69,590.66,40.58,86.97,52.1,-1,-1
410,-1,1867.88,608.08,52.12,143.29,25.5,-1,-1
411,-1,357.39,479.92,28.75,82.34,59.8,-1,-1
411,-1,1446.43,589.52,39.87,88.27,47.5,-1,-1
411,-1,1668.8,430.6,141.55,237.11,25.9,-1,-1
412,-1,354.67,478.8,30.26,81.97,56.7,-1,-1
412,-1,1443.62,587.68,42.12,91.41,46.3,-1,-1
413,-1,1443.41,585.12,42.2,92.59,53.4,-1,-1
413,-1,353.97,478.61,30.9,82.08,53.3,-1,-1
413,-1,589.98,394.04,38.64,66.2,29.1,-1,-1
414,-1,1442.3,583.02,42.26,97.48,49.0,-1,-1
414,-1,352.79,479.7,32.71,81.42,46.5,-1,-1
415,-1,1442.81,583.22,41.19,97.26,48.6,-1,-1
415,-1,350.84,481.81,30.13,80.67,35.1,-1,-1
416,-1,1442.81,583.23,41.18,97.24,48.6,-1,-1
416,-1,350.81,481.82,30.17,80.65,35.2,-1,-1
417,-1,1440.7,587.26,41.49,91.4,61.9,-1,-1
417,-1,345.22,486.44,29.45,74.26,43.2,-1,-1
417,-1,582.99,392.06,37.46,73.98,39.0,-1,-1
418,-1,1440.31,586.86,38.69,90.16,60.9,-1,-1
418,-1,339.07,480.6,28.48,80.92,25.7,-1,-1
418,-1,1868.44,606.34,51.56,145.81,25.3,-1,-1
419,-1,338.26,479.32,25.8,82.65,55.2,-1,-1
419,-1,1439.5,584.83,38.79,91.89,48.3,-1,-1
420,-1,1433.32,585.77,46.04,90.49,59.0,-1,-1
420,-1,324.61,481.05,29.16,81.53,37.7,-1,-1
421,-1,1435.87,584.39,45.67,92.74,59.6,-1,-1
421,-1,312.63,480.63,31.64,81.37,48.5,-1,-1
422,-1,1435.93,584.4,45.62,92.7,59.3,-1,-1
422,-1,312.49,480.58,31.81,81.41,48.3,-1,-1
423,-1,1436.52,585.47,42.52,92.79,68.6,-1,-1
423,-1,301.4,484.24,29.61,79.77,42.4,-1,-1
423,-1,539.45,389.49,54.84,111.45,33.5,-1,-1
423,-1,540.74,390.82,48.85,80.5,30.2,-1,-1
424,-1,1433.61,588.0,40.51,90.54,67.7,-1,-1
424,-1,287.16,481.44,29.07,81.52,52.9,-1,-1
424,-1,525.85,382.51,46.06,139.74,25.0,-1,-1
425,-1,1427.34,586.58,41.66,93.97,60.7,-1,-1
425,-1,273.29,475.68,32.14,89.3,29.1,-1,-1
426,-1,1411.0,587.37,50.61,92.6,47.1,-1,-1
426,-1,1399.24,584.32,57.32,93.53,35.7,-1,-1
426,-1,500.68,378.96,45.27,80.01,35.7,-1,-1
426,-1,253.39,482.12,30.57,82.71,28.2,-1,-1
427,-1,1409.85,582.91,46.31,96.13,72.9,-1,-1
427,-1,232.91,476.76,34.63,87.82,54.8,-1,-1
428,-1,1409.84,582.91,46.31,96.14,72.9,-1,-1
428,-1,232.97,476.8,34.59,87.8,55.0,-1,-1
429,-1,1409.62,585.08,41.17,95.62,72.4,-1,-1
429,-1,211.04,475.03,36.89,90.37,50.3,-1,-1
430,-1,1392.3,584.82,49.94,95.99,54.9,-1,-1
431,-1,1383.95,580.94,49.65,100.79,78.2,-1,-1
431,-1,425.56,374.34,42.38,137.37,33.7,-1,-1
431,-1,424.91,372.37,45.61,94.95,28.8,-1,-1
432,-1,1378.66,579.7,47.77,106.72,62.5,-1,-1
433,-1,1360.0,581.22,54.48,104.99,71.7,-1,-1
433,-1,374.53,361.99,52.97,88.08,25.3,-1,-1
434,-1,1359.94,581.22,54.44,104.94,71.9,-1,-1
434,-1,374.63,361.97,52.91,87.41,25.4,-1,-1
435,-1,1357.4,582.84,47.26,104.75,69.1,-1,-1
436,-1,1335.19,577.84,53.13,108.15,75.2,-1,-1
437,-1,1322.33,578.21,51.04,109.24,57.6,-1,-1
438,-1,1305.39,575.57,55.91,113.26,70.0,-1,-1
439,-1,1283.32,572.57,57.55,115.91,76.2,-1,-1
440,-1,1283.51,572.62,57.36,115.84,76.2,-1,-1
441,-1,1272.38,573.44,53.41,115.56,35.5,-1,-1
442,-1,1259.86,571.93,51.34,116.77,67.1,-1,-1
443,-1,1238.55,572.34,52.87,113.35,73.3,-1,-1
444,-1,1217.98,570.5,55.72,115.46,55.7,-1,-1
445,-1,1200.42,571.05,52.49,113.04,39.1,-1,-1
446,-1,1200.46,570.98,52.48,113.14,39.2,-1,-1
448,-1,1164.02,566.65,55.27,117.95,76.2,-1,-1
449,-1,1138.98,556.06,59.02,129.27,77.5,-1,-1
450,-1,1121.75,558.23,58.08,126.49,69.3,-1,-1
451,-1,1108.0,557.07,55.38,128.02,75.4,-1,-1
452,-1,1108.04,557.1,55.33,127.99,75.6,-1,-1
453,-1,1093.16,559.81,53.86,127.59,82.4,-1,-1
454,-1,1081.74,560.15,52.8,127.55,68.3,-1,-1
455,-1,1067.63,560.12,53.67,128.74,81.5,-1,-1
456,-1,1053.98,559.62,56.69,132.41,80.2,-1,-1
457,-1,1039.11,558.47,62.55,138.64,76.3,-1,-1
458,-1,1039.16,558.49,62.46,138.63,76.3,-1,-1
459,-1,1025.92,555.45,63.72,144.1,68.1,-1,-1
460,-1,1014.19,555.38,67.66,152.89,80.5,-1,-1
461,-1,994.21,546.39,74.63,167.72,49.7,-1,-1
462,-1,992.54,550.7,66.48,162.64,63.5,-1,-1
463,-1,968.48,543.18,74.59,174.71,75.4,-1,-1
464,-1,968.49,543.35,74.55,174.55,75.3,-1,-1
465,-1,958.32,540.0,76.83,181.78,62.6,-1,-1
466,-1,940.09,546.43,81.56,177.26,81.0,-1,-1
467,-1,923.04,550.55,85.54,173.71,72.1,-1,-1
468,-1,907.17,545.32,94.15,186.61,76.0,-1,-1
469,-1,896.92,543.13,90.16,191.94,75.6,-1,-1
470,-1,896.83,543.26,90.22,191.88,75.7,-1,-1
471,-1,883.51,547.77,89.05,193.3,77.9,-1,-1
472,-1,868.58,543.96,93.73,198.31,69.6,-1,-1
473,-1,857.36,546.78,88.67,197.88,52.0,-1,-1
474,-1,836.76,546.82,100.75,200.09,82.9,-1,-1
475,-1,833.65,542.03,87.66,208.91,64.6,-1,-1
476,-1,833.75,541.98,87.57,208.94,64.5,-1,-1
477,-1,813.27,542.76,97.87,211.36,35.2,-1,-1
478,-1,803.85,536.78,96.71,226.47,62.9,-1,-1
479,-1,788.38,542.89,104.04,222.42,76.6,-1,-1
480,-1,775.31,534.23,93.73,236.08,72.0,-1,-1
481,-1,760.42,532.73,106.58,242.58,76.0,-1,-1
482,-1,760.52,532.74,106.49,242.56,75.9,-1,-1
483,-1,755.59,538.51,97.28,240.26,69.1,-1,-1
484,-1,734.65,534.03,119.18,244.61,68.3,-1,-1
485,-1,722.95,533.72,115.91,252.34,68.0,-1,-1
486,-1,712.52,531.31,113.25,259.09,71.3,-1,-1
487,-1,702.19,534.42,110.99,259.72,53.4,-1,-1
487,-1,1305.33,387.78,24.3,45.21,25.4,-1,-1
488,-1,701.09,534.31,112.15,259.89,54.0,-1,-1
488,-1,1305.33,387.75,24.32,45.24,25.7,-1,-1
489,-1,679.44,526.91,126.35,271.85,73.9,-1,-1
490,-1,671.47,524.83,122.69,278.05,75.8,-1,-1
491,-1,664.78,525.8,121.07,279.84,76.2,-1,-1
492,-1,655.81,518.91,121.91,290.92,76.9,-1,-1
493,-1,642.99,516.17,128.22,303.68,72.7,-1,-1
494,-1,643.05,516.16,128.16,303.66,72.7,-1,-1
495,-1,629.82,514.44,135.67,310.1,74.0,-1,-1
496,-1,615.52,506.62,142.56,319.32,78.8,-1,-1
497,-1,607.06,504.87,141.53,325.45,68.1,-1,-1
498,-1,593.55,508.18,144.93,325.46,68.6,-1,-1
499,-1,587.04,498.78,139.39,340.26,62.3,-1,-1
500,-1,586.82,498.77,139.77,340.28,62.2,-1,-1
501,-1,570.04,494.49,152.98,346.79,33.0,-1,-1
502,-1,561.09,491.11,157.59,351.1,76.6,-1,-1
503,-1,538.67,489.7,182.76,355.55,52.9,-1,-1
504,-1,545.37,483.97,161.31,358.38,56.0,-1,-1
504,-1,1.05,0.0,150.52,98.62,29.7,-1,-1
505,-1,541.39,483.9,160.85,364.66,69.6,-1,-1
506,-1,541.36,483.65,160.83,364.92,69.3,-1,-1
507,-1,0.0,0.0,46.75,76.43,25.7,-1,-1
508,-1,519.35,477.62,175.19,389.4,59.5,-1,-1
509,-1,523.35,475.06,155.55,384.57,33.7,-1,-1
510,-1,508.55,471.46,167.58,391.79,52.5,-1,-1
513,-1,495.44,465.0,176.64,406.51,52.5,-1,-1
514,-1,483.71,457.07,185.52,417.25,75.0,-1,-1
515,-1,472.4,453.72,201.46,421.91,29.3,-1,-1
516,-1,460.73,452.14,193.79,426.99,53.1,-1,-1
516,-1,1420.26,226.62,54.27,77.4,38.5,-1,-1
517,-1,457.84,450.33,192.74,428.77,72.9,-1,-1
518,-1,457.89,450.15,192.74,428.94,72.9,-1,-1
519,-1,454.12,446.16,195.16,431.25,66.5,-1,-1
521,-1,443.44,438.9,193.49,442.23,37.8,-1,-1
551,-1,1397.61,455.97,66.67,124.73,25.1,-1,-1
556,-1,1646.44,0.0,132.2,105.33,37.2,-1,-1
557,-1,1639.59,0.0,132.74,102.92,33.1,-1,-1
561,-1,1651.46,0.0,146.53,79.49,36.1,-1,-1
562,-1,1621.77,0.0,179.22,77.71,26.4,-1,-1
564,-1,1653.01,0.0,149.97,67.65,28.9,-1,-1
565,-1,1676.43,0.0,131.54,63.36,30.8,-1,-1
566,-1,1676.46,0.0,131.52,63.36,30.2,-1,-1
567,-1,1680.99,0.0,130.56,58.54,42.7,-1,-1
568,-1,1691.26,0.0,120.42,54.85,26.2,-1,-1
569,-1,1698.19,0.0,118.44,49.84,34.7,-1,-1
