1,-1,84.0,718.37,1248.7,249.09,60.3,-1,-1
1,-1,554.33,698.53,784.76,252.4,41.3,-1,-1
2,-1,83.71,718.29,1249.02,249.25,60.3,-1,-1
2,-1,553.68,698.4,785.44,252.53,41.1,-1,-1
3,-1,78.42,720.53,1252.55,247.6,58.1,-1,-1
3,-1,593.55,700.51,742.98,252.99,40.4,-1,-1
4,-1,126.8,717.81,1203.66,246.69,61.1,-1,-1
4,-1,471.75,707.24,857.04,250.83,58.3,-1,-1
5,-1,588.78,713.61,742.04,243.93,59.0,-1,-1
6,-1,584.83,698.92,748.51,258.59,56.8,-1,-1
6,-1,22.11,710.83,1314.0,253.06,43.1,-1,-1
7,-1,171.87,705.28,1165.85,259.47,56.4,-1,-1
7,-1,543.56,685.0,800.29,267.37,42.7,-1,-1
7,-1,4.72,723.77,516.48,192.29,27.6,-1,-1
8,-1,172.38,705.29,1165.35,259.46,56.4,-1,-1
8,-1,477.21,695.43,858.62,263.2,56.4,-1,-1
8,-1,4.7,723.29,516.49,192.82,27.8,-1,-1
9,-1,162.39,699.96,1183.63,269.09,65.0,-1,-1
9,-1,469.04,680.35,880.93,274.26,50.1,-1,-1
10,-1,106.31,693.32,1238.4,275.57,60.9,-1,-1
10,-1,470.79,678.98,880.05,274.02,34.6,-1,-1
11,-1,195.75,703.12,1153.19,259.53,59.2,-1,-1
11,-1,543.72,682.86,810.58,270.52,46.4,-1,-1
12,-1,222.72,688.64,1131.3,273.26,60.3,-1,-1
12,-1,588.51,673.91,770.29,276.6,47.8,-1,-1
13,-1,646.33,686.77,702.9,265.34,43.3,-1,-1
14,-1,646.13,686.33,703.0,265.81,43.5,-1,-1
15,-1,612.48,668.2,735.81,283.55,40.3,-1,-1
16,-1,622.37,671.41,719.1,280.13,52.0,-1,-1
17,-1,616.23,667.69,725.12,285.6,61.4,-1,-1
17,-1,0.0,664.26,696.44,245.33,31.1,-1,-1
18,-1,625.39,672.66,716.47,277.83,50.3,-1,-1
18,-1,0.0,660.59,695.98,245.09,26.6,-1,-1
19,-1,598.53,657.29,746.54,296.84,51.3,-1,-1
19,-1,0.0,676.41,693.68,230.48,33.1,-1,-1
20,-1,597.29,656.15,747.4,297.97,52.3,-1,-1
20,-1,0.0,677.25,693.31,229.79,33.1,-1,-1
21,-1,590.37,659.81,752.03,294.26,60.2,-1,-1
21,-1,0.0,680.78,690.04,222.02,25.0,-1,-1
22,-1,594.53,653.39,749.26,301.66,54.9,-1,-1
22,-1,0.0,683.58,688.62,218.99,28.9,-1,-1
23,-1,590.74,656.5,753.34,298.29,47.1,-1,-1
23,-1,0.0,674.79,688.97,227.49,41.1,-1,-1
24,-1,0.0,673.96,686.64,230.9,36.2,-1,-1
24,-1,416.39,657.21,922.35,305.0,28.5,-1,-1
25,-1,0.0,683.48,685.9,220.07,33.8,-1,-1
26,-1,0.0,683.48,685.93,220.04,33.8,-1,-1
27,-1,0.0,675.23,684.9,229.54,37.6,-1,-1
28,-1,0.0,673.55,674.14,232.43,25.9,-1,-1
29,-1,1.0,663.88,313.72,237.46,29.5,-1,-1
30,-1,21.32,669.93,1284.46,284.14,33.4,-1,-1
30,-1,0.95,660.84,307.76,243.69,33.0,-1,-1
39,-1,783.47,348.02,1133.39,209.62,25.1,-1,-1
43,-1,585.13,651.07,715.03,269.07,27.8,-1,-1
44,-1,585.03,650.95,714.77,269.28,27.6,-1,-1
46,-1,0.0,645.69,471.26,251.68,26.7,-1,-1
48,-1,0.0,639.88,614.05,244.59,29.8,-1,-1
49,-1,573.45,640.04,712.82,282.01,29.5,-1,-1
50,-1,573.38,640.14,713.01,281.84,28.9,-1,-1
51,-1,557.71,637.79,723.36,283.31,30.2,-1,-1
52,-1,553.62,635.82,726.8,284.14,26.8,-1,-1
53,-1,561.29,632.05,742.01,290.78,28.1,-1,-1
54,-1,563.21,634.21,752.31,283.96,41.9,-1,-1
55,-1,565.54,634.8,746.59,283.0,45.4,-1,-1
56,-1,565.55,634.81,746.72,282.99,45.4,-1,-1
57,-1,575.08,632.59,743.49,289.73,49.1,-1,-1
57,-1,1022.02,321.29,894.35,215.04,40.3,-1,-1
58,-1,581.58,632.8,746.15,285.69,37.8,-1,-1
58,-1,924.85,308.33,990.77,216.88,34.3,-1,-1
59,-1,574.78,630.78,768.93,292.53,41.4,-1,-1
59,-1,977.15,317.73,938.82,207.67,29.6,-1,-1
60,-1,573.52,628.81,784.31,298.91,47.4,-1,-1
60,-1,947.41,313.73,968.16,209.2,34.2,-1,-1
61,-1,563.75,627.94,801.45,304.82,43.2,-1,-1
61,-1,938.88,318.04,976.5,204.1,31.5,-1,-1
62,-1,563.86,627.72,801.38,305.1,43.4,-1,-1
62,-1,937.45,318.05,977.92,204.15,31.4,-1,-1
63,-1,570.23,627.58,798.14,301.66,52.8,-1,-1
63,-1,824.28,299.27,1091.1,225.22,28.4,-1,-1
64,-1,570.74,631.78,795.79,299.12,49.4,-1,-1
65,-1,566.36,632.11,801.73,295.71,32.2,-1,-1
66,-1,558.74,630.35,808.62,299.56,29.0,-1,-1
66,-1,788.64,297.77,1127.06,226.41,28.1,-1,-1
67,-1,820.0,305.97,1095.33,217.3,28.6,-1,-1
68,-1,821.64,306.06,1093.66,217.18,28.7,-1,-1
69,-1,0.0,635.29,522.46,249.01,30.8,-1,-1
69,-1,804.7,306.32,1110.71,216.94,26.9,-1,-1
72,-1,0.0,635.25,511.3,253.31,33.9,-1,-1
73,-1,0.0,634.03,495.34,256.15,49.4,-1,-1
74,-1,0.0,634.21,495.41,255.84,49.3,-1,-1
75,-1,0.0,635.11,491.59,256.57,40.4,-1,-1
76,-1,0.0,633.75,488.03,273.98,43.8,-1,-1
77,-1,0.0,629.71,489.91,277.87,48.9,-1,-1
78,-1,0.0,624.45,485.32,277.13,48.6,-1,-1
79,-1,0.0,623.99,463.96,269.06,36.3,-1,-1
80,-1,0.0,624.34,463.7,268.57,35.8,-1,-1
81,-1,0.0,609.86,457.39,284.36,51.4,-1,-1
82,-1,0.0,611.01,455.07,275.12,36.2,-1,-1
83,-1,0.0,605.14,450.61,284.52,47.5,-1,-1
84,-1,0.0,601.83,450.27,282.64,35.5,-1,-1
87,-1,20.6,635.9,1369.39,317.07,29.6,-1,-1
87,-1,0.95,607.0,418.66,267.1,26.9,-1,-1
88,-1,0.93,601.93,414.56,264.7,35.2,-1,-1
88,-1,19.45,634.58,1363.86,326.01,27.9,-1,-1
89,-1,0.99,193.24,284.61,220.6,28.9,-1,-1
90,-1,0.0,614.44,680.89,258.97,27.6,-1,-1
91,-1,0.0,605.57,671.92,263.05,34.6,-1,-1
92,-1,0.0,605.5,672.04,263.15,36.1,-1,-1
93,-1,0.0,575.13,670.01,306.75,35.9,-1,-1
94,-1,12.84,629.61,1337.51,311.23,27.3,-1,-1
95,-1,14.7,630.15,1331.61,301.59,26.1,-1,-1
96,-1,53.8,636.64,1294.17,285.21,31.3,-1,-1
99,-1,31.05,641.76,1309.29,268.14,30.1,-1,-1
101,-1,0.17,262.38,172.24,140.36,26.8,-1,-1
101,-1,769.72,678.41,530.46,172.53,26.7,-1,-1
102,-1,0.0,611.65,652.92,255.8,38.1,-1,-1
103,-1,0.0,611.66,645.37,258.11,49.6,-1,-1
104,-1,0.0,610.88,645.41,258.91,49.6,-1,-1
105,-1,0.0,631.45,647.26,237.42,41.8,-1,-1
106,-1,0.0,636.49,646.97,230.04,33.8,-1,-1
107,-1,0.0,636.77,644.26,227.07,31.5,-1,-1
111,-1,33.09,614.22,1319.9,321.83,30.7,-1,-1
112,-1,20.74,620.66,1329.58,308.64,28.5,-1,-1
119,-1,15.98,584.08,1334.16,341.16,42.4,-1,-1
120,-1,15.35,578.16,1335.64,348.19,40.0,-1,-1
124,-1,10.25,586.47,1326.79,335.53,37.3,-1,-1
125,-1,12.92,578.75,1317.17,343.64,48.0,-1,-1
126,-1,14.06,579.31,1315.05,343.47,37.6,-1,-1
128,-1,19.54,579.65,1304.57,338.32,26.3,-1,-1
129,-1,20.12,571.28,1299.41,343.44,35.3,-1,-1
129,-1,0.91,609.5,309.51,234.89,27.9,-1,-1
130,-1,24.91,571.26,1289.39,338.44,29.9,-1,-1
130,-1,0.83,587.91,309.84,259.4,27.4,-1,-1
131,-1,0.81,582.72,305.77,262.54,44.6,-1,-1
131,-1,32.73,564.61,1281.16,348.39,36.5,-1,-1
132,-1,3.72,572.67,1288.64,343.25,35.0,-1,-1
133,-1,7.09,574.58,1290.25,339.18,49.9,-1,-1
134,-1,7.24,574.43,1290.14,339.45,50.0,-1,-1
135,-1,6.21,573.28,1277.31,337.76,51.2,-1,-1
136,-1,1.5,573.04,1275.4,336.97,55.2,-1,-1
137,-1,3.65,567.95,1272.39,346.84,57.8,-1,-1
138,-1,2.62,564.68,1272.27,351.57,60.7,-1,-1
139,-1,2.36,566.66,1271.93,347.42,60.9,-1,-1
140,-1,2.3,566.54,1272.02,347.84,61.0,-1,-1
141,-1,0.07,566.94,1267.67,346.88,64.7,-1,-1
142,-1,7.78,568.64,1271.73,350.21,58.5,-1,-1
143,-1,10.75,566.73,1273.98,352.32,51.6,-1,-1
144,-1,13.05,559.44,1272.91,357.89,47.3,-1,-1
145,-1,3.35,558.22,1278.46,362.12,56.6,-1,-1
146,-1,3.3,558.33,1278.1,362.12,56.7,-1,-1
147,-1,4.56,556.76,1286.63,375.76,47.1,-1,-1
148,-1,1.15,555.55,1288.9,384.96,37.4,-1,-1
149,-1,0.0,554.7,1293.56,400.97,27.5,-1,-1
150,-1,0.0,554.59,1284.46,399.13,30.2,-1,-1
151,-1,0.0,552.81,1282.22,402.31,30.0,-1,-1
152,-1,0.0,553.2,1281.94,401.56,30.5,-1,-1
154,-1,0.0,578.46,1286.36,380.48,35.9,-1,-1
155,-1,0.0,571.81,1282.5,396.28,25.5,-1,-1
156,-1,0.0,583.65,1271.39,376.15,44.6,-1,-1
157,-1,0.0,598.58,1271.59,355.59,46.9,-1,-1
158,-1,0.0,598.82,1271.59,355.26,46.8,-1,-1
159,-1,0.0,609.08,1262.94,347.25,43.9,-1,-1
160,-1,3.51,611.86,1265.14,345.29,27.4,-1,-1
161,-1,0.8,601.24,1267.82,362.31,26.3,-1,-1
162,-1,0.0,216.47,536.19,225.53,30.9,-1,-1
163,-1,0.0,614.76,1260.76,354.44,30.7,-1,-1
163,-1,0.0,219.46,532.41,219.52,29.5,-1,-1
164,-1,0.0,615.09,1260.7,353.89,30.7,-1,-1
164,-1,0.0,219.54,532.42,219.48,29.7,-1,-1
165,-1,0.0,640.11,561.83,229.35,49.3,-1,-1
165,-1,0.0,212.91,532.76,224.1,33.8,-1,-1
166,-1,0.0,206.62,529.63,229.28,32.8,-1,-1
166,-1,0.0,639.39,561.11,225.15,32.2,-1,-1
166,-1,2.28,618.06,1247.55,352.12,29.6,-1,-1
167,-1,1.45,613.46,1252.32,361.34,42.3,-1,-1
167,-1,0.0,640.66,558.5,223.99,40.5,-1,-1
168,-1,0.0,639.09,557.68,228.22,38.5,-1,-1
168,-1,3.76,624.06,1242.78,349.77,37.0,-1,-1
168,-1,0.03,215.26,526.94,220.95,32.2,-1,-1
170,-1,0.0,222.54,524.4,213.18,25.2,-1,-1
172,-1,0.0,631.56,1222.23,336.55,25.6,-1,-1
173,-1,0.0,632.15,1221.27,335.85,30.0,-1,-1
173,-1,0.0,238.85,516.46,202.91,27.0,-1,-1
174,-1,0.0,240.69,515.01,203.33,37.6,-1,-1
174,-1,0.0,629.87,1221.15,339.37,33.9,-1,-1
178,-1,0.0,633.45,1220.7,344.89,29.6,-1,-1
179,-1,0.0,634.84,1217.51,344.69,26.5,-1,-1
180,-1,5.85,636.84,1228.51,334.28,28.0,-1,-1
181,-1,0.26,269.07,511.67,183.19,26.3,-1,-1
182,-1,0.27,269.08,511.7,183.22,25.9,-1,-1
183,-1,7.42,642.97,1213.14,320.62,45.6,-1,-1
184,-1,370.56,649.23,843.55,305.71,38.3,-1,-1
185,-1,0.79,643.75,1208.3,328.64,56.9,-1,-1
186,-1,0.0,645.81,1213.87,337.01,56.2,-1,-1
187,-1,35.38,656.45,1192.35,314.73,39.2,-1,-1
187,-1,430.83,656.39,800.21,309.35,26.2,-1,-1
188,-1,31.91,656.42,1195.91,315.19,39.0,-1,-1
188,-1,427.61,656.36,803.53,309.63,25.9,-1,-1
189,-1,9.78,657.08,1223.63,318.58,35.5,-1,-1
190,-1,6.51,656.36,1218.63,310.02,56.6,-1,-1
191,-1,10.02,652.17,1220.65,321.2,35.9,-1,-1
191,-1,0.0,658.91,547.51,247.83,26.7,-1,-1
192,-1,0.0,653.14,1226.92,323.23,45.3,-1,-1
193,-1,6.08,646.38,1229.8,342.67,35.0,-1,-1
194,-1,6.09,646.64,1229.65,342.27,35.2,-1,-1
196,-1,7.81,645.87,1226.35,344.02,34.3,-1,-1
197,-1,0.0,644.96,1245.91,342.86,36.7,-1,-1
198,-1,0.0,644.15,1250.5,351.98,30.9,-1,-1
199,-1,0.0,642.72,1253.71,348.59,36.1,-1,-1
200,-1,0.0,642.82,1253.65,348.14,36.3,-1,-1
201,-1,0.0,645.36,1265.71,341.13,30.9,-1,-1
202,-1,0.0,649.98,1273.58,325.45,39.5,-1,-1
203,-1,0.0,651.3,1300.29,324.91,38.8,-1,-1
204,-1,0.0,646.24,1303.54,378.57,34.1,-1,-1
205,-1,0.0,652.86,1310.74,374.73,25.6,-1,-1
206,-1,0.0,652.86,1310.76,374.44,26.0,-1,-1
207,-1,0.0,655.47,1314.54,373.26,31.4,-1,-1
221,-1,8.95,727.51,1347.6,268.16,37.0,-1,-1
227,-1,0.0,696.03,584.43,229.36,34.7,-1,-1
231,-1,0.0,673.77,582.83,260.52,40.1,-1,-1
232,-1,0.0,668.1,586.15,264.06,37.4,-1,-1
234,-1,0.0,723.64,1262.51,275.65,33.0,-1,-1
235,-1,0.0,721.02,1255.63,267.84,31.5,-1,-1
236,-1,0.0,720.16,1255.78,269.83,29.8,-1,-1
237,-1,0.0,720.66,1265.48,282.87,45.2,-1,-1
238,-1,0.0,726.53,1269.66,281.82,45.8,-1,-1
238,-1,0.0,653.45,578.35,274.0,28.2,-1,-1
239,-1,0.0,722.56,1272.29,291.09,40.5,-1,-1
239,-1,0.0,652.06,576.85,276.16,38.2,-1,-1
240,-1,0.0,724.52,1273.13,275.89,49.6,-1,-1
240,-1,0.0,651.36,574.82,283.63,37.5,-1,-1
241,-1,0.75,726.47,1283.53,267.09,40.7,-1,-1
241,-1,0.0,655.73,566.91,273.6,38.2,-1,-1
242,-1,0.69,726.49,1283.73,267.41,41.0,-1,-1
242,-1,0.0,655.71,566.97,273.58,38.2,-1,-1
243,-1,0.0,726.03,1293.21,265.32,48.0,-1,-1
243,-1,0.0,657.32,574.29,273.1,32.9,-1,-1
244,-1,0.0,726.76,1299.65,273.87,51.0,-1,-1
244,-1,0.0,659.07,571.0,267.51,27.2,-1,-1
245,-1,0.0,728.87,1303.19,272.1,47.8,-1,-1
245,-1,0.0,658.62,561.91,271.01,32.3,-1,-1
245,-1,348.65,728.17,975.68,235.66,31.1,-1,-1
246,-1,0.0,726.8,1302.15,276.11,56.3,-1,-1
246,-1,347.96,727.99,968.51,237.49,39.0,-1,-1
246,-1,0.0,674.75,557.88,252.46,28.4,-1,-1
247,-1,0.0,727.51,1304.49,281.71,49.2,-1,-1
247,-1,0.0,678.95,557.2,249.85,37.4,-1,-1
247,-1,344.95,726.68,970.35,238.69,32.2,-1,-1
248,-1,0.0,727.55,1304.39,281.78,49.2,-1,-1
248,-1,0.0,679.39,557.1,249.48,37.4,-1,-1
248,-1,345.75,726.73,969.38,238.81,32.4,-1,-1
249,-1,0.0,727.75,1302.8,282.7,54.7,-1,-1
249,-1,0.0,698.13,559.14,230.06,27.0,-1,-1
250,-1,0.0,728.51,1302.95,272.9,51.5,-1,-1
250,-1,282.95,731.0,1028.13,227.57,28.7,-1,-1
250,-1,0.0,697.15,556.4,232.38,27.6,-1,-1
251,-1,0.0,728.9,1301.47,269.72,56.8,-1,-1
251,-1,224.81,737.67,1081.34,219.22,33.5,-1,-1
252,-1,0.0,724.23,1302.38,273.21,56.5,-1,-1
253,-1,0.0,723.83,1300.24,270.76,54.4,-1,-1
254,-1,0.0,723.8,1300.17,271.26,54.8,-1,-1
255,-1,0.0,726.42,1297.06,265.19,53.5,-1,-1
256,-1,0.0,725.63,1293.32,276.7,51.8,-1,-1
257,-1,0.0,725.17,1289.84,268.41,47.4,-1,-1
257,-1,0.0,708.03,547.7,226.45,26.2,-1,-1
258,-1,0.0,726.21,1304.91,262.11,42.2,-1,-1
259,-1,0.0,725.85,1287.38,259.8,55.0,-1,-1
260,-1,0.0,725.89,1287.39,259.62,55.2,-1,-1
261,-1,0.0,726.52,1300.85,252.78,51.1,-1,-1
262,-1,0.0,725.59,1311.69,254.06,52.7,-1,-1
263,-1,22.36,727.33,1301.18,239.01,51.8,-1,-1
264,-1,19.73,732.29,1330.54,229.75,38.3,-1,-1
264,-1,0.0,702.9,623.8,241.55,29.0,-1,-1
265,-1,27.46,733.34,1320.91,234.17,49.6,-1,-1
265,-1,0.0,709.11,629.16,235.5,32.1,-1,-1
266,-1,27.76,733.16,1320.83,234.57,49.6,-1,-1
266,-1,0.0,709.13,628.91,235.59,32.1,-1,-1
267,-1,31.45,720.28,1325.54,255.31,43.6,-1,-1
267,-1,0.0,705.35,633.91,237.65,38.0,-1,-1
268,-1,35.1,707.16,1298.66,273.48,61.3,-1,-1
269,-1,309.32,710.0,1040.56,267.25,58.8,-1,-1
270,-1,12.09,695.31,1349.38,295.33,55.7,-1,-1
270,-1,218.39,669.33,1126.38,290.26,28.7,-1,-1
271,-1,137.23,650.07,1215.53,330.37,52.2,-1,-1
272,-1,140.07,650.18,1212.74,330.46,51.6,-1,-1
273,-1,0.0,692.68,650.8,247.61,53.2,-1,-1
273,-1,65.59,641.92,1293.41,342.0,50.2,-1,-1
274,-1,8.31,645.1,1343.84,340.31,35.8,-1,-1
283,-1,1663.44,501.74,256.56,221.62,33.0,-1,-1
284,-1,1663.47,501.68,256.53,221.52,32.9,-1,-1
289,-1,1413.0,543.52,159.31,66.19,30.2,-1,-1
290,-1,1412.99,543.55,159.33,66.23,30.1,-1,-1
291,-1,1376.98,539.8,148.16,64.1,30.0,-1,-1
292,-1,1346.71,538.79,132.68,56.0,34.8,-1,-1
293,-1,1324.48,545.94,122.68,43.7,32.9,-1,-1
294,-1,1297.3,538.27,118.89,50.83,47.0,-1,-1
295,-1,1278.64,542.97,104.36,40.87,40.8,-1,-1
295,-1,1109.17,478.04,118.65,58.05,34.1,-1,-1
296,-1,1278.6,542.91,104.38,40.92,40.9,-1,-1
296,-1,1109.16,478.02,118.66,58.07,34.1,-1,-1
297,-1,1258.77,544.42,101.9,44.05,41.6,-1,-1
299,-1,1237.6,544.43,89.89,39.45,38.6,-1,-1
299,-1,1085.8,485.44,107.35,52.6,25.1,-1,-1
300,-1,1223.63,546.44,86.98,38.81,32.7,-1,-1
300,-1,1083.46,491.19,97.96,49.05,29.4,-1,-1
301,-1,1215.46,542.66,85.97,39.48,50.4,-1,-1
301,-1,29.83,534.41,445.7,203.64,25.8,-1,-1
302,-1,1215.46,542.66,85.98,39.47,50.5,-1,-1
302,-1,29.89,534.41,445.65,203.65,25.8,-1,-1
303,-1,1201.59,543.41,92.69,40.37,35.0,-1,-1
306,-1,145.66,542.38,396.9,164.36,31.1,-1,-1
309,-1,184.86,538.8,377.45,166.16,29.2,-1,-1
310,-1,195.17,536.1,369.44,164.39,28.0,-1,-1
315,-1,1161.92,550.96,78.84,32.99,47.4,-1,-1
316,-1,1157.67,551.76,75.9,33.18,41.5,-1,-1
317,-1,1152.16,551.91,78.67,32.56,29.1,-1,-1
318,-1,1148.38,552.49,77.66,32.05,28.0,-1,-1
330,-1,236.93,512.11,82.26,77.49,29.3,-1,-1
399,-1,807.8,549.82,76.54,91.71,30.8,-1,-1
400,-1,809.72,549.81,81.67,95.2,39.7,-1,-1
408,-1,904.28,548.63,78.68,89.2,28.2,-1,-1
409,-1,909.02,543.48,92.67,103.24,25.5,-1,-1
410,-1,909.03,543.49,92.67,103.25,25.4,-1,-1
414,-1,975.8,536.24,90.62,104.55,26.0,-1,-1
415,-1,999.7,534.61,89.0,102.97,32.7,-1,-1
416,-1,999.68,534.59,89.0,102.92,32.8,-1,-1
418,-1,1045.7,529.13,79.17,103.91,28.2,-1,-1
419,-1,1052.68,525.91,93.09,107.63,29.5,-1,-1
432,-1,1128.98,520.95,85.56,99.0,27.6,-1,-1
433,-1,1125.95,519.78,86.9,101.4,31.7,-1,-1
434,-1,1125.95,519.79,86.94,101.34,31.7,-1,-1
435,-1,1121.13,521.84,89.12,94.71,28.8,-1,-1
441,-1,1081.83,523.27,84.96,88.13,29.4,-1,-1
537,-1,951.91,529.45,69.01,85.75,27.0,-1,-1
569,-1,954.08,529.02,77.38,94.28,25.9,-1,-1
591,-1,953.43,528.38,74.0,88.07,25.8,-1,-1
592,-1,952.26,527.59,73.69,86.1,27.1,-1,-1
593,-1,952.03,527.08,73.45,86.49,25.7,-1,-1
623,-1,950.93,530.28,69.45,87.23,31.0,-1,-1
706,-1,416.7,510.78,79.04,114.04,27.0,-1,-1
708,-1,420.13,511.79,77.52,111.24,25.3,-1,-1
714,-1,419.72,505.89,81.87,114.46,25.5,-1,-1
715,-1,420.28,507.97,81.28,112.17,26.3,-1,-1
716,-1,420.28,507.93,81.29,112.22,26.3,-1,-1
717,-1,420.79,507.12,81.44,114.38,34.9,-1,-1
738,-1,996.61,519.33,71.96,94.5,26.0,-1,-1
743,-1,997.7,515.65,70.57,97.56,25.4,-1,-1
744,-1,998.75,515.78,70.26,93.67,30.6,-1,-1
745,-1,999.09,515.09,69.53,93.3,33.2,-1,-1
746,-1,999.08,515.1,69.54,93.32,33.1,-1,-1
747,-1,999.8,515.7,68.68,91.87,30.7,-1,-1
748,-1,999.83,515.98,69.89,92.3,34.5,-1,-1
749,-1,999.89,516.43,69.8,92.03,28.8,-1,-1
751,-1,1000.78,514.35,68.14,98.52,28.7,-1,-1
752,-1,1000.78,514.36,68.15,98.51,28.7,-1,-1
753,-1,1000.59,512.12,69.57,94.25,37.5,-1,-1
754,-1,1001.45,514.15,69.56,89.86,35.2,-1,-1
755,-1,1001.41,513.21,70.09,91.5,37.7,-1,-1
756,-1,1001.6,512.35,70.3,92.32,49.8,-1,-1
757,-1,1000.92,512.65,70.85,92.68,42.7,-1,-1
758,-1,1000.93,512.67,70.85,92.62,42.5,-1,-1
759,-1,1000.78,511.72,71.82,92.16,43.2,-1,-1
760,-1,1000.91,509.49,72.47,97.71,43.6,-1,-1
761,-1,1000.45,512.65,71.88,91.61,34.8,-1,-1
762,-1,1000.64,512.98,71.29,90.36,32.7,-1,-1
763,-1,1000.78,513.9,69.69,89.29,28.3,-1,-1
764,-1,1000.78,513.89,69.69,89.27,28.3,-1,-1
765,-1,1000.85,513.79,69.73,88.2,29.5,-1,-1
766,-1,1001.42,514.87,69.68,91.01,25.5,-1,-1
769,-1,1001.72,511.91,71.27,86.07,25.1,-1,-1
770,-1,1001.72,511.91,71.27,86.07,25.1,-1,-1
771,-1,1001.8,512.48,74.05,85.5,25.5,-1,-1
793,-1,1001.54,511.69,79.87,88.41,28.5,-1,-1
794,-1,1001.54,511.69,79.87,88.4,28.6,-1,-1
795,-1,1001.03,510.48,80.15,90.24,30.6,-1,-1
796,-1,1001.57,509.76,80.32,91.6,27.0,-1,-1
797,-1,1001.64,507.82,79.18,93.65,27.2,-1,-1
798,-1,1001.03,506.78,80.27,96.33,26.6,-1,-1
799,-1,1001.02,506.87,80.09,94.56,27.9,-1,-1
800,-1,1001.01,506.87,80.09,94.56,27.9,-1,-1
801,-1,1001.37,506.48,80.4,94.11,31.1,-1,-1
802,-1,1001.8,506.13,80.93,93.2,30.6,-1,-1
803,-1,1002.36,505.5,80.14,94.03,28.1,-1,-1
804,-1,1001.87,504.97,79.68,95.08,35.1,-1,-1
805,-1,1001.29,503.92,80.59,97.86,30.5,-1,-1
806,-1,1001.28,503.92,80.6,97.86,30.5,-1,-1
807,-1,1000.31,502.85,80.74,95.53,32.6,-1,-1
808,-1,1000.52,502.78,80.73,97.35,31.8,-1,-1
809,-1,1001.4,502.81,81.04,98.69,28.3,-1,-1
810,-1,1002.08,503.13,81.63,97.19,31.0,-1,-1
811,-1,1002.46,503.45,80.58,96.16,33.1,-1,-1
812,-1,1002.47,503.46,80.56,96.11,33.0,-1,-1
813,-1,1002.61,503.3,80.61,96.33,28.6,-1,-1
814,-1,1003.82,504.46,78.78,90.05,34.4,-1,-1
815,-1,1003.58,504.66,78.63,92.79,34.5,-1,-1
816,-1,1003.64,504.12,78.93,93.47,30.5,-1,-1
817,-1,1003.95,504.94,79.7,92.29,30.9,-1,-1
818,-1,1003.97,504.94,79.68,92.26,31.0,-1,-1
819,-1,1004.0,504.21,79.9,93.29,26.9,-1,-1
823,-1,1003.73,503.74,80.36,93.54,26.0,-1,-1
824,-1,1003.73,503.74,80.34,93.53,25.9,-1,-1
826,-1,1003.58,505.15,81.6,91.53,25.4,-1,-1
827,-1,1004.36,505.55,80.85,92.43,27.8,-1,-1
867,-1,1011.5,501.19,77.54,91.96,26.2,-1,-1
870,-1,1012.94,500.32,77.18,89.64,25.5,-1,-1
997,-1,1015.31,481.66,72.23,91.75,25.6,-1,-1
998,-1,1015.34,481.67,72.2,91.75,25.6,-1,-1
1062,-1,1019.12,473.64,73.82,81.46,26.3,-1,-1
1235,-1,172.46,592.79,237.37,89.08,28.1,-1,-1
1236,-1,171.08,592.21,238.33,90.18,27.5,-1,-1
1237,-1,170.8,591.75,240.03,91.11,30.8,-1,-1
1238,-1,170.81,591.75,240.03,91.11,30.8,-1,-1
1239,-1,169.29,593.82,241.9,90.27,34.6,-1,-1
1240,-1,166.31,596.85,245.17,86.02,33.3,-1,-1
1241,-1,167.41,595.25,244.09,87.71,32.0,-1,-1
1242,-1,164.08,594.02,247.07,87.59,28.4,-1,-1
1243,-1,164.6,600.34,244.16,79.98,27.0,-1,-1
1244,-1,164.64,600.43,244.11,79.91,27.2,-1,-1
1247,-1,162.21,595.21,244.51,86.81,27.5,-1,-1
1248,-1,160.89,592.94,246.98,89.6,25.3,-1,-1
1249,-1,160.04,594.11,247.51,87.21,27.3,-1,-1
1250,-1,160.01,594.1,247.54,87.24,27.3,-1,-1
1252,-1,161.21,596.76,248.83,83.79,25.6,-1,-1
1253,-1,161.91,591.64,247.86,88.03,27.3,-1,-1
1255,-1,156.73,593.96,255.86,84.25,26.4,-1,-1
1256,-1,156.73,593.95,255.97,84.25,26.3,-1,-1
1257,-1,154.73,597.87,258.9,79.79,27.2,-1,-1
1258,-1,158.14,596.12,255.84,81.56,27.6,-1,-1
1259,-1,156.87,599.19,255.96,78.01,30.2,-1,-1
1260,-1,150.66,599.55,261.74,78.23,25.7,-1,-1
1411,-1,927.8,428.38,83.16,83.26,28.0,-1,-1
1412,-1,927.8,428.38,83.15,83.26,28.0,-1,-1
1413,-1,927.07,428.09,81.85,82.99,29.6,-1,-1
1414,-1,926.23,426.74,80.57,83.12,29.9,-1,-1
1415,-1,926.32,425.47,78.76,82.86,25.8,-1,-1
1416,-1,927.06,426.09,77.44,81.54,29.2,-1,-1
1417,-1,927.24,427.13,75.67,79.1,28.4,-1,-1
1418,-1,927.26,427.15,75.67,79.08,28.5,-1,-1
1419,-1,927.98,427.43,75.45,78.27,33.2,-1,-1
1420,-1,928.28,428.03,73.99,77.43,29.5,-1,-1
1421,-1,928.3,426.8,76.45,79.01,32.9,-1,-1
1422,-1,928.31,427.86,73.34,77.59,29.4,-1,-1
1423,-1,927.81,429.0,73.38,77.86,30.1,-1,-1
1424,-1,927.81,428.99,73.37,77.87,30.1,-1,-1
1425,-1,927.41,428.76,74.05,78.96,35.5,-1,-1
1426,-1,926.38,429.16,75.71,82.24,38.2,-1,-1
1427,-1,926.37,429.46,74.72,80.25,31.8,-1,-1
1428,-1,925.92,429.11,73.59,78.7,31.7,-1,-1
1439,-1,918.61,427.25,73.71,77.07,25.5,-1,-1
1441,-1,913.27,429.24,77.71,76.74,25.3,-1,-1
1442,-1,913.25,429.23,77.76,76.79,25.3,-1,-1
1443,-1,912.25,428.76,77.84,77.77,25.6,-1,-1
1445,-1,909.31,429.16,79.58,78.6,27.8,-1,-1
1446,-1,907.75,428.47,80.84,81.01,26.1,-1,-1
1447,-1,906.15,429.06,82.52,85.09,26.2,-1,-1
1448,-1,906.14,429.06,82.51,85.07,26.2,-1,-1
1449,-1,906.44,428.62,81.7,81.97,31.1,-1,-1
1450,-1,906.91,428.29,81.8,81.12,33.8,-1,-1
1451,-1,906.56,427.86,81.56,80.51,35.7,-1,-1
1452,-1,905.5,428.13,81.99,82.07,36.2,-1,-1
1453,-1,905.14,426.24,82.77,85.45,43.9,-1,-1
1454,-1,905.14,426.25,82.77,85.44,43.9,-1,-1
1455,-1,900.73,428.24,82.54,86.4,40.4,-1,-1
1456,-1,899.43,427.44,81.92,88.29,37.3,-1,-1
1457,-1,903.58,424.55,78.52,89.85,33.4,-1,-1
1458,-1,902.95,424.34,77.48,89.63,33.9,-1,-1
1459,-1,903.12,425.18,77.03,89.67,36.3,-1,-1
1460,-1,903.12,425.19,77.02,89.64,36.1,-1,-1
1461,-1,903.94,427.22,76.68,87.32,31.7,-1,-1
1462,-1,903.77,427.59,77.4,87.29,30.1,-1,-1
1463,-1,903.52,427.44,79.02,87.3,31.0,-1,-1
1464,-1,903.04,426.37,79.56,88.58,30.8,-1,-1
1465,-1,902.34,426.49,80.54,89.26,33.1,-1,-1
1466,-1,902.33,426.49,80.56,89.27,33.1,-1,-1
1467,-1,902.66,427.86,79.68,87.65,28.7,-1,-1
1468,-1,903.25,427.57,79.58,86.65,29.2,-1,-1
1469,-1,903.46,427.0,79.99,87.43,29.7,-1,-1
1471,-1,903.62,425.98,78.43,90.49,28.9,-1,-1
1472,-1,903.62,425.99,78.42,90.45,28.8,-1,-1
1474,-1,903.71,426.12,75.76,88.85,28.2,-1,-1
1475,-1,903.41,426.81,72.17,86.52,31.4,-1,-1
1476,-1,903.33,425.23,72.01,89.67,28.4,-1,-1
1477,-1,902.15,424.21,72.57,91.35,28.6,-1,-1
1478,-1,902.16,424.22,72.56,91.33,28.6,-1,-1
1479,-1,902.29,424.44,71.77,90.19,28.2,-1,-1
1480,-1,902.3,423.56,71.54,89.99,28.0,-1,-1
1481,-1,901.68,424.0,72.15,91.16,27.0,-1,-1
1482,-1,900.42,425.57,72.71,91.76,29.4,-1,-1
1483,-1,900.19,424.92,69.82,91.05,27.0,-1,-1
1484,-1,900.19,424.91,69.82,91.05,27.0,-1,-1
1485,-1,899.62,425.17,69.18,90.43,28.5,-1,-1
1519,-1,781.58,491.61,83.16,89.55,28.6,-1,-1
1520,-1,781.58,491.61,83.16,89.54,28.5,-1,-1
1521,-1,781.34,490.6,83.88,90.83,30.3,-1,-1
1522,-1,781.52,491.05,83.57,89.87,35.6,-1,-1
1523,-1,781.6,490.5,83.12,89.3,29.9,-1,-1
1524,-1,781.6,492.21,83.19,87.41,35.0,-1,-1
1525,-1,781.54,492.37,83.58,87.93,34.9,-1,-1
1526,-1,781.54,492.37,83.61,87.94,34.9,-1,-1
1527,-1,779.78,494.51,86.35,90.8,36.6,-1,-1
1528,-1,781.05,492.71,83.3,88.73,37.1,-1,-1
1529,-1,781.04,493.49,83.95,87.62,35.0,-1,-1
1530,-1,781.16,492.67,83.45,88.2,39.0,-1,-1
1531,-1,780.74,492.37,82.78,88.71,42.1,-1,-1
1532,-1,780.72,492.37,82.78,88.71,42.1,-1,-1
1533,-1,780.53,491.99,82.92,87.87,37.5,-1,-1
1534,-1,780.97,491.12,83.52,88.02,45.0,-1,-1
1535,-1,781.05,490.97,85.57,86.57,45.1,-1,-1
1535,-1,874.7,418.51,75.38,93.16,25.3,-1,-1
1536,-1,780.79,488.69,85.99,89.2,46.2,-1,-1
1536,-1,873.67,420.11,74.8,92.92,25.7,-1,-1
1537,-1,780.06,489.34,86.39,88.68,46.3,-1,-1
1537,-1,874.4,419.4,73.02,91.72,25.8,-1,-1
1538,-1,780.06,489.32,86.4,88.7,46.3,-1,-1
1538,-1,874.4,419.42,73.01,91.7,25.8,-1,-1
1539,-1,779.96,489.85,86.2,87.88,41.6,-1,-1
1539,-1,873.97,418.93,73.33,90.59,31.6,-1,-1
1540,-1,780.28,489.63,86.63,87.41,40.9,-1,-1
1540,-1,872.69,421.33,74.58,89.19,32.1,-1,-1
1541,-1,780.12,489.56,87.07,86.82,39.1,-1,-1
1541,-1,874.29,422.91,74.1,83.74,28.4,-1,-1
1542,-1,780.31,489.34,86.53,86.43,39.4,-1,-1
1542,-1,873.6,425.11,75.05,83.04,28.0,-1,-1
1543,-1,780.25,489.94,86.66,86.44,38.2,-1,-1
1543,-1,874.86,424.28,74.55,79.35,28.1,-1,-1
1544,-1,780.25,489.95,86.66,86.44,38.2,-1,-1
1544,-1,874.86,424.28,74.55,79.35,28.1,-1,-1
1545,-1,779.56,489.76,86.38,86.47,34.0,-1,-1
1546,-1,780.29,490.04,86.03,85.17,34.6,-1,-1
1547,-1,780.29,490.17,85.68,85.27,34.7,-1,-1
1548,-1,776.78,486.43,90.34,91.28,34.8,-1,-1
1549,-1,780.21,490.05,85.53,86.15,37.2,-1,-1
1550,-1,780.22,490.04,85.54,86.16,37.2,-1,-1
1551,-1,780.4,489.79,85.82,86.62,36.9,-1,-1
1552,-1,777.94,487.02,88.24,90.8,36.7,-1,-1
1553,-1,778.59,488.48,87.23,89.09,34.1,-1,-1
1554,-1,779.17,488.27,87.03,89.19,34.1,-1,-1
1555,-1,780.33,489.74,83.7,86.97,38.1,-1,-1
1556,-1,780.33,489.75,83.71,86.97,38.1,-1,-1
1557,-1,780.52,490.66,83.28,85.33,37.1,-1,-1
1558,-1,780.62,490.63,83.27,85.48,37.8,-1,-1
1559,-1,780.41,489.47,82.98,86.15,37.6,-1,-1
1560,-1,780.67,491.69,84.6,83.34,35.1,-1,-1
1561,-1,780.28,493.43,86.46,81.75,33.4,-1,-1
1562,-1,780.27,493.46,86.46,81.71,33.4,-1,-1
1563,-1,780.05,491.9,85.72,83.98,34.5,-1,-1
1564,-1,780.01,490.84,85.97,85.54,28.3,-1,-1
1565,-1,777.93,489.55,88.35,90.0,30.4,-1,-1
1566,-1,864.49,425.8,79.16,88.56,26.4,-1,-1
1566,-1,777.47,489.01,88.27,91.19,26.4,-1,-1
1567,-1,863.8,424.89,79.47,88.27,25.6,-1,-1
1568,-1,863.93,424.92,79.36,88.19,25.5,-1,-1
1569,-1,863.81,425.67,79.6,87.88,26.9,-1,-1
1570,-1,866.22,425.55,77.73,81.97,29.3,-1,-1
1570,-1,779.77,489.85,84.93,89.54,26.0,-1,-1
1571,-1,868.94,425.92,74.4,76.16,30.7,-1,-1
1571,-1,779.54,490.09,84.59,89.16,28.4,-1,-1
1572,-1,868.3,424.93,75.15,76.99,31.2,-1,-1
1572,-1,779.6,490.33,84.88,89.15,26.2,-1,-1
1573,-1,869.46,425.13,72.99,72.87,29.7,-1,-1
1573,-1,778.62,491.23,84.68,88.85,27.2,-1,-1
1574,-1,869.46,425.13,73.0,72.88,29.7,-1,-1
1574,-1,778.62,491.23,84.68,88.85,27.2,-1,-1
1575,-1,868.8,425.31,73.93,74.35,32.0,-1,-1
1575,-1,778.83,491.56,83.8,86.96,26.7,-1,-1
1576,-1,869.74,424.94,72.82,76.11,29.4,-1,-1
1576,-1,778.67,489.98,83.6,88.66,28.7,-1,-1
1577,-1,868.24,424.86,75.14,83.24,29.5,-1,-1
1577,-1,778.31,488.94,85.45,91.81,27.6,-1,-1
1578,-1,867.92,425.63,75.35,82.71,29.6,-1,-1
1578,-1,779.24,489.21,84.34,91.33,25.2,-1,-1
1579,-1,866.45,425.39,76.49,85.79,27.9,-1,-1
1579,-1,779.23,489.67,84.59,90.73,25.7,-1,-1
1580,-1,866.47,425.4,76.41,85.64,27.9,-1,-1
1580,-1,779.24,489.68,84.58,90.73,25.6,-1,-1
1581,-1,864.19,425.95,79.09,87.63,29.4,-1,-1
1582,-1,863.03,423.67,78.95,92.02,30.5,-1,-1
1583,-1,862.42,423.85,79.91,94.5,32.0,-1,-1
1584,-1,862.24,420.76,78.67,95.7,31.1,-1,-1
1585,-1,861.86,420.51,78.7,97.08,26.0,-1,-1
1586,-1,861.86,420.51,78.7,97.07,25.9,-1,-1
1587,-1,860.91,421.06,79.57,98.36,28.4,-1,-1
1588,-1,861.22,422.47,79.09,97.85,26.3,-1,-1
1589,-1,861.52,422.15,79.22,99.46,26.5,-1,-1
1591,-1,862.23,422.67,77.4,97.41,25.6,-1,-1
1592,-1,862.26,422.68,77.36,97.31,25.6,-1,-1
1593,-1,861.37,422.83,78.43,96.46,29.1,-1,-1
1594,-1,860.88,422.27,79.05,98.79,29.2,-1,-1
1595,-1,859.9,419.56,79.7,100.19,29.6,-1,-1
1596,-1,859.82,419.09,78.95,99.92,25.1,-1,-1
1600,-1,857.78,418.79,79.54,99.33,27.5,-1,-1
1601,-1,857.44,416.79,78.01,100.44,27.8,-1,-1
1602,-1,857.38,414.63,78.3,99.07,28.3,-1,-1
1603,-1,857.1,418.1,77.88,90.54,31.0,-1,-1
1604,-1,857.1,418.1,77.9,90.52,31.1,-1,-1
1605,-1,857.35,417.62,78.72,90.86,39.3,-1,-1
1606,-1,857.7,419.35,78.34,88.56,37.4,-1,-1
1607,-1,857.65,419.14,77.35,89.66,33.8,-1,-1
1608,-1,858.06,419.11,77.24,89.67,32.8,-1,-1
1609,-1,859.03,420.37,77.82,87.21,31.0,-1,-1
1610,-1,859.03,420.37,77.83,87.21,31.0,-1,-1
1611,-1,858.85,419.35,78.15,85.09,29.2,-1,-1
1612,-1,857.83,418.83,77.07,87.3,28.8,-1,-1
1620,-1,857.44,418.76,73.98,84.26,27.7,-1,-1
1621,-1,857.85,420.86,73.22,82.84,25.1,-1,-1
1622,-1,857.86,420.86,73.22,82.81,25.1,-1,-1
1623,-1,858.23,420.79,73.52,81.94,25.9,-1,-1
1624,-1,858.02,421.7,73.03,81.09,28.0,-1,-1
1625,-1,857.11,421.02,71.04,82.89,28.6,-1,-1
1626,-1,856.87,420.4,70.46,82.63,30.2,-1,-1
1627,-1,856.4,419.03,71.21,81.31,29.8,-1,-1
1628,-1,856.41,419.03,71.21,81.28,29.7,-1,-1
1629,-1,856.7,420.03,70.66,80.25,27.7,-1,-1
1632,-1,856.71,420.92,71.66,84.51,27.1,-1,-1
1633,-1,856.41,421.03,71.91,84.57,30.4,-1,-1
1634,-1,856.41,421.04,71.9,84.6,30.5,-1,-1
1635,-1,856.68,421.1,72.03,81.25,26.1,-1,-1
1636,-1,856.98,421.09,73.31,81.34,28.3,-1,-1
1637,-1,857.03,421.1,72.96,81.5,30.9,-1,-1
1638,-1,857.45,420.94,73.53,82.27,30.7,-1,-1
1639,-1,857.53,421.08,73.41,81.86,29.7,-1,-1
1640,-1,857.54,421.09,73.4,81.77,29.6,-1,-1
1641,-1,857.69,420.51,73.15,82.69,29.5,-1,-1
1642,-1,857.37,419.17,73.34,82.32,30.1,-1,-1
1643,-1,857.49,419.1,71.72,82.87,30.1,-1,-1
1644,-1,857.23,419.15,71.33,84.57,26.9,-1,-1
1645,-1,857.55,419.26,69.56,83.83,26.8,-1,-1
1646,-1,857.54,419.25,69.57,83.84,26.9,-1,-1
1647,-1,857.73,419.49,71.67,81.99,27.8,-1,-1
1648,-1,857.63,419.93,71.66,82.27,26.4,-1,-1
1649,-1,856.9,418.99,73.97,85.26,28.9,-1,-1
1650,-1,856.42,417.76,73.5,87.32,31.8,-1,-1
1651,-1,855.87,417.84,74.73,90.04,34.7,-1,-1
1652,-1,855.87,417.84,74.72,90.06,34.6,-1,-1
1653,-1,856.23,418.74,74.4,88.97,32.3,-1,-1
1654,-1,855.78,418.59,74.31,89.05,34.0,-1,-1
1655,-1,855.94,418.85,74.0,88.28,34.8,-1,-1
1656,-1,856.26,419.43,76.21,88.62,38.8,-1,-1
1657,-1,855.74,419.91,75.92,90.65,40.5,-1,-1
1658,-1,855.74,419.91,75.94,90.65,40.6,-1,-1
1659,-1,856.19,419.99,77.05,91.38,42.0,-1,-1
1660,-1,855.99,419.38,77.32,90.97,41.2,-1,-1
1661,-1,856.34,420.11,79.23,90.33,35.2,-1,-1
1662,-1,856.0,420.87,78.35,91.29,33.3,-1,-1
1663,-1,855.95,420.88,79.53,90.9,31.7,-1,-1
1664,-1,855.95,420.87,79.55,90.88,31.8,-1,-1
1665,-1,856.17,421.17,78.11,91.81,25.5,-1,-1
1669,-1,855.57,421.5,75.8,86.26,25.6,-1,-1
1670,-1,855.56,421.49,75.82,86.26,25.6,-1,-1
2019,-1,27.08,419.34,95.43,115.24,25.9,-1,-1
2020,-1,10.9,419.22,106.48,112.96,28.3,-1,-1
2021,-1,3.84,423.53,108.96,111.6,25.1,-1,-1
2025,-1,305.73,222.06,104.93,46.62,34.5,-1,-1
2027,-1,333.84,221.14,103.41,46.29,31.7,-1,-1
2027,-1,0.65,422.98,105.09,115.03,25.6,-1,-1
2028,-1,353.58,219.6,103.23,47.37,30.5,-1,-1
2028,-1,0.66,423.92,105.16,112.49,25.4,-1,-1
2029,-1,366.49,219.67,95.52,45.86,34.2,-1,-1
2030,-1,366.56,219.67,95.48,45.85,34.5,-1,-1
2031,-1,381.23,219.06,100.51,45.66,63.8,-1,-1
2032,-1,391.88,218.74,96.39,45.33,33.2,-1,-1
2033,-1,406.19,217.96,103.08,45.39,35.0,-1,-1
2034,-1,423.7,215.68,100.1,46.32,33.9,-1,-1
2035,-1,434.72,216.8,97.44,45.56,25.2,-1,-1
2036,-1,434.72,216.78,97.43,45.58,25.2,-1,-1
2037,-1,447.73,214.09,103.86,47.63,28.7,-1,-1
2038,-1,465.25,214.99,95.66,46.72,43.2,-1,-1
2039,-1,477.3,213.85,99.32,46.77,44.0,-1,-1
2040,-1,487.86,214.55,98.04,46.57,30.5,-1,-1
2046,-1,563.39,207.84,94.02,50.71,28.7,-1,-1
2056,-1,668.85,200.38,98.28,45.76,25.8,-1,-1
2059,-1,705.92,201.68,96.28,43.97,35.9,-1,-1
2060,-1,705.96,201.68,96.24,43.96,35.8,-1,-1
2061,-1,718.48,200.86,100.17,43.13,44.8,-1,-1
2062,-1,735.7,200.52,87.85,42.17,42.0,-1,-1
2063,-1,745.03,199.77,99.09,43.92,42.4,-1,-1
2064,-1,761.41,200.16,93.15,42.87,43.4,-1,-1
2065,-1,770.49,197.93,98.38,44.61,40.5,-1,-1
2066,-1,770.37,197.93,98.45,44.6,41.0,-1,-1
2067,-1,787.94,200.0,98.55,44.26,31.0,-1,-1
2068,-1,806.47,201.26,88.79,42.41,38.1,-1,-1
2069,-1,814.6,197.32,95.57,43.94,41.3,-1,-1
2070,-1,831.14,198.23,88.18,42.93,36.1,-1,-1
2071,-1,844.16,196.57,92.42,43.62,34.2,-1,-1
2072,-1,844.15,196.55,92.46,43.62,34.3,-1,-1
2073,-1,856.04,196.43,89.46,42.98,35.3,-1,-1
2074,-1,869.21,196.71,90.22,42.81,34.9,-1,-1
2075,-1,880.99,196.14,90.37,42.95,29.0,-1,-1
2076,-1,895.46,196.5,90.04,42.29,27.0,-1,-1
2077,-1,908.0,194.71,86.38,43.5,32.0,-1,-1
2078,-1,907.97,194.68,86.4,43.53,31.9,-1,-1
2079,-1,919.0,195.47,90.35,43.25,30.6,-1,-1
2081,-1,946.13,195.68,89.99,42.66,33.2,-1,-1
2082,-1,955.7,193.6,95.36,44.29,26.9,-1,-1
2083,-1,969.5,193.65,91.11,43.66,27.5,-1,-1
2084,-1,969.39,193.62,91.22,43.67,27.5,-1,-1
2085,-1,983.22,193.6,95.2,43.18,29.8,-1,-1
2091,-1,1049.0,189.59,87.05,43.2,35.8,-1,-1
2092,-1,1056.48,189.1,91.95,42.08,27.8,-1,-1
2105,-1,1193.34,179.01,86.4,44.44,29.3,-1,-1
2110,-1,1242.46,176.62,84.49,42.13,40.4,-1,-1
2113,-1,1272.63,174.36,93.5,44.62,26.3,-1,-1
2114,-1,1272.66,174.36,93.48,44.61,26.3,-1,-1
2115,-1,1288.69,175.57,84.53,43.16,30.0,-1,-1
2119,-1,1341.32,174.73,80.83,43.0,28.5,-1,-1
2120,-1,1341.34,174.74,80.85,43.0,28.4,-1,-1
2286,-1,854.83,294.66,71.56,87.32,26.3,-1,-1
2293,-1,854.66,298.84,74.28,86.12,25.9,-1,-1
2294,-1,854.66,298.84,74.28,86.13,25.8,-1,-1
