4,-1,457.4,432.28,33.16,64.53,25.6,-1,-1
27,-1,350.17,380.83,24.46,94.17,28.5,-1,-1
29,-1,630.03,0.0,602.08,882.74,28.5,-1,-1
47,-1,300.05,341.84,39.57,99.29,33.8,-1,-1
57,-1,675.18,0.0,628.12,868.9,44.4,-1,-1
81,-1,489.94,333.41,22.78,49.63,28.7,-1,-1
87,-1,340.48,752.92,29.63,63.85,40.7,-1,-1
87,-1,347.37,304.36,26.3,55.7,27.7,-1,-1
93,-1,647.26,0.0,689.04,842.15,30.3,-1,-1
112,-1,78.13,242.82,63.97,117.9,27.3,-1,-1
113,-1,0.49,225.33,57.82,140.97,31.9,-1,-1
121,-1,605.13,0.0,684.47,805.68,25.2,-1,-1
122,-1,123.69,745.65,30.37,54.82,25.7,-1,-1
124,-1,592.83,0.0,694.18,796.8,35.6,-1,-1
125,-1,593.35,0.0,696.32,792.45,36.2,-1,-1
126,-1,91.49,734.63,33.47,66.16,30.4,-1,-1
126,-1,0.18,708.22,26.92,80.64,25.5,-1,-1
127,-1,82.53,730.07,35.8,68.77,25.5,-1,-1
128,-1,82.46,729.73,35.95,69.13,26.5,-1,-1
136,-1,23.24,713.57,36.79,72.61,26.4,-1,-1
138,-1,10.95,716.52,33.33,65.06,28.0,-1,-1
139,-1,586.39,0.0,656.68,805.21,53.1,-1,-1
140,-1,586.46,0.0,656.77,805.35,52.5,-1,-1
141,-1,583.5,0.0,662.9,796.59,26.5,-1,-1
142,-1,574.77,0.0,666.31,809.79,33.2,-1,-1
143,-1,570.67,0.0,674.23,813.89,50.2,-1,-1
144,-1,561.88,0.0,682.99,797.93,28.8,-1,-1
145,-1,562.61,0.0,680.12,804.14,43.4,-1,-1
146,-1,561.76,0.0,681.19,804.19,43.7,-1,-1
147,-1,567.36,0.0,674.62,805.3,52.1,-1,-1
150,-1,594.34,0.0,645.1,823.49,25.8,-1,-1
161,-1,1875.96,152.17,43.77,224.4,41.3,-1,-1
162,-1,1869.06,146.63,50.63,229.93,45.0,-1,-1
162,-1,1883.26,153.06,36.39,187.85,32.3,-1,-1
162,-1,1875.89,158.82,43.02,140.35,30.0,-1,-1
163,-1,1872.87,159.34,45.58,141.94,45.8,-1,-1
163,-1,1871.86,157.17,46.99,209.64,32.9,-1,-1
164,-1,1872.88,159.38,45.57,141.9,45.6,-1,-1
164,-1,1859.64,149.85,59.76,224.66,33.1,-1,-1
165,-1,1862.4,158.07,57.14,223.12,39.9,-1,-1
166,-1,1858.16,158.68,60.87,230.6,39.5,-1,-1
167,-1,1833.65,156.66,85.51,235.93,33.3,-1,-1
173,-1,490.16,0.0,712.31,860.14,58.5,-1,-1
174,-1,497.4,0.0,708.18,869.24,64.0,-1,-1
175,-1,504.59,0.0,686.37,875.3,30.2,-1,-1
176,-1,506.52,0.0,684.26,875.07,30.4,-1,-1
177,-1,507.8,0.0,688.6,872.84,36.9,-1,-1
178,-1,492.59,0.0,709.41,896.67,42.6,-1,-1
181,-1,519.8,0.0,668.32,888.22,33.1,-1,-1
182,-1,517.91,0.0,670.37,888.27,33.8,-1,-1
183,-1,23.44,336.38,29.63,53.74,34.9,-1,-1
189,-1,517.02,0.0,664.9,901.34,25.5,-1,-1
191,-1,514.79,0.0,682.7,890.04,30.9,-1,-1
191,-1,0.03,293.81,17.81,109.61,29.2,-1,-1
192,-1,510.36,0.0,694.99,900.91,42.3,-1,-1
192,-1,0.04,290.85,19.04,114.38,27.0,-1,-1
193,-1,516.92,0.0,674.27,905.7,50.8,-1,-1
194,-1,516.9,0.0,674.31,905.71,51.7,-1,-1
195,-1,533.81,0.0,653.97,913.31,64.0,-1,-1
196,-1,529.29,0.0,656.82,906.83,38.0,-1,-1
197,-1,540.6,0.0,646.5,904.76,26.7,-1,-1
198,-1,555.83,0.0,630.66,908.37,53.5,-1,-1
199,-1,564.12,0.0,622.98,917.17,44.0,-1,-1
200,-1,564.02,0.0,622.98,917.19,43.2,-1,-1
201,-1,567.15,0.0,621.36,919.54,42.4,-1,-1
202,-1,560.3,0.0,662.04,915.4,25.4,-1,-1
203,-1,562.77,0.0,679.29,929.9,28.2,-1,-1
204,-1,574.57,0.0,672.82,922.44,27.6,-1,-1
207,-1,556.83,0.0,717.24,921.6,56.2,-1,-1
208,-1,556.33,0.53,714.69,930.1,58.9,-1,-1
209,-1,560.51,0.0,707.08,928.31,53.4,-1,-1
210,-1,571.26,0.0,696.42,931.94,54.1,-1,-1
211,-1,547.99,0.0,731.84,937.35,71.0,-1,-1
212,-1,547.05,0.0,732.86,937.36,70.2,-1,-1
213,-1,633.24,0.0,648.46,936.95,62.7,-1,-1
214,-1,564.83,10.96,761.06,926.69,66.1,-1,-1
219,-1,557.76,15.66,664.66,952.75,29.6,-1,-1
223,-1,541.87,0.0,587.82,942.67,37.4,-1,-1
224,-1,541.35,0.0,589.65,943.52,37.1,-1,-1
256,-1,772.31,0.92,514.18,941.78,39.2,-1,-1
257,-1,673.38,0.0,626.14,942.41,52.9,-1,-1
258,-1,791.63,8.19,503.6,936.04,41.2,-1,-1
258,-1,1456.17,446.41,22.78,60.88,27.8,-1,-1
259,-1,690.38,0.0,604.71,944.0,35.0,-1,-1
260,-1,690.88,0.0,604.11,943.9,35.2,-1,-1
261,-1,644.62,0.0,647.27,945.28,55.4,-1,-1
262,-1,649.09,0.0,649.71,946.98,38.6,-1,-1
263,-1,611.66,20.21,692.71,914.25,32.0,-1,-1
264,-1,607.39,6.96,707.11,927.17,38.6,-1,-1
265,-1,606.3,0.0,711.53,950.99,33.2,-1,-1
266,-1,605.23,0.0,712.6,951.03,33.3,-1,-1
267,-1,656.76,0.0,658.42,946.65,49.5,-1,-1
268,-1,649.52,5.09,669.28,943.68,29.6,-1,-1
273,-1,718.51,0.0,600.51,910.7,43.2,-1,-1
274,-1,684.5,0.0,609.03,895.65,59.5,-1,-1
275,-1,700.42,0.0,578.47,873.1,51.3,-1,-1
276,-1,714.65,0.0,573.61,859.3,48.4,-1,-1
277,-1,726.41,30.92,543.53,827.57,43.2,-1,-1
278,-1,726.44,30.95,543.38,827.14,43.8,-1,-1
279,-1,752.84,66.2,500.95,918.21,58.0,-1,-1
281,-1,777.06,152.41,403.67,629.63,65.6,-1,-1
282,-1,788.17,176.64,372.03,584.13,58.0,-1,-1
283,-1,802.51,221.26,340.54,521.8,45.9,-1,-1
284,-1,802.51,221.39,340.49,521.72,45.8,-1,-1
285,-1,806.59,260.67,306.86,456.29,79.5,-1,-1
286,-1,822.56,289.02,279.19,413.57,80.2,-1,-1
287,-1,840.34,294.43,241.58,394.17,85.3,-1,-1
288,-1,844.95,302.92,224.54,378.15,85.4,-1,-1
288,-1,429.64,550.53,44.95,103.79,30.3,-1,-1
289,-1,854.22,325.48,204.24,343.92,74.9,-1,-1
289,-1,846.57,321.1,159.88,342.09,34.6,-1,-1
290,-1,854.12,325.21,204.36,344.23,75.0,-1,-1
290,-1,846.37,320.93,159.82,342.27,34.7,-1,-1
291,-1,850.35,345.6,193.41,308.16,78.0,-1,-1
292,-1,852.42,350.03,181.38,297.47,74.6,-1,-1
292,-1,505.41,567.9,39.71,61.38,32.4,-1,-1
293,-1,851.08,360.2,172.66,281.37,68.4,-1,-1
293,-1,528.8,562.91,32.86,63.77,59.5,-1,-1
294,-1,851.55,376.04,167.38,258.13,64.6,-1,-1
294,-1,535.61,554.66,36.64,67.25,34.2,-1,-1
295,-1,857.07,382.19,153.07,249.31,52.0,-1,-1
295,-1,558.31,554.8,34.73,63.14,48.7,-1,-1
296,-1,857.09,382.32,153.05,249.21,51.9,-1,-1
296,-1,558.4,554.7,34.66,63.24,48.6,-1,-1
297,-1,573.48,555.37,29.78,56.37,37.2,-1,-1
297,-1,876.1,401.64,134.84,230.81,32.2,-1,-1
298,-1,582.48,560.7,28.84,52.17,53.6,-1,-1
298,-1,865.7,391.88,143.98,239.57,27.3,-1,-1
300,-1,603.84,551.15,30.2,55.39,33.9,-1,-1
301,-1,861.19,403.21,139.23,220.75,32.0,-1,-1
302,-1,861.23,403.71,139.18,220.25,32.3,-1,-1
304,-1,0.04,428.44,36.53,179.44,33.8,-1,-1
307,-1,883.85,430.14,106.06,182.81,25.6,-1,-1
312,-1,1710.05,584.22,24.66,49.43,32.4,-1,-1
316,-1,1734.48,582.53,23.95,52.56,44.4,-1,-1
316,-1,1681.35,577.34,24.9,56.44,39.3,-1,-1
321,-1,904.02,427.25,83.77,173.34,50.7,-1,-1
331,-1,957.34,490.91,34.75,85.36,34.4,-1,-1
331,-1,947.63,490.49,42.8,91.44,31.3,-1,-1
332,-1,957.44,490.79,34.64,85.44,33.7,-1,-1
332,-1,947.52,490.33,42.8,91.63,30.5,-1,-1
333,-1,951.94,494.5,40.72,81.99,50.2,-1,-1
334,-1,953.84,493.4,38.74,83.91,45.5,-1,-1
335,-1,963.88,497.54,29.71,78.17,28.8,-1,-1
336,-1,963.38,499.22,35.93,78.89,40.4,-1,-1
336,-1,375.21,502.92,51.32,94.43,39.2,-1,-1
339,-1,977.17,507.05,36.31,74.82,45.6,-1,-1
340,-1,977.36,502.23,43.12,82.33,54.2,-1,-1
341,-1,983.51,501.95,46.75,85.68,38.8,-1,-1
342,-1,997.78,510.73,40.78,78.3,43.6,-1,-1
346,-1,1024.25,518.95,37.74,77.75,31.0,-1,-1
346,-1,0.0,237.13,44.63,435.42,26.5,-1,-1
347,-1,0.0,228.55,50.33,448.54,30.8,-1,-1
348,-1,1045.55,528.03,38.58,78.79,41.8,-1,-1
348,-1,472.86,531.79,46.31,92.2,37.6,-1,-1
351,-1,1064.84,531.78,43.16,79.59,49.5,-1,-1
352,-1,1078.05,535.09,41.15,76.5,25.2,-1,-1
353,-1,1096.42,539.35,35.13,76.55,38.2,-1,-1
354,-1,1105.25,542.83,35.08,73.72,31.4,-1,-1
354,-1,1353.14,756.75,33.61,58.8,26.3,-1,-1
355,-1,1119.61,543.43,37.12,79.0,46.5,-1,-1
356,-1,1119.57,543.43,37.14,79.05,46.4,-1,-1
358,-1,1143.42,548.92,38.08,76.17,63.9,-1,-1
360,-1,1169.01,549.72,37.63,75.7,55.0,-1,-1
361,-1,611.15,546.21,48.84,97.3,71.2,-1,-1
361,-1,1178.57,549.28,35.86,81.23,56.2,-1,-1
362,-1,611.15,546.01,48.84,97.51,71.5,-1,-1
362,-1,1178.62,549.25,35.82,81.21,56.4,-1,-1
363,-1,1193.71,549.18,35.94,78.57,51.2,-1,-1
363,-1,620.05,525.78,55.45,121.63,37.5,-1,-1
364,-1,634.03,547.32,50.58,96.31,56.0,-1,-1
364,-1,1199.37,544.59,39.11,85.67,55.8,-1,-1
365,-1,1216.52,549.59,38.59,78.55,59.9,-1,-1
365,-1,645.03,524.38,53.96,122.18,34.4,-1,-1
366,-1,1227.1,549.24,35.07,80.64,49.9,-1,-1
367,-1,1241.45,549.09,35.61,79.16,63.6,-1,-1
368,-1,1241.42,549.06,35.63,79.14,63.5,-1,-1
369,-1,1251.16,550.38,35.97,79.06,49.7,-1,-1
369,-1,688.52,561.0,44.59,78.91,37.7,-1,-1
370,-1,1266.42,548.86,38.63,78.97,41.8,-1,-1
372,-1,1287.86,547.95,38.24,78.78,43.4,-1,-1
373,-1,1301.92,546.11,32.52,79.09,43.6,-1,-1
374,-1,1301.97,546.16,32.47,79.05,43.8,-1,-1
375,-1,1310.28,546.73,39.1,77.52,59.3,-1,-1
376,-1,1321.67,540.48,33.74,83.66,56.1,-1,-1
376,-1,755.53,552.14,48.37,82.76,44.2,-1,-1
377,-1,764.62,536.98,49.4,98.62,41.6,-1,-1
377,-1,1330.13,542.52,38.09,82.2,35.8,-1,-1
378,-1,1337.14,541.46,36.82,80.73,72.7,-1,-1
379,-1,784.0,550.8,44.62,81.81,51.6,-1,-1
379,-1,1347.3,538.61,33.71,81.35,28.9,-1,-1
380,-1,784.0,550.75,44.57,81.83,51.2,-1,-1
380,-1,1347.19,538.55,33.84,81.41,28.3,-1,-1
382,-1,790.73,552.08,48.1,81.09,38.5,-1,-1
382,-1,1361.36,537.81,37.14,81.57,27.5,-1,-1
383,-1,1366.59,536.47,37.97,82.41,49.2,-1,-1
383,-1,792.15,549.47,48.14,83.27,36.3,-1,-1
384,-1,792.71,548.82,49.25,83.58,43.1,-1,-1
384,-1,1371.36,534.89,39.63,83.87,30.2,-1,-1
385,-1,350.6,545.18,54.15,134.44,44.8,-1,-1
385,-1,1378.85,537.18,38.19,80.34,44.4,-1,-1
385,-1,794.75,549.49,50.05,83.56,43.4,-1,-1
386,-1,1379.03,537.2,38.02,80.28,44.1,-1,-1
386,-1,350.67,545.8,54.03,133.81,44.1,-1,-1
386,-1,794.8,549.51,50.0,83.52,43.2,-1,-1
387,-1,1384.31,535.7,38.43,83.39,54.8,-1,-1
387,-1,800.54,548.38,45.65,84.98,35.5,-1,-1
388,-1,1388.72,535.0,35.78,87.79,43.8,-1,-1
389,-1,1391.98,533.79,40.34,89.97,49.1,-1,-1
390,-1,1402.15,537.28,39.59,87.62,54.0,-1,-1
390,-1,797.42,546.15,50.52,89.72,33.4,-1,-1
391,-1,1408.25,533.58,41.63,89.84,76.2,-1,-1
391,-1,800.98,550.83,44.84,86.67,30.5,-1,-1
391,-1,329.16,545.23,58.33,143.13,27.9,-1,-1
392,-1,1408.22,533.56,41.66,89.88,76.1,-1,-1
392,-1,801.15,550.86,44.73,86.63,30.6,-1,-1
392,-1,329.08,545.18,58.42,143.17,27.3,-1,-1
393,-1,801.91,547.35,47.45,89.7,32.5,-1,-1
394,-1,1430.38,533.49,41.43,89.45,42.0,-1,-1
395,-1,1444.84,539.07,47.4,89.18,56.8,-1,-1
396,-1,1461.66,537.68,45.99,90.61,55.3,-1,-1
396,-1,807.94,544.34,54.66,97.85,25.6,-1,-1
397,-1,1475.45,534.39,47.94,89.27,51.3,-1,-1
397,-1,816.1,534.8,50.49,110.74,41.0,-1,-1
397,-1,308.88,541.87,55.58,157.95,31.0,-1,-1
398,-1,1474.3,534.13,49.14,92.18,51.5,-1,-1
398,-1,816.09,535.39,50.59,110.13,41.0,-1,-1
398,-1,308.9,541.6,55.57,158.21,30.8,-1,-1
399,-1,812.11,544.43,58.7,102.33,45.4,-1,-1
399,-1,1490.26,537.47,43.94,88.57,37.0,-1,-1
399,-1,301.46,534.28,61.43,169.61,26.2,-1,-1
400,-1,817.73,547.86,60.01,96.75,49.7,-1,-1
401,-1,826.88,531.44,59.63,112.67,29.7,-1,-1
402,-1,842.55,543.98,56.32,99.21,28.8,-1,-1
403,-1,1570.56,529.56,51.91,99.56,37.9,-1,-1
403,-1,851.88,548.21,60.09,98.28,33.8,-1,-1
404,-1,1570.51,529.48,52.03,99.69,37.8,-1,-1
404,-1,851.86,548.09,60.14,98.37,34.8,-1,-1
405,-1,862.92,539.83,60.01,105.19,36.7,-1,-1
406,-1,1619.28,529.82,47.25,92.86,27.0,-1,-1
407,-1,895.24,530.05,56.92,112.66,26.3,-1,-1
408,-1,903.84,509.59,64.72,134.6,37.5,-1,-1
409,-1,917.97,513.07,65.83,132.65,47.4,-1,-1
410,-1,917.86,512.92,65.97,132.87,47.4,-1,-1
411,-1,939.82,515.07,60.39,126.99,36.6,-1,-1
411,-1,1728.27,530.53,39.94,92.2,33.2,-1,-1
418,-1,1861.87,512.64,55.28,109.26,36.0,-1,-1
420,-1,1754.82,515.42,25.33,53.52,27.7,-1,-1
423,-1,1106.83,494.78,67.01,133.8,47.8,-1,-1
426,-1,1141.54,515.09,48.65,108.79,28.9,-1,-1
427,-1,1141.47,506.95,52.72,116.47,26.5,-1,-1
428,-1,1141.56,507.03,52.65,116.47,26.5,-1,-1
429,-1,1140.83,505.53,55.79,119.32,34.4,-1,-1
430,-1,1136.27,504.17,61.25,120.94,51.2,-1,-1
431,-1,1138.01,505.75,61.66,119.03,44.4,-1,-1
432,-1,1145.9,510.76,56.41,112.9,36.7,-1,-1
433,-1,1143.17,510.61,58.95,111.62,41.6,-1,-1
434,-1,1143.08,510.44,59.03,111.84,41.6,-1,-1
435,-1,1140.4,505.13,57.83,117.85,50.9,-1,-1
438,-1,1113.46,488.05,65.78,128.87,28.0,-1,-1
439,-1,1107.6,493.18,59.84,120.3,30.8,-1,-1
440,-1,1107.58,493.26,59.88,120.25,30.7,-1,-1
443,-1,1064.91,491.6,56.2,123.32,27.0,-1,-1
445,-1,1722.85,516.49,37.64,79.33,29.3,-1,-1
446,-1,1722.94,516.5,37.55,79.27,29.0,-1,-1
450,-1,1623.95,519.56,38.73,78.54,26.0,-1,-1
451,-1,1593.31,515.57,40.62,84.91,37.6,-1,-1
452,-1,1593.37,515.64,40.6,84.79,37.1,-1,-1
453,-1,1574.42,517.04,43.63,85.7,62.6,-1,-1
454,-1,0.32,501.37,25.7,184.11,29.1,-1,-1
455,-1,1535.87,516.87,47.71,91.71,70.9,-1,-1
455,-1,895.81,520.57,60.4,101.52,27.2,-1,-1
456,-1,1529.61,511.74,42.77,93.18,74.0,-1,-1
456,-1,895.47,536.68,47.88,82.95,25.6,-1,-1
457,-1,1525.89,520.59,41.44,83.91,51.8,-1,-1
457,-1,1518.27,523.65,38.59,83.0,51.2,-1,-1
458,-1,1525.94,520.59,41.37,83.96,51.5,-1,-1
458,-1,1518.28,523.59,38.67,83.11,50.9,-1,-1
459,-1,1513.92,518.22,46.08,90.5,59.6,-1,-1
460,-1,1512.46,519.95,41.68,87.21,38.4,-1,-1
461,-1,1507.49,518.65,43.72,89.03,71.6,-1,-1
462,-1,1505.14,525.35,42.8,82.09,48.1,-1,-1
462,-1,871.46,531.71,47.57,88.28,28.9,-1,-1
463,-1,1501.18,526.04,42.17,81.27,39.5,-1,-1
464,-1,1501.19,526.05,42.21,81.22,39.5,-1,-1
465,-1,1497.66,524.24,44.58,84.56,44.2,-1,-1
474,-1,1500.56,526.29,40.65,80.92,33.2,-1,-1
475,-1,868.44,534.4,45.38,88.45,34.6,-1,-1
476,-1,868.41,534.38,45.39,88.47,34.6,-1,-1
477,-1,870.71,538.87,45.13,86.51,47.7,-1,-1
477,-1,1500.22,526.6,44.48,81.65,44.9,-1,-1
478,-1,868.58,533.22,47.7,92.21,43.2,-1,-1
478,-1,1501.61,529.11,37.3,78.48,32.7,-1,-1
479,-1,1502.45,526.61,43.3,81.74,41.1,-1,-1
480,-1,872.36,532.66,49.51,93.4,38.8,-1,-1
483,-1,876.42,541.96,48.35,83.71,32.7,-1,-1
483,-1,1509.42,522.27,44.66,87.71,27.4,-1,-1
484,-1,1511.43,526.32,43.74,84.19,53.9,-1,-1
484,-1,880.28,503.0,50.25,124.86,29.6,-1,-1
485,-1,1512.31,523.98,43.8,87.74,42.2,-1,-1
486,-1,1512.8,523.42,45.67,87.71,43.2,-1,-1
487,-1,1512.53,522.64,48.59,89.41,48.2,-1,-1
488,-1,1512.54,522.71,48.57,89.33,48.3,-1,-1
491,-1,1517.68,525.86,42.65,85.66,50.1,-1,-1
492,-1,1522.13,526.93,41.07,83.03,55.4,-1,-1
493,-1,1524.22,526.83,39.06,82.77,43.2,-1,-1
494,-1,1524.23,526.88,39.03,82.76,43.1,-1,-1
495,-1,1526.82,529.77,42.88,77.14,42.8,-1,-1
495,-1,1520.45,527.03,38.26,83.59,35.5,-1,-1
496,-1,1526.17,530.04,42.39,74.6,31.4,-1,-1
499,-1,1530.59,525.82,47.21,81.98,34.7,-1,-1
500,-1,1530.61,525.8,47.24,81.99,34.6,-1,-1
502,-1,1534.29,525.28,44.79,82.0,26.5,-1,-1
503,-1,1536.73,526.36,43.13,80.64,31.6,-1,-1
507,-1,919.04,532.53,46.67,89.51,40.3,-1,-1
508,-1,914.14,523.65,50.97,98.1,35.6,-1,-1
508,-1,1550.2,528.9,37.53,75.97,29.3,-1,-1
509,-1,1551.55,528.36,35.8,76.56,34.0,-1,-1
509,-1,919.95,532.65,45.56,87.34,32.3,-1,-1
510,-1,922.29,530.05,44.29,91.09,33.2,-1,-1
510,-1,1550.28,527.35,37.21,77.26,29.0,-1,-1
511,-1,1556.26,526.0,36.93,81.07,25.6,-1,-1
512,-1,1556.28,526.06,36.94,80.99,25.3,-1,-1
516,-1,1556.52,520.63,39.94,88.42,27.6,-1,-1
517,-1,1587.34,548.71,28.33,56.29,26.9,-1,-1
518,-1,1587.31,548.76,28.4,56.29,26.9,-1,-1
520,-1,125.68,556.44,16.96,34.16,34.7,-1,-1
521,-1,124.76,556.38,16.71,33.96,39.8,-1,-1
523,-1,940.79,530.43,48.42,88.94,25.2,-1,-1
524,-1,940.78,530.47,48.46,88.89,25.0,-1,-1
526,-1,1564.14,525.98,35.85,85.4,55.0,-1,-1
526,-1,1586.67,532.79,30.29,72.78,31.8,-1,-1
526,-1,1577.53,526.26,35.81,83.09,27.9,-1,-1
527,-1,1565.96,526.13,33.75,84.66,37.5,-1,-1
527,-1,1583.94,532.66,31.71,73.31,25.3,-1,-1
529,-1,1567.19,525.52,36.66,85.96,39.0,-1,-1
530,-1,1567.08,525.52,36.69,85.99,39.5,-1,-1
531,-1,954.92,531.56,44.53,91.72,31.7,-1,-1
532,-1,1578.98,522.41,38.33,82.08,27.7,-1,-1
532,-1,955.35,528.97,46.57,93.91,27.2,-1,-1
537,-1,957.43,501.21,53.82,120.65,27.0,-1,-1
539,-1,1581.08,519.06,39.73,87.84,42.8,-1,-1
540,-1,1580.88,520.65,40.9,86.16,65.3,-1,-1
541,-1,1580.89,522.95,40.26,83.08,67.2,-1,-1
542,-1,1580.92,522.87,40.21,83.16,67.1,-1,-1
543,-1,1581.25,522.16,41.53,84.44,68.7,-1,-1
543,-1,958.45,520.88,54.7,102.05,37.2,-1,-1
544,-1,1581.07,519.82,42.07,86.68,62.8,-1,-1
544,-1,959.17,530.95,54.58,92.51,42.3,-1,-1
545,-1,1580.88,520.02,43.78,86.85,53.6,-1,-1
545,-1,957.96,529.64,54.78,94.12,41.9,-1,-1
546,-1,958.33,532.13,54.48,90.59,40.1,-1,-1
546,-1,1581.54,520.48,43.33,87.06,25.7,-1,-1
547,-1,960.98,531.19,52.33,88.68,32.1,-1,-1
548,-1,960.93,531.16,52.4,88.76,32.3,-1,-1
549,-1,963.15,525.59,51.06,95.51,28.2,-1,-1
550,-1,962.48,525.98,52.26,95.22,30.0,-1,-1
551,-1,965.11,523.43,52.87,98.36,29.3,-1,-1
557,-1,1589.16,527.7,36.82,73.66,25.8,-1,-1
558,-1,1587.75,526.41,36.64,75.58,38.1,-1,-1
565,-1,1581.2,517.19,39.0,87.96,48.9,-1,-1
566,-1,1581.16,517.15,39.07,87.99,48.9,-1,-1
567,-1,1581.38,516.62,38.21,88.35,35.0,-1,-1
568,-1,1579.86,516.24,38.91,89.54,56.2,-1,-1
569,-1,1579.55,516.25,39.53,90.41,68.3,-1,-1
570,-1,1579.31,515.3,39.6,90.62,58.0,-1,-1
571,-1,1578.04,517.12,39.27,90.88,46.4,-1,-1
572,-1,1577.95,517.1,39.28,91.11,47.0,-1,-1
573,-1,1613.6,546.22,22.12,56.45,25.6,-1,-1
573,-1,1575.3,517.49,38.73,89.51,25.4,-1,-1
579,-1,1575.4,514.67,44.78,90.25,30.2,-1,-1
580,-1,1575.3,516.45,44.72,89.12,49.5,-1,-1
581,-1,1575.49,518.15,41.93,86.36,28.0,-1,-1
582,-1,1575.66,521.78,39.08,79.7,25.5,-1,-1
585,-1,1574.46,521.11,38.81,79.77,41.4,-1,-1
586,-1,1575.51,522.37,38.5,78.35,35.3,-1,-1
587,-1,1577.88,523.74,37.91,73.72,28.9,-1,-1
588,-1,1579.64,525.25,35.6,71.02,30.2,-1,-1
625,-1,1555.53,512.19,39.77,86.44,33.5,-1,-1
626,-1,1555.44,512.27,39.88,86.36,33.6,-1,-1
627,-1,1554.44,511.77,40.39,86.66,68.1,-1,-1
628,-1,1553.45,510.56,39.79,87.33,66.4,-1,-1
629,-1,1552.65,509.64,40.2,86.62,35.1,-1,-1
639,-1,1550.77,509.08,40.45,85.4,27.1,-1,-1
643,-1,1554.2,511.24,36.15,83.62,29.5,-1,-1
644,-1,1554.12,511.22,36.24,83.63,30.1,-1,-1
645,-1,1551.34,506.8,39.45,86.47,31.1,-1,-1
646,-1,1551.03,508.48,41.29,87.76,50.6,-1,-1
647,-1,1551.1,510.12,39.96,85.8,47.0,-1,-1
653,-1,967.9,533.67,45.21,89.65,28.7,-1,-1
654,-1,967.5,537.86,45.28,84.97,34.2,-1,-1
655,-1,968.06,531.74,45.16,91.2,32.5,-1,-1
656,-1,968.09,531.7,45.13,91.22,32.8,-1,-1
657,-1,967.01,525.89,46.91,97.3,41.7,-1,-1
658,-1,968.9,519.12,47.54,103.17,35.3,-1,-1
660,-1,971.33,530.55,45.88,91.41,26.6,-1,-1
665,-1,1563.3,507.79,38.41,85.35,35.6,-1,-1
666,-1,1562.66,510.14,39.99,82.31,43.2,-1,-1
667,-1,1565.06,510.1,39.0,81.88,32.0,-1,-1
668,-1,1565.04,510.1,39.02,81.88,32.2,-1,-1
669,-1,1565.99,509.96,38.15,80.41,40.5,-1,-1
671,-1,1564.01,507.09,43.02,83.59,41.3,-1,-1
672,-1,1565.82,504.73,41.89,86.48,55.1,-1,-1
673,-1,1567.25,505.47,40.59,85.25,51.3,-1,-1
674,-1,1567.23,505.46,40.62,85.28,51.0,-1,-1
675,-1,1568.45,505.02,42.96,85.65,35.0,-1,-1
677,-1,1567.48,507.27,37.08,85.85,31.3,-1,-1
682,-1,1574.63,507.62,39.1,78.32,30.2,-1,-1
683,-1,1571.24,506.03,40.1,83.5,41.3,-1,-1
684,-1,1574.51,504.7,36.75,81.97,41.1,-1,-1
685,-1,1571.76,503.92,39.84,84.33,44.1,-1,-1
686,-1,1571.78,503.91,39.79,84.32,44.5,-1,-1
687,-1,1570.98,503.65,41.72,83.97,47.9,-1,-1
688,-1,1577.05,505.86,40.19,79.42,41.9,-1,-1
689,-1,1581.57,509.41,37.1,76.94,35.3,-1,-1
690,-1,1578.16,504.06,38.99,82.06,43.8,-1,-1
691,-1,1576.46,501.93,38.0,82.9,32.1,-1,-1
691,-1,971.96,534.83,32.02,85.47,31.3,-1,-1
692,-1,1576.46,501.95,38.01,82.87,32.2,-1,-1
692,-1,971.97,534.82,32.04,85.47,31.2,-1,-1
693,-1,1575.61,500.13,39.18,84.37,35.3,-1,-1
693,-1,971.18,530.01,32.2,89.31,29.4,-1,-1
694,-1,1573.37,499.67,41.96,85.97,43.9,-1,-1
695,-1,1572.28,498.73,43.2,84.76,44.7,-1,-1
696,-1,1573.92,500.09,42.56,83.32,39.0,-1,-1
696,-1,1568.59,502.36,38.99,84.59,35.3,-1,-1
697,-1,1573.71,499.73,43.66,83.89,33.3,-1,-1
698,-1,1573.72,499.7,43.66,83.93,33.4,-1,-1
699,-1,986.74,492.74,53.89,124.09,38.1,-1,-1
701,-1,1577.16,501.6,42.48,83.89,30.9,-1,-1
702,-1,1578.33,500.11,41.3,85.8,43.4,-1,-1
703,-1,1577.08,499.33,42.84,87.64,56.2,-1,-1
704,-1,1577.05,499.37,42.86,87.62,56.4,-1,-1
705,-1,1577.05,497.49,42.8,86.17,48.2,-1,-1
706,-1,1577.72,498.87,43.88,85.23,41.7,-1,-1
707,-1,1576.4,497.69,44.7,86.31,37.2,-1,-1
712,-1,997.31,519.68,47.29,96.09,25.1,-1,-1
713,-1,997.66,516.93,46.77,98.37,56.0,-1,-1
714,-1,999.23,518.66,45.8,96.44,26.8,-1,-1
715,-1,998.58,517.86,48.16,97.18,40.7,-1,-1
715,-1,1584.17,500.42,33.88,80.45,30.4,-1,-1
716,-1,998.59,517.84,48.16,97.2,41.0,-1,-1
716,-1,1584.18,500.39,33.9,80.49,30.7,-1,-1
717,-1,1585.62,500.46,33.68,80.82,33.1,-1,-1
719,-1,999.77,514.78,47.39,99.02,25.2,-1,-1
723,-1,547.88,617.61,20.33,56.82,34.5,-1,-1
724,-1,548.27,618.11,19.48,55.9,29.4,-1,-1
725,-1,1581.11,499.35,37.14,80.39,32.6,-1,-1
726,-1,1578.42,496.3,40.12,86.39,56.4,-1,-1
727,-1,1577.7,495.45,41.02,87.79,66.6,-1,-1
728,-1,1577.7,495.46,41.01,87.84,66.6,-1,-1
729,-1,1577.72,495.14,41.39,88.29,60.9,-1,-1
730,-1,1577.89,495.53,40.06,87.78,52.7,-1,-1
738,-1,1581.44,491.93,36.84,87.93,33.6,-1,-1
739,-1,1581.41,493.61,39.22,87.07,44.2,-1,-1
739,-1,665.87,583.06,41.78,93.11,28.7,-1,-1
740,-1,1581.42,493.61,39.25,87.14,43.3,-1,-1
740,-1,665.9,582.99,41.76,93.19,28.5,-1,-1
741,-1,1583.96,492.8,38.82,87.26,46.5,-1,-1
742,-1,1584.7,493.43,38.05,86.61,47.9,-1,-1
743,-1,1585.36,494.73,38.22,85.37,49.3,-1,-1
744,-1,1586.25,493.84,37.68,86.33,48.3,-1,-1
744,-1,1004.5,505.12,55.65,104.52,30.9,-1,-1
745,-1,1585.12,494.79,36.83,85.03,45.1,-1,-1
745,-1,1006.21,504.93,53.45,104.39,27.0,-1,-1
746,-1,1585.11,494.79,36.88,85.05,45.2,-1,-1
746,-1,1006.2,504.94,53.47,104.38,27.0,-1,-1
748,-1,1582.86,490.85,39.18,88.77,32.0,-1,-1
749,-1,658.82,495.37,55.59,185.5,28.9,-1,-1
751,-1,1018.01,502.67,37.72,105.3,30.0,-1,-1
752,-1,1018.01,502.72,37.71,105.24,29.8,-1,-1
756,-1,1007.86,515.7,50.47,91.72,37.6,-1,-1
757,-1,1008.31,516.33,50.07,91.18,46.4,-1,-1
758,-1,1008.31,516.25,50.05,91.27,46.6,-1,-1
759,-1,1008.87,516.11,49.74,90.65,40.3,-1,-1
760,-1,1009.68,513.08,49.68,93.65,52.1,-1,-1
761,-1,1009.94,510.84,49.87,94.73,51.3,-1,-1
761,-1,1582.38,486.71,43.16,91.96,38.7,-1,-1
762,-1,1010.36,507.45,49.3,97.83,48.8,-1,-1
762,-1,1582.88,487.04,42.59,91.27,34.5,-1,-1
763,-1,1012.76,503.1,44.01,101.14,38.5,-1,-1
764,-1,1012.72,502.9,44.05,101.37,38.6,-1,-1
765,-1,1012.41,499.39,44.71,105.27,46.8,-1,-1
765,-1,645.89,608.49,25.56,62.96,26.2,-1,-1
766,-1,1013.51,503.5,44.13,101.82,45.4,-1,-1
767,-1,1013.26,502.07,45.44,102.91,36.8,-1,-1
768,-1,1008.27,497.78,53.06,107.34,51.1,-1,-1
769,-1,1007.83,503.76,52.99,100.94,46.4,-1,-1
770,-1,1007.83,503.76,52.99,100.94,46.3,-1,-1
771,-1,1007.0,504.88,53.34,100.26,49.3,-1,-1
772,-1,1008.21,508.44,52.42,96.5,38.6,-1,-1
773,-1,1009.23,509.64,51.37,95.08,29.4,-1,-1
775,-1,1009.68,506.37,51.44,98.53,29.9,-1,-1
776,-1,1009.67,506.4,51.45,98.5,30.0,-1,-1
777,-1,1013.45,508.14,44.1,94.95,35.4,-1,-1
778,-1,1013.23,507.73,45.47,95.18,42.4,-1,-1
779,-1,1014.35,506.87,45.48,95.05,40.7,-1,-1
780,-1,1014.82,506.85,46.02,94.61,35.9,-1,-1
785,-1,20.94,615.3,21.45,55.28,32.5,-1,-1
785,-1,683.64,577.88,49.5,94.6,30.4,-1,-1
786,-1,20.13,614.92,22.56,56.45,29.4,-1,-1
787,-1,19.9,615.8,23.06,56.4,32.4,-1,-1
788,-1,19.9,615.86,23.03,56.31,32.1,-1,-1
789,-1,19.82,613.16,24.58,60.69,43.4,-1,-1
790,-1,19.31,611.75,23.91,60.89,37.8,-1,-1
790,-1,463.01,507.56,46.9,96.14,31.4,-1,-1
791,-1,19.04,610.28,24.61,62.39,39.9,-1,-1
791,-1,462.47,500.74,48.34,102.04,31.6,-1,-1
791,-1,1014.78,502.87,48.04,94.67,25.5,-1,-1
792,-1,1016.31,501.27,46.84,97.15,28.9,-1,-1
792,-1,20.35,613.5,21.72,59.1,28.3,-1,-1
793,-1,1016.79,504.7,46.55,93.2,31.8,-1,-1
793,-1,20.23,611.54,23.63,57.95,25.1,-1,-1
794,-1,1016.8,504.71,46.54,93.19,31.8,-1,-1
796,-1,1018.47,500.99,46.61,95.71,31.1,-1,-1
797,-1,1019.7,497.44,46.53,99.33,35.2,-1,-1
798,-1,1020.9,504.46,45.5,92.27,29.3,-1,-1
799,-1,1019.79,505.22,46.95,91.23,41.5,-1,-1
800,-1,1019.8,505.2,46.92,91.24,41.5,-1,-1
801,-1,1018.31,504.16,48.27,92.2,51.4,-1,-1
802,-1,1017.36,503.7,49.37,92.75,53.0,-1,-1
803,-1,1016.88,504.78,48.74,91.59,52.0,-1,-1
804,-1,1018.4,504.8,47.71,91.5,50.6,-1,-1
805,-1,1019.27,503.55,47.61,92.31,49.5,-1,-1
806,-1,1019.22,503.58,47.66,92.29,49.5,-1,-1
807,-1,1018.28,502.74,49.66,92.79,41.6,-1,-1
808,-1,1018.45,504.48,50.23,90.91,47.2,-1,-1
809,-1,1019.62,503.62,52.02,91.32,40.2,-1,-1
810,-1,1019.31,501.78,51.56,92.61,27.3,-1,-1
813,-1,1020.38,502.61,47.62,91.69,25.1,-1,-1
815,-1,1019.61,502.82,49.38,92.04,38.3,-1,-1
816,-1,1019.44,500.49,49.62,94.26,43.1,-1,-1
817,-1,1017.67,501.71,52.16,92.82,46.9,-1,-1
818,-1,1017.69,501.72,52.15,92.8,47.0,-1,-1
819,-1,1015.47,500.73,55.0,93.6,50.6,-1,-1
820,-1,1015.62,500.68,55.59,93.44,47.5,-1,-1
821,-1,1017.63,498.78,54.23,93.78,44.5,-1,-1
822,-1,1023.61,498.5,46.06,91.32,46.1,-1,-1
823,-1,1024.44,497.34,45.33,92.03,43.8,-1,-1
824,-1,1024.62,498.1,45.13,91.25,43.3,-1,-1
825,-1,698.29,563.88,51.1,100.47,33.4,-1,-1
825,-1,1025.19,494.94,46.6,93.74,26.3,-1,-1
829,-1,1024.02,500.46,50.89,88.55,27.5,-1,-1
830,-1,1023.96,500.44,50.97,88.58,27.8,-1,-1
830,-1,1582.41,477.56,43.66,83.1,25.5,-1,-1
831,-1,1582.1,476.51,43.22,84.51,35.4,-1,-1
831,-1,1023.87,500.4,51.05,88.95,29.9,-1,-1
832,-1,1581.29,478.64,41.01,81.69,45.0,-1,-1
832,-1,1023.0,501.61,50.66,87.37,41.7,-1,-1
833,-1,1021.17,499.05,51.89,91.08,44.5,-1,-1
834,-1,1022.36,497.63,50.27,93.14,47.8,-1,-1
835,-1,1024.63,487.55,46.7,102.34,36.2,-1,-1
836,-1,1024.6,487.51,46.73,102.38,36.5,-1,-1
839,-1,1022.89,471.45,49.69,116.68,25.3,-1,-1
846,-1,715.56,549.69,43.95,109.13,31.4,-1,-1
846,-1,1017.38,492.05,58.87,94.97,26.8,-1,-1
848,-1,1017.43,496.64,58.24,91.61,25.9,-1,-1
849,-1,1587.87,480.16,35.33,72.32,27.8,-1,-1
849,-1,1019.08,493.25,57.02,94.38,26.4,-1,-1
850,-1,1019.76,494.59,55.16,93.31,29.0,-1,-1
851,-1,1020.76,492.6,53.81,94.71,30.3,-1,-1
851,-1,1587.18,477.53,37.63,75.73,29.2,-1,-1
852,-1,1589.19,478.74,33.29,75.47,29.3,-1,-1
853,-1,1587.3,474.79,35.26,79.91,44.8,-1,-1
854,-1,1587.32,474.95,35.17,79.79,44.8,-1,-1
855,-1,1587.24,474.89,33.79,80.76,42.7,-1,-1
856,-1,1589.62,475.86,37.71,79.03,41.4,-1,-1
867,-1,1024.07,485.5,48.55,103.34,29.6,-1,-1
868,-1,1022.29,491.72,52.03,92.8,31.6,-1,-1
869,-1,1022.64,493.32,50.05,90.24,26.7,-1,-1
870,-1,731.29,566.03,45.52,86.04,37.4,-1,-1
870,-1,1022.88,491.06,50.26,92.95,31.3,-1,-1
870,-1,721.42,566.62,37.88,86.93,27.9,-1,-1
871,-1,1027.01,490.85,47.51,94.11,54.8,-1,-1
871,-1,723.27,566.56,35.98,87.16,39.2,-1,-1
871,-1,727.64,562.53,46.17,90.22,37.0,-1,-1
872,-1,1027.04,490.83,47.48,94.12,54.8,-1,-1
872,-1,723.27,566.56,35.96,87.17,39.2,-1,-1
872,-1,727.66,562.52,46.15,90.22,37.0,-1,-1
873,-1,1027.35,490.99,47.87,93.94,56.5,-1,-1
874,-1,1027.29,489.47,47.79,95.15,60.6,-1,-1
875,-1,1027.86,489.01,47.26,94.89,50.3,-1,-1
876,-1,730.17,562.25,48.12,91.16,47.8,-1,-1
876,-1,1028.73,487.96,46.16,96.69,37.5,-1,-1
877,-1,731.15,556.82,49.01,96.41,35.1,-1,-1
878,-1,731.2,556.55,48.96,96.66,34.6,-1,-1
880,-1,1024.9,491.38,50.08,92.83,37.1,-1,-1
881,-1,733.79,560.93,47.39,90.53,35.9,-1,-1
881,-1,1024.92,490.53,50.04,93.74,35.8,-1,-1
882,-1,1025.06,492.3,50.1,91.96,45.3,-1,-1
882,-1,732.33,550.81,50.85,100.24,41.2,-1,-1
883,-1,1024.03,491.69,51.14,94.21,42.9,-1,-1
884,-1,1024.06,491.61,51.12,94.26,41.5,-1,-1
885,-1,1023.04,490.6,50.97,93.93,38.2,-1,-1
886,-1,1022.85,488.16,51.46,96.69,34.0,-1,-1
887,-1,1024.55,486.57,48.68,100.32,36.1,-1,-1
888,-1,1024.58,486.05,49.2,100.82,27.7,-1,-1
889,-1,1022.95,491.01,51.83,93.86,32.0,-1,-1
890,-1,1022.98,490.92,51.8,93.99,31.7,-1,-1
891,-1,1023.49,492.5,52.32,90.69,30.0,-1,-1
893,-1,1025.47,488.66,47.73,96.24,25.4,-1,-1
894,-1,734.33,556.86,52.12,94.7,26.0,-1,-1
898,-1,1024.06,491.55,51.3,91.37,25.7,-1,-1
901,-1,739.73,555.34,45.85,95.82,36.7,-1,-1
902,-1,739.72,555.34,45.86,95.83,36.9,-1,-1
904,-1,740.76,554.96,43.14,95.42,32.4,-1,-1
906,-1,738.47,550.39,48.09,97.75,26.5,-1,-1
907,-1,738.82,551.51,49.58,96.24,27.6,-1,-1
908,-1,738.8,551.41,49.59,96.35,28.2,-1,-1
909,-1,737.69,539.04,52.81,108.55,26.7,-1,-1
911,-1,319.7,539.05,40.3,138.25,25.8,-1,-1
912,-1,1022.88,489.42,49.56,96.93,25.3,-1,-1
913,-1,1022.76,489.97,50.24,96.53,26.2,-1,-1
914,-1,1022.76,489.86,50.29,96.7,26.4,-1,-1
929,-1,1579.61,459.64,38.26,86.41,35.7,-1,-1
930,-1,1576.85,462.39,39.56,83.02,60.0,-1,-1
931,-1,1575.66,461.42,39.03,84.06,56.6,-1,-1
932,-1,1575.66,461.43,39.03,84.05,56.5,-1,-1
933,-1,1575.44,459.85,38.64,85.95,44.4,-1,-1
933,-1,755.46,546.79,50.87,97.62,33.6,-1,-1
934,-1,1573.62,457.52,40.17,86.8,37.6,-1,-1
934,-1,755.07,547.01,50.66,96.93,36.6,-1,-1
935,-1,1572.64,457.47,40.51,85.99,49.5,-1,-1
936,-1,1574.5,455.72,41.72,84.75,26.1,-1,-1
937,-1,1571.22,455.79,40.93,86.4,36.5,-1,-1
938,-1,1571.22,455.8,40.92,86.4,36.2,-1,-1
943,-1,761.26,545.72,43.33,94.47,32.1,-1,-1
944,-1,761.19,545.55,43.41,94.63,32.3,-1,-1
946,-1,760.74,551.26,42.12,90.11,25.9,-1,-1
948,-1,1025.11,481.27,50.03,97.05,30.0,-1,-1
949,-1,1025.14,484.2,49.8,94.41,32.8,-1,-1
950,-1,1025.12,484.2,49.83,94.42,32.9,-1,-1
951,-1,1567.08,456.58,39.79,82.48,38.4,-1,-1
951,-1,1024.89,479.55,50.33,98.07,26.1,-1,-1
952,-1,753.6,549.78,45.15,95.85,29.2,-1,-1
953,-1,757.31,541.01,44.83,101.0,25.1,-1,-1
955,-1,758.37,544.54,45.79,97.1,40.3,-1,-1
956,-1,758.36,544.42,45.74,97.23,40.0,-1,-1
957,-1,759.83,538.24,43.94,102.81,25.2,-1,-1
965,-1,1021.22,441.57,51.06,137.97,26.3,-1,-1
978,-1,762.27,501.56,50.38,139.11,28.1,-1,-1
993,-1,1560.03,452.41,34.66,85.26,25.7,-1,-1
994,-1,1560.48,451.67,35.05,86.08,26.2,-1,-1
995,-1,1558.31,452.66,38.57,84.9,36.3,-1,-1
997,-1,1556.57,453.3,41.12,83.55,41.0,-1,-1
998,-1,1556.57,453.3,41.12,83.54,41.0,-1,-1
999,-1,1555.29,453.03,42.0,82.63,62.2,-1,-1
1000,-1,1555.43,452.41,42.51,83.26,62.9,-1,-1
1001,-1,1556.02,452.16,41.36,82.73,52.2,-1,-1
1001,-1,1026.42,474.13,46.14,95.26,33.1,-1,-1
1002,-1,1556.67,452.07,40.36,82.8,33.4,-1,-1
1003,-1,1556.18,450.73,40.58,84.58,39.4,-1,-1
1003,-1,1026.2,466.59,46.57,103.38,33.7,-1,-1
1004,-1,1556.21,450.69,40.56,84.63,38.7,-1,-1
1004,-1,1026.19,466.72,46.54,103.27,34.2,-1,-1
1005,-1,1024.88,455.79,49.53,114.61,39.9,-1,-1
1011,-1,1557.01,450.63,37.92,84.83,31.8,-1,-1
1012,-1,1556.92,450.48,35.89,84.41,37.5,-1,-1
1013,-1,1555.45,449.47,36.08,85.36,40.6,-1,-1
1014,-1,1555.05,450.95,36.5,84.47,43.7,-1,-1
1015,-1,1555.28,452.47,33.38,82.71,35.8,-1,-1
1015,-1,778.45,516.34,44.91,124.13,29.8,-1,-1
1016,-1,1555.32,452.51,33.26,82.65,34.8,-1,-1
1016,-1,778.6,516.64,44.75,123.79,29.8,-1,-1
1017,-1,779.65,546.05,45.07,93.92,46.0,-1,-1
1017,-1,1021.61,441.78,53.12,126.56,27.1,-1,-1
1018,-1,780.17,534.31,44.32,105.62,38.0,-1,-1
1018,-1,1020.65,443.63,53.57,123.96,31.9,-1,-1
1019,-1,1019.52,451.8,57.8,115.64,36.1,-1,-1
1019,-1,780.32,532.23,44.47,107.05,35.5,-1,-1
1020,-1,1019.23,450.23,57.42,116.78,25.2,-1,-1
1025,-1,778.56,503.59,57.15,134.95,29.2,-1,-1
1026,-1,778.19,494.46,58.99,143.98,25.1,-1,-1
1036,-1,1023.96,450.61,49.25,111.81,27.3,-1,-1
1037,-1,1024.76,448.03,47.96,114.75,30.0,-1,-1
1038,-1,1022.94,452.86,53.4,111.3,35.7,-1,-1
1039,-1,1020.43,446.19,54.32,116.97,26.9,-1,-1
1040,-1,1020.42,446.23,54.33,116.93,26.9,-1,-1
1048,-1,1550.5,446.55,38.91,83.28,40.1,-1,-1
1050,-1,132.85,384.1,33.31,83.89,40.6,-1,-1
1051,-1,782.97,480.63,57.51,153.02,37.4,-1,-1
1052,-1,782.97,480.63,57.51,153.02,37.3,-1,-1
1057,-1,1022.18,434.56,52.0,127.82,30.1,-1,-1
1058,-1,1022.18,434.54,52.0,127.84,30.2,-1,-1
1059,-1,1021.94,421.79,52.86,140.42,36.5,-1,-1
1060,-1,1023.68,453.69,51.3,108.21,49.5,-1,-1
1061,-1,1023.48,456.38,51.7,105.81,37.0,-1,-1
1062,-1,1024.71,463.52,50.0,98.15,46.0,-1,-1
1063,-1,1025.94,464.85,49.98,96.74,46.9,-1,-1
1064,-1,1025.95,464.89,49.97,96.68,46.9,-1,-1
1065,-1,1025.51,466.37,50.58,94.92,54.1,-1,-1
1066,-1,1025.34,464.21,51.84,96.4,62.0,-1,-1
1067,-1,1020.84,456.16,56.44,106.15,65.9,-1,-1
1068,-1,1025.77,455.99,52.14,104.81,57.0,-1,-1
1069,-1,1021.04,451.66,56.82,110.46,48.0,-1,-1
1070,-1,1021.01,451.66,56.85,110.42,47.1,-1,-1
1071,-1,1023.08,459.76,53.52,101.66,25.5,-1,-1
1072,-1,1026.4,459.77,50.73,100.82,30.3,-1,-1
1077,-1,791.72,541.35,49.66,92.22,27.3,-1,-1
1080,-1,682.18,575.12,22.0,49.89,32.6,-1,-1
1081,-1,1025.71,462.64,52.33,98.15,33.7,-1,-1
1081,-1,683.15,571.08,21.39,53.04,31.5,-1,-1
1082,-1,1025.72,462.65,52.31,98.16,34.0,-1,-1
1082,-1,683.15,571.07,21.39,53.05,31.4,-1,-1
1083,-1,1027.11,459.12,51.23,101.39,44.7,-1,-1
1084,-1,1027.99,453.46,50.77,107.24,54.6,-1,-1
1085,-1,1029.06,456.42,51.13,103.53,56.6,-1,-1
1086,-1,1029.8,456.51,50.61,102.76,39.7,-1,-1
1087,-1,1030.87,456.14,49.67,103.14,38.1,-1,-1
1087,-1,810.37,542.06,38.99,84.09,33.0,-1,-1
1088,-1,1030.89,456.28,49.63,103.0,38.0,-1,-1
1088,-1,810.38,542.08,38.97,84.07,32.6,-1,-1
1089,-1,808.42,542.04,41.8,84.48,52.8,-1,-1
1089,-1,1029.53,450.72,51.72,107.87,49.7,-1,-1
1090,-1,808.38,542.18,40.45,83.85,48.2,-1,-1
1090,-1,1030.34,443.88,50.94,114.97,48.0,-1,-1
1091,-1,1030.06,441.52,50.05,117.11,54.9,-1,-1
1091,-1,810.49,539.75,37.16,85.5,27.8,-1,-1
1092,-1,809.24,542.23,40.75,84.13,49.9,-1,-1
1092,-1,1030.18,437.86,49.27,121.38,40.7,-1,-1
1093,-1,809.29,539.82,40.0,86.78,51.9,-1,-1
1093,-1,1029.87,443.26,48.91,115.89,29.8,-1,-1
1094,-1,809.29,539.81,40.0,86.78,51.9,-1,-1
1094,-1,1029.86,443.34,48.92,115.81,29.8,-1,-1
1095,-1,806.97,511.33,43.81,118.9,45.9,-1,-1
1095,-1,1028.97,442.18,49.58,116.31,26.1,-1,-1
1098,-1,811.06,495.29,47.09,132.59,31.0,-1,-1
1099,-1,808.32,497.8,49.18,130.96,28.2,-1,-1
1099,-1,1024.58,446.76,56.19,113.65,26.3,-1,-1
1100,-1,808.31,497.35,49.19,131.4,28.0,-1,-1
1100,-1,1024.58,446.64,56.2,113.79,26.7,-1,-1
1101,-1,808.2,516.71,49.31,112.2,34.1,-1,-1
1102,-1,1026.34,450.74,54.11,108.05,35.5,-1,-1
1103,-1,1029.24,454.74,50.15,103.34,43.7,-1,-1
1105,-1,1030.41,453.36,46.39,104.15,43.9,-1,-1
1106,-1,1030.37,453.88,46.39,103.65,45.5,-1,-1
1107,-1,1030.06,449.32,47.6,107.69,53.4,-1,-1
1108,-1,805.51,472.19,53.19,154.66,36.1,-1,-1
1110,-1,1031.78,454.42,46.88,102.51,28.2,-1,-1
1111,-1,1029.04,442.65,50.73,116.72,37.5,-1,-1
1112,-1,1029.03,442.64,50.75,116.73,37.6,-1,-1
1114,-1,1029.4,450.22,50.26,108.67,26.0,-1,-1
1115,-1,1028.94,440.56,50.55,116.16,30.0,-1,-1
1115,-1,815.59,537.54,45.64,89.12,27.4,-1,-1
1120,-1,818.91,506.38,41.47,119.33,28.7,-1,-1
1123,-1,1028.67,438.78,53.75,114.23,25.5,-1,-1
1124,-1,1028.66,438.77,53.75,114.24,25.5,-1,-1
1131,-1,1030.07,462.67,52.72,89.48,26.1,-1,-1
1132,-1,1030.56,463.81,52.51,88.64,26.6,-1,-1
1133,-1,1031.08,462.04,52.0,90.02,30.4,-1,-1
1138,-1,1031.27,454.41,52.4,96.49,29.6,-1,-1
1140,-1,1031.9,449.6,52.46,100.32,28.9,-1,-1
1141,-1,1031.29,446.76,53.53,103.59,30.1,-1,-1
1142,-1,1031.29,446.77,53.53,103.59,30.0,-1,-1
1143,-1,158.98,400.87,20.3,56.97,33.4,-1,-1
1144,-1,159.32,402.78,19.19,54.96,30.4,-1,-1
1150,-1,1032.32,443.72,51.85,106.28,28.4,-1,-1
1151,-1,1031.59,445.7,52.62,104.81,28.6,-1,-1
1152,-1,1029.7,446.94,52.79,104.05,31.8,-1,-1
1153,-1,1029.44,441.6,53.79,109.15,29.9,-1,-1
1154,-1,1029.43,441.59,53.79,109.16,29.8,-1,-1
1155,-1,1029.22,441.98,54.51,109.21,27.9,-1,-1
1156,-1,1029.33,440.59,54.97,110.44,27.1,-1,-1
1157,-1,1029.02,445.28,55.76,105.91,38.3,-1,-1
1158,-1,1031.3,451.85,54.34,98.55,38.3,-1,-1
1159,-1,1030.8,449.38,54.98,100.91,34.3,-1,-1
1160,-1,1030.78,449.31,55.0,100.98,34.6,-1,-1
1161,-1,1031.64,453.74,53.98,96.68,29.0,-1,-1
1171,-1,833.02,526.53,48.95,87.21,28.6,-1,-1
1172,-1,832.99,526.71,48.9,86.96,28.6,-1,-1
1173,-1,833.56,526.66,49.46,87.62,28.8,-1,-1
1209,-1,842.56,504.75,52.51,110.71,25.6,-1,-1
1210,-1,842.1,511.66,53.3,103.19,25.2,-1,-1
1221,-1,526.63,452.78,46.7,96.19,31.9,-1,-1
1221,-1,113.15,733.05,19.29,34.38,25.9,-1,-1
1240,-1,1026.18,430.31,48.94,113.46,28.6,-1,-1
1241,-1,1025.48,437.6,49.51,105.29,41.0,-1,-1
1242,-1,1025.32,443.9,49.2,100.2,48.4,-1,-1
1243,-1,1026.42,446.75,47.13,98.79,37.1,-1,-1
1244,-1,1026.44,446.71,47.12,98.86,36.7,-1,-1
1245,-1,1026.09,445.46,46.6,98.93,35.6,-1,-1
1251,-1,1021.15,442.9,52.23,100.16,31.6,-1,-1
1252,-1,1022.32,442.7,50.73,100.27,32.2,-1,-1
1253,-1,1022.12,443.11,51.09,99.98,32.5,-1,-1
1254,-1,1028.4,449.97,45.38,92.3,33.0,-1,-1
1255,-1,1019.99,429.4,52.94,114.05,47.7,-1,-1
1256,-1,1019.98,429.4,52.95,114.03,48.0,-1,-1
1257,-1,1020.43,430.75,52.94,112.83,42.4,-1,-1
1258,-1,1021.67,447.74,52.23,94.04,41.9,-1,-1
1259,-1,1021.36,446.41,52.19,95.17,43.3,-1,-1
1260,-1,1022.17,452.23,50.83,88.57,39.7,-1,-1
1261,-1,1022.24,452.13,50.5,89.04,41.3,-1,-1
1262,-1,1022.22,452.14,50.52,89.04,41.4,-1,-1
1263,-1,1023.05,448.85,49.78,92.31,44.8,-1,-1
1264,-1,1023.82,442.45,46.84,98.34,39.0,-1,-1
1265,-1,1023.01,442.66,47.3,98.44,55.6,-1,-1
1266,-1,1023.0,436.03,47.34,105.38,47.3,-1,-1
1267,-1,1020.43,433.66,52.87,109.38,36.6,-1,-1
1268,-1,1020.41,433.63,52.89,109.4,36.5,-1,-1
1275,-1,1020.96,437.53,42.26,98.07,33.3,-1,-1
1276,-1,1018.18,436.27,49.83,102.08,41.1,-1,-1
1279,-1,1015.75,452.48,47.56,84.75,32.4,-1,-1
1280,-1,1015.75,452.45,47.55,84.75,31.9,-1,-1
1281,-1,1015.14,448.2,47.89,88.7,34.9,-1,-1
1300,-1,259.18,782.64,21.17,46.55,26.9,-1,-1
1301,-1,1483.87,403.94,35.71,80.81,27.4,-1,-1
1305,-1,1480.58,401.53,39.15,83.18,39.6,-1,-1
1312,-1,246.19,781.7,18.68,46.06,35.9,-1,-1
1327,-1,221.05,787.7,16.49,38.07,25.5,-1,-1
1328,-1,221.1,787.78,16.53,37.99,25.1,-1,-1
1329,-1,279.85,544.41,57.08,123.42,37.9,-1,-1
1333,-1,214.52,779.46,20.58,47.0,39.2,-1,-1
1334,-1,214.54,779.42,20.57,47.03,39.5,-1,-1
1335,-1,213.88,776.66,22.49,48.39,36.3,-1,-1
1336,-1,214.03,773.06,20.68,52.14,35.2,-1,-1
1336,-1,978.13,440.03,50.78,88.17,25.1,-1,-1
1348,-1,387.52,779.41,15.61,43.62,25.8,-1,-1
1357,-1,259.58,530.07,59.14,134.98,30.6,-1,-1
1358,-1,259.59,530.1,58.96,134.95,30.2,-1,-1
1359,-1,1430.28,386.7,43.31,95.42,33.4,-1,-1
1359,-1,257.8,526.85,60.56,138.21,32.2,-1,-1
1359,-1,206.8,739.86,27.42,72.18,27.5,-1,-1
1372,-1,192.63,770.63,24.89,52.07,26.4,-1,-1
1378,-1,185.96,766.02,25.64,56.03,25.4,-1,-1
1380,-1,184.13,760.09,26.96,63.11,25.4,-1,-1
1395,-1,1407.6,391.16,42.43,82.93,37.3,-1,-1
1396,-1,1407.39,391.33,43.24,82.56,42.6,-1,-1
1408,-1,169.6,476.3,16.29,45.36,26.8,-1,-1
1491,-1,556.52,527.25,20.64,59.21,32.4,-1,-1
1492,-1,555.66,530.99,21.61,55.76,28.3,-1,-1
1494,-1,556.56,531.91,21.61,53.93,32.3,-1,-1
1525,-1,575.55,542.3,18.15,44.62,30.5,-1,-1
1526,-1,575.54,542.45,18.11,44.48,30.6,-1,-1
1527,-1,575.26,544.89,18.01,41.82,27.2,-1,-1
1530,-1,786.27,779.44,14.84,37.4,26.0,-1,-1
1535,-1,575.49,529.59,19.23,58.14,26.3,-1,-1
1536,-1,576.42,533.91,19.25,54.57,25.7,-1,-1
1558,-1,1328.03,382.89,41.13,80.53,32.4,-1,-1
1585,-1,1318.63,377.92,47.55,85.2,39.4,-1,-1
1586,-1,1318.62,377.82,47.63,85.3,39.5,-1,-1
1587,-1,1319.09,375.09,48.84,87.67,39.7,-1,-1
1588,-1,1318.15,375.61,49.04,87.32,30.7,-1,-1
1589,-1,1318.42,376.8,49.14,85.85,34.7,-1,-1
1590,-1,1318.5,378.8,47.43,84.2,29.4,-1,-1
1597,-1,821.22,777.16,20.94,46.17,33.7,-1,-1
1597,-1,824.62,771.03,21.51,49.48,25.5,-1,-1
1598,-1,821.22,777.14,20.95,46.18,33.6,-1,-1
1598,-1,824.61,771.02,21.53,49.49,25.5,-1,-1
1599,-1,261.36,769.1,20.22,46.56,33.2,-1,-1
1600,-1,260.77,768.36,20.83,47.7,29.7,-1,-1
1600,-1,822.33,780.07,16.55,42.55,29.4,-1,-1
1600,-1,1319.13,378.5,46.74,83.22,29.0,-1,-1
1601,-1,821.97,780.24,17.0,42.14,29.0,-1,-1
1603,-1,827.65,775.86,17.64,43.78,27.5,-1,-1
1603,-1,256.91,767.37,21.24,46.27,26.6,-1,-1
1604,-1,827.65,775.86,17.64,43.77,27.5,-1,-1
1604,-1,256.92,767.38,21.23,46.26,26.7,-1,-1
1613,-1,259.09,763.25,22.06,53.1,34.6,-1,-1
1613,-1,886.05,777.9,20.83,46.66,26.8,-1,-1
1614,-1,259.38,765.12,21.75,51.18,39.5,-1,-1
1615,-1,259.2,764.73,21.8,51.38,36.6,-1,-1
1615,-1,886.55,777.26,19.54,47.19,28.0,-1,-1
1616,-1,259.2,764.73,21.8,51.39,36.6,-1,-1
1616,-1,886.54,777.22,19.58,47.23,27.9,-1,-1
1617,-1,258.6,763.91,23.06,52.97,31.4,-1,-1
1618,-1,257.36,764.04,25.57,54.68,25.3,-1,-1
1619,-1,257.85,764.28,24.68,54.27,27.5,-1,-1
1624,-1,1707.88,394.93,23.56,64.53,26.6,-1,-1
1625,-1,582.89,526.18,19.9,56.45,33.7,-1,-1
1626,-1,583.35,527.13,19.8,56.19,30.6,-1,-1
1626,-1,688.07,778.66,17.47,40.64,27.5,-1,-1
1627,-1,883.11,772.54,18.79,46.07,26.6,-1,-1
1628,-1,883.11,772.54,18.79,46.08,26.6,-1,-1
1629,-1,883.24,772.56,19.47,46.83,29.8,-1,-1
1629,-1,688.52,776.65,16.82,41.24,25.5,-1,-1
1630,-1,883.31,773.65,19.25,46.12,30.6,-1,-1
1630,-1,687.64,776.25,17.57,41.19,28.8,-1,-1
1630,-1,258.71,750.01,40.26,68.61,27.9,-1,-1
1631,-1,584.98,524.17,20.92,59.78,27.7,-1,-1
1631,-1,252.75,743.35,42.74,75.87,26.6,-1,-1
1631,-1,883.86,772.59,19.51,46.7,26.4,-1,-1
1631,-1,688.54,777.05,16.2,39.49,26.0,-1,-1
1631,-1,588.05,532.44,19.22,48.09,25.1,-1,-1
1632,-1,589.13,534.02,19.21,45.44,26.4,-1,-1
1633,-1,588.98,534.3,19.47,45.21,25.5,-1,-1
1634,-1,588.98,534.3,19.48,45.22,25.6,-1,-1
1636,-1,589.36,530.85,20.47,49.05,28.8,-1,-1
1638,-1,687.51,776.73,17.38,39.86,27.0,-1,-1
1642,-1,687.48,772.73,17.74,44.89,26.0,-1,-1
1643,-1,688.89,775.56,17.85,42.91,27.1,-1,-1
1644,-1,689.83,775.73,17.67,42.97,28.3,-1,-1
1645,-1,691.0,777.14,17.07,41.58,25.7,-1,-1
1646,-1,691.0,777.15,17.06,41.58,25.7,-1,-1
1647,-1,1694.08,394.36,30.6,65.63,35.0,-1,-1
1648,-1,1316.96,381.37,36.92,75.83,31.4,-1,-1
1651,-1,1314.16,379.95,38.04,75.24,25.8,-1,-1
1651,-1,698.17,779.87,15.88,42.53,25.7,-1,-1
1652,-1,1314.16,379.97,38.07,75.21,25.8,-1,-1
1652,-1,698.14,779.87,15.9,42.53,25.7,-1,-1
1654,-1,1313.75,380.5,38.89,74.87,28.6,-1,-1
1655,-1,1313.78,379.59,39.94,75.84,33.3,-1,-1
1656,-1,1312.65,378.82,39.1,77.08,37.5,-1,-1
1657,-1,1312.47,378.99,37.57,75.91,39.3,-1,-1
1658,-1,1312.44,379.01,37.61,75.92,39.4,-1,-1
1659,-1,1311.8,378.99,37.02,76.08,37.9,-1,-1
1660,-1,1311.94,380.76,35.76,74.01,30.4,-1,-1
1660,-1,874.94,767.47,21.69,49.73,27.0,-1,-1
1660,-1,800.25,477.51,50.65,107.04,25.5,-1,-1
1661,-1,1310.61,379.49,37.06,76.2,46.4,-1,-1
1661,-1,806.41,495.91,46.52,89.24,31.4,-1,-1
1662,-1,1309.1,379.28,38.98,77.13,53.7,-1,-1
1662,-1,807.35,498.07,45.91,86.61,34.6,-1,-1
1662,-1,618.68,518.98,22.62,63.12,25.4,-1,-1
1663,-1,1309.06,378.77,39.67,77.84,54.6,-1,-1
1663,-1,617.17,517.69,24.85,65.86,51.9,-1,-1
1664,-1,1309.11,378.72,39.62,77.87,54.4,-1,-1
1664,-1,617.18,517.67,24.84,65.87,52.0,-1,-1
1665,-1,1308.96,379.58,39.42,76.86,52.8,-1,-1
1665,-1,616.0,519.56,24.98,63.7,43.4,-1,-1
1666,-1,1308.49,381.06,40.07,74.55,47.3,-1,-1
1666,-1,614.9,519.83,25.84,66.9,33.2,-1,-1
1667,-1,1308.88,381.4,39.95,73.77,42.5,-1,-1
1667,-1,614.45,521.77,26.11,65.72,36.2,-1,-1
1668,-1,614.53,522.02,25.77,65.17,43.5,-1,-1
1668,-1,1309.95,381.1,38.04,73.77,37.9,-1,-1
1669,-1,614.57,521.57,25.19,65.57,48.0,-1,-1
1670,-1,614.59,521.58,25.18,65.56,48.1,-1,-1
1671,-1,616.09,520.9,23.42,64.55,34.9,-1,-1
1672,-1,618.36,520.96,21.23,60.27,34.6,-1,-1
1673,-1,618.66,519.64,20.87,61.03,27.5,-1,-1
1674,-1,1309.55,381.77,33.27,73.04,26.6,-1,-1
1678,-1,616.27,523.59,22.65,60.71,29.9,-1,-1
1685,-1,1302.46,381.01,35.48,72.8,26.3,-1,-1
1691,-1,451.3,771.02,23.21,49.71,26.2,-1,-1
1692,-1,1743.55,399.03,23.89,56.08,30.5,-1,-1
1692,-1,452.55,769.86,23.33,50.78,29.2,-1,-1
1693,-1,452.02,773.07,21.65,47.72,26.3,-1,-1
1694,-1,452.04,773.09,21.63,47.7,26.2,-1,-1
1695,-1,792.64,483.24,56.32,107.5,30.3,-1,-1
1695,-1,452.58,771.83,21.22,48.79,27.1,-1,-1
1698,-1,1293.45,377.35,40.81,73.84,25.9,-1,-1
1701,-1,792.83,489.24,56.55,99.22,29.8,-1,-1
1702,-1,792.4,487.15,57.15,101.11,39.6,-1,-1
1703,-1,791.0,477.75,56.83,110.3,39.7,-1,-1
1704,-1,883.16,778.33,14.0,40.0,25.3,-1,-1
1705,-1,1299.83,380.71,31.96,69.59,31.6,-1,-1
1706,-1,1299.84,380.71,31.95,69.61,31.8,-1,-1
1707,-1,1294.45,375.81,37.11,75.75,33.9,-1,-1
1708,-1,1296.32,378.57,33.77,72.75,29.7,-1,-1
1709,-1,626.84,777.75,20.67,46.15,28.1,-1,-1
1710,-1,597.65,523.42,21.99,62.32,41.1,-1,-1
1717,-1,1290.46,377.55,36.6,75.33,27.3,-1,-1
1718,-1,1290.47,377.61,36.57,75.26,27.0,-1,-1
1719,-1,1289.33,380.17,38.51,72.24,33.9,-1,-1
1720,-1,1289.17,380.78,38.65,71.98,32.3,-1,-1
1721,-1,1289.55,379.02,37.86,73.11,36.7,-1,-1
1722,-1,1290.13,380.42,36.4,71.72,37.4,-1,-1
1723,-1,1290.34,380.39,38.54,71.72,40.5,-1,-1
1724,-1,1290.31,380.37,38.54,71.74,40.4,-1,-1
1725,-1,1292.18,382.83,37.89,69.09,41.8,-1,-1
1726,-1,1291.59,382.5,36.47,68.58,39.3,-1,-1
1726,-1,1280.46,381.74,33.73,74.76,38.0,-1,-1
1726,-1,528.38,783.89,16.35,44.57,28.0,-1,-1
1727,-1,1289.97,383.5,37.05,67.94,40.4,-1,-1
1727,-1,1279.36,381.45,38.59,75.62,39.7,-1,-1
1728,-1,1282.24,379.94,40.22,78.06,42.2,-1,-1
1728,-1,786.55,445.88,57.01,144.99,32.1,-1,-1
1728,-1,535.58,753.98,14.97,36.87,27.7,-1,-1
1729,-1,783.56,449.87,60.75,141.26,44.4,-1,-1
1729,-1,535.29,753.07,13.91,34.02,30.9,-1,-1
1729,-1,530.37,767.98,15.17,58.45,25.5,-1,-1
1730,-1,783.58,449.67,60.72,141.47,44.5,-1,-1
1730,-1,535.28,753.06,13.92,34.0,31.0,-1,-1
1730,-1,530.38,767.94,15.16,58.5,25.5,-1,-1
1731,-1,784.11,452.25,60.22,138.53,41.2,-1,-1
1731,-1,535.33,753.59,13.84,39.31,27.5,-1,-1
1732,-1,781.02,432.26,63.05,156.97,32.9,-1,-1
1733,-1,782.92,446.11,60.95,143.82,46.6,-1,-1
1733,-1,699.44,782.73,15.33,42.12,30.1,-1,-1
1734,-1,783.81,444.74,59.24,145.95,34.0,-1,-1
1739,-1,687.67,779.21,18.78,42.59,29.4,-1,-1
1740,-1,777.69,444.23,63.53,145.42,25.3,-1,-1
1741,-1,79.73,474.85,21.95,49.69,29.9,-1,-1
1741,-1,780.21,480.26,59.38,109.46,27.1,-1,-1
1742,-1,79.73,474.86,21.91,49.67,29.9,-1,-1
1742,-1,780.18,480.18,59.41,109.53,27.0,-1,-1
1743,-1,779.13,447.19,61.67,141.08,28.8,-1,-1
1747,-1,702.19,780.97,15.34,42.69,26.9,-1,-1
1748,-1,702.2,780.97,15.34,42.69,26.9,-1,-1
1749,-1,1272.22,375.69,40.39,79.01,31.8,-1,-1
1750,-1,1270.25,375.41,42.14,80.2,30.1,-1,-1
1751,-1,1271.09,376.65,37.48,78.98,30.5,-1,-1
1751,-1,788.46,441.45,51.91,144.11,30.2,-1,-1
1752,-1,787.05,492.5,51.77,93.63,35.6,-1,-1
1753,-1,786.22,495.29,51.46,90.85,51.9,-1,-1
1754,-1,786.22,495.27,51.45,90.89,52.0,-1,-1
1755,-1,789.47,437.92,50.54,148.46,30.2,-1,-1
1755,-1,782.34,464.87,55.8,125.23,28.4,-1,-1
1756,-1,1267.43,375.53,44.43,80.84,29.9,-1,-1
1757,-1,447.58,779.12,18.18,44.28,26.0,-1,-1
1759,-1,497.73,773.53,19.02,49.91,27.0,-1,-1
1760,-1,497.74,773.56,19.0,49.89,26.9,-1,-1
1761,-1,432.58,783.01,16.5,45.48,30.1,-1,-1
1761,-1,495.99,773.02,18.8,50.92,29.1,-1,-1
1762,-1,495.07,773.04,21.83,52.46,38.7,-1,-1
1762,-1,429.82,782.19,17.42,46.57,29.1,-1,-1
1763,-1,493.5,773.89,23.56,54.02,44.0,-1,-1
1763,-1,497.63,783.01,21.95,46.64,25.0,-1,-1
1764,-1,491.62,769.15,25.55,58.68,43.7,-1,-1
1765,-1,493.42,776.74,21.89,49.44,26.5,-1,-1
1766,-1,493.44,776.74,21.86,49.44,26.2,-1,-1
1767,-1,782.31,499.42,47.37,87.93,37.5,-1,-1
1768,-1,1651.87,393.97,29.8,61.37,31.2,-1,-1
1768,-1,780.82,500.79,49.61,84.49,28.3,-1,-1
1769,-1,620.64,528.2,20.36,61.87,42.3,-1,-1
1769,-1,780.19,501.94,52.01,82.62,29.7,-1,-1
1770,-1,620.37,524.24,21.61,66.53,40.5,-1,-1
1771,-1,620.68,524.85,21.83,66.71,30.2,-1,-1
1771,-1,1270.06,380.7,32.27,73.08,26.8,-1,-1
1771,-1,779.08,499.07,42.86,84.08,26.1,-1,-1
1772,-1,620.7,524.92,21.81,66.65,30.1,-1,-1
1772,-1,1270.05,380.72,32.28,73.06,26.9,-1,-1
1772,-1,779.07,499.07,42.99,84.05,26.5,-1,-1
1773,-1,619.57,525.26,21.77,66.15,36.5,-1,-1
1773,-1,1266.62,379.62,35.65,75.39,35.6,-1,-1
1773,-1,775.54,498.51,48.42,88.37,34.5,-1,-1
1774,-1,619.27,523.41,22.27,66.79,54.3,-1,-1
1774,-1,777.43,498.4,46.45,85.92,40.7,-1,-1
1774,-1,1263.15,374.8,40.43,78.81,31.8,-1,-1
1775,-1,619.9,527.43,21.07,62.91,50.7,-1,-1
1775,-1,1263.55,376.44,40.79,76.31,29.3,-1,-1
1775,-1,776.71,496.69,46.24,86.71,26.7,-1,-1
1776,-1,1261.33,378.51,39.94,74.22,25.2,-1,-1
1777,-1,617.95,525.07,23.0,67.17,38.0,-1,-1
1777,-1,767.83,494.84,55.96,93.73,28.0,-1,-1
1778,-1,617.98,525.08,22.98,67.18,37.7,-1,-1
1778,-1,767.83,494.85,55.96,93.7,27.7,-1,-1
1779,-1,616.09,525.69,25.0,66.24,50.5,-1,-1
1779,-1,1259.33,362.61,41.36,92.6,30.0,-1,-1
1780,-1,1257.86,351.66,43.04,103.38,29.4,-1,-1
1781,-1,1258.89,360.63,42.15,93.76,32.0,-1,-1
1783,-1,1257.63,366.29,42.06,86.23,37.1,-1,-1
1784,-1,1257.6,366.37,42.13,86.16,36.4,-1,-1
1786,-1,808.45,418.36,55.01,95.91,26.6,-1,-1
1787,-1,806.81,416.54,56.01,97.53,35.4,-1,-1
1788,-1,806.97,418.87,55.66,95.3,28.5,-1,-1
1792,-1,1257.42,370.25,38.65,82.07,25.8,-1,-1
1805,-1,1247.56,365.74,40.84,83.99,39.6,-1,-1
1806,-1,758.51,492.72,48.63,94.33,37.9,-1,-1
1806,-1,746.69,495.27,57.56,97.82,25.1,-1,-1
1809,-1,744.51,486.36,57.14,105.73,29.5,-1,-1
1809,-1,1248.52,369.32,38.19,78.85,27.1,-1,-1
1810,-1,741.25,487.45,61.49,105.29,37.2,-1,-1
1810,-1,1247.99,369.5,37.63,79.31,28.8,-1,-1
1812,-1,739.77,422.59,64.57,169.75,30.8,-1,-1
1813,-1,1246.6,365.7,37.65,84.19,41.3,-1,-1
1813,-1,740.73,433.19,62.78,159.21,32.6,-1,-1
1814,-1,1246.54,365.22,37.74,84.64,41.0,-1,-1
1814,-1,740.73,433.46,62.75,158.97,32.3,-1,-1
1815,-1,291.42,432.71,46.87,97.94,26.8,-1,-1
1823,-1,280.98,445.98,49.59,87.09,45.4,-1,-1
1823,-1,737.67,453.46,57.22,139.35,40.7,-1,-1
1823,-1,280.84,393.33,48.51,139.3,37.9,-1,-1
1824,-1,282.36,439.32,47.28,92.51,56.1,-1,-1
1824,-1,281.28,401.8,45.96,129.85,45.2,-1,-1
1824,-1,737.86,425.85,58.56,166.89,42.6,-1,-1
1825,-1,279.72,432.9,46.48,98.15,34.6,-1,-1
1825,-1,676.54,804.92,22.69,47.06,33.4,-1,-1
1826,-1,280.74,442.58,47.06,89.12,34.4,-1,-1
1826,-1,676.53,805.03,22.64,46.95,33.7,-1,-1
1827,-1,280.19,438.05,45.0,92.81,37.9,-1,-1
1828,-1,737.79,435.84,58.12,156.58,42.4,-1,-1
1828,-1,283.92,435.38,41.24,95.65,30.5,-1,-1
1829,-1,737.75,427.22,56.52,164.31,60.3,-1,-1
1829,-1,279.67,438.37,42.66,91.98,54.8,-1,-1
1829,-1,527.33,773.49,16.94,32.42,26.1,-1,-1
1830,-1,277.17,436.58,43.66,93.07,52.6,-1,-1
1830,-1,738.25,426.56,52.38,164.45,39.4,-1,-1
1831,-1,733.13,424.99,56.28,166.64,69.7,-1,-1
1831,-1,270.76,437.18,46.7,91.09,43.4,-1,-1
1832,-1,733.14,424.97,56.3,166.67,69.6,-1,-1
1832,-1,270.77,437.16,46.72,91.11,43.4,-1,-1
1833,-1,733.24,426.77,56.22,165.15,69.8,-1,-1
1833,-1,269.53,441.61,48.53,89.75,56.3,-1,-1
1834,-1,268.35,438.9,47.07,91.48,57.8,-1,-1
1834,-1,736.68,437.69,51.76,150.1,31.5,-1,-1
1835,-1,735.71,438.55,51.39,148.4,37.0,-1,-1
1835,-1,264.35,440.51,51.54,88.8,29.0,-1,-1
1836,-1,734.29,441.37,51.18,143.98,27.5,-1,-1
1837,-1,529.49,772.97,14.65,33.08,31.0,-1,-1
1838,-1,529.42,773.18,14.74,32.9,31.3,-1,-1
1843,-1,427.15,804.43,20.83,54.26,34.4,-1,-1
1844,-1,427.28,804.5,20.77,54.18,34.3,-1,-1
1845,-1,256.98,432.99,50.65,99.1,25.2,-1,-1
1846,-1,718.23,431.79,58.87,169.42,38.8,-1,-1
1846,-1,254.62,431.72,49.64,100.79,36.9,-1,-1
1846,-1,425.31,804.08,22.69,55.3,33.5,-1,-1
1847,-1,255.03,437.94,44.76,94.35,45.8,-1,-1
1847,-1,424.5,805.75,23.03,53.61,26.1,-1,-1
1848,-1,254.21,443.48,45.71,88.17,51.1,-1,-1
1849,-1,720.04,434.79,56.93,165.14,51.0,-1,-1
1849,-1,254.51,441.12,44.37,91.13,47.1,-1,-1
1850,-1,720.07,434.6,56.92,165.35,50.9,-1,-1
1850,-1,254.52,441.13,44.38,91.11,47.2,-1,-1
1851,-1,719.02,433.26,56.97,166.6,55.6,-1,-1
1851,-1,250.47,442.01,46.78,91.07,45.0,-1,-1
1852,-1,718.23,436.01,56.66,164.3,52.9,-1,-1
1852,-1,250.69,438.99,44.93,93.04,43.5,-1,-1
1853,-1,718.97,423.76,56.24,175.22,61.8,-1,-1
1853,-1,247.76,440.41,43.93,91.25,38.9,-1,-1
1854,-1,245.69,438.43,47.27,93.21,37.9,-1,-1
1854,-1,717.94,427.31,55.87,172.52,33.5,-1,-1
1855,-1,1620.89,389.48,33.89,60.25,34.6,-1,-1
1855,-1,242.75,440.85,48.83,93.63,29.3,-1,-1
1856,-1,1620.87,389.51,33.89,60.23,33.4,-1,-1
1856,-1,242.64,440.85,48.87,93.57,29.7,-1,-1
1857,-1,713.4,407.71,63.69,191.43,45.3,-1,-1
1858,-1,715.4,427.18,57.18,171.56,58.3,-1,-1
1858,-1,243.4,442.22,43.66,92.03,40.9,-1,-1
1859,-1,714.49,409.01,58.85,190.49,42.1,-1,-1
1860,-1,714.2,409.08,59.33,189.29,58.5,-1,-1
1861,-1,715.09,412.82,56.58,184.1,61.2,-1,-1
1862,-1,715.08,412.77,56.57,184.15,61.4,-1,-1
1863,-1,734.59,408.11,41.22,173.25,33.1,-1,-1
1864,-1,715.24,414.8,59.51,183.59,42.4,-1,-1
1865,-1,727.47,423.58,47.11,173.27,25.0,-1,-1
1866,-1,233.35,438.4,47.11,97.76,38.7,-1,-1
1866,-1,726.0,418.58,47.59,179.54,26.2,-1,-1
1867,-1,725.84,417.98,51.47,182.03,25.5,-1,-1
1868,-1,725.82,417.92,51.45,182.09,25.3,-1,-1
1870,-1,230.67,438.92,46.7,95.84,41.2,-1,-1
1878,-1,403.06,805.77,28.46,63.21,35.8,-1,-1
1879,-1,405.87,800.61,23.65,66.48,49.8,-1,-1
1880,-1,405.89,800.58,23.6,66.52,49.8,-1,-1
1881,-1,207.29,435.76,53.71,100.0,40.3,-1,-1
1883,-1,206.34,434.14,53.89,102.3,39.0,-1,-1
1883,-1,398.33,805.64,22.9,57.39,28.7,-1,-1
1884,-1,207.84,433.95,52.38,100.19,29.1,-1,-1
1885,-1,207.09,432.08,50.87,103.45,41.6,-1,-1
1885,-1,1200.95,359.02,38.87,88.99,38.5,-1,-1
1885,-1,396.53,807.94,23.21,59.25,32.1,-1,-1
1886,-1,207.09,432.3,50.88,103.24,41.5,-1,-1
1886,-1,1200.93,359.02,38.85,88.95,38.6,-1,-1
1886,-1,396.52,808.11,23.15,59.07,32.1,-1,-1
1887,-1,1202.45,358.0,36.87,89.72,36.0,-1,-1
1887,-1,689.74,439.93,63.81,158.91,33.2,-1,-1
1887,-1,697.47,408.42,59.76,188.05,30.8,-1,-1
1887,-1,207.9,432.51,46.75,100.97,29.8,-1,-1
1888,-1,688.87,409.83,66.4,186.59,49.2,-1,-1
1888,-1,205.85,434.53,46.49,99.89,29.9,-1,-1
1889,-1,1203.46,359.53,34.1,87.07,34.9,-1,-1
1889,-1,689.82,410.43,63.64,187.69,28.0,-1,-1
1890,-1,202.06,440.14,46.71,93.71,38.7,-1,-1
1891,-1,199.44,439.75,46.78,94.9,38.5,-1,-1
1891,-1,1198.18,357.37,36.19,89.0,30.9,-1,-1
1892,-1,199.46,439.56,46.78,95.08,37.9,-1,-1
1892,-1,1198.15,357.53,36.35,88.84,32.0,-1,-1
1893,-1,392.52,802.43,26.64,63.21,37.3,-1,-1
1893,-1,1200.01,358.28,32.55,85.62,37.0,-1,-1
1894,-1,388.95,793.82,30.94,77.61,51.4,-1,-1
1894,-1,1197.79,356.94,34.52,86.71,28.5,-1,-1
1895,-1,1194.89,357.2,38.25,88.0,45.8,-1,-1
1895,-1,196.12,440.59,45.04,92.84,29.4,-1,-1
1896,-1,1194.49,358.2,37.85,87.52,37.2,-1,-1
1896,-1,681.88,410.76,71.86,188.47,27.8,-1,-1
1896,-1,196.3,436.31,44.25,97.01,25.8,-1,-1
1897,-1,1196.75,361.25,35.75,84.18,37.0,-1,-1
1898,-1,1196.75,361.25,35.75,84.19,37.1,-1,-1
1899,-1,1195.73,360.45,35.76,84.14,42.5,-1,-1
1900,-1,1190.56,358.77,40.58,86.12,51.1,-1,-1
1901,-1,1187.4,357.14,42.82,87.57,48.1,-1,-1
1902,-1,1191.68,360.49,39.09,83.97,47.3,-1,-1
1902,-1,1182.74,360.56,40.23,84.13,38.7,-1,-1
1903,-1,1190.39,358.95,39.81,86.4,37.0,-1,-1
1903,-1,1757.76,356.9,39.88,75.2,29.1,-1,-1
1903,-1,1180.11,358.61,40.92,86.07,25.2,-1,-1
1904,-1,1190.51,359.05,39.68,86.32,36.9,-1,-1
1904,-1,1757.8,357.8,39.7,74.25,29.0,-1,-1
1905,-1,1180.81,357.46,41.63,87.91,41.7,-1,-1
1905,-1,1756.5,356.57,39.57,75.6,31.8,-1,-1
1906,-1,1757.5,352.59,39.4,79.52,50.9,-1,-1
1906,-1,1197.27,361.95,32.19,82.45,32.1,-1,-1
1906,-1,660.1,413.63,79.09,235.0,25.9,-1,-1
1907,-1,1757.03,357.35,40.16,74.54,46.1,-1,-1
1907,-1,185.35,435.76,46.4,99.03,31.9,-1,-1
1908,-1,1757.99,358.41,37.29,71.76,36.7,-1,-1
1908,-1,185.61,435.6,44.95,99.95,31.9,-1,-1
1908,-1,664.11,413.65,73.47,233.38,26.2,-1,-1
1909,-1,1757.31,361.49,33.2,68.5,43.0,-1,-1
1909,-1,671.99,413.32,67.11,190.85,35.9,-1,-1
1909,-1,1178.89,351.61,39.61,94.98,26.8,-1,-1
1910,-1,1757.21,360.7,33.23,69.24,39.9,-1,-1
1910,-1,671.98,413.33,67.08,190.8,36.1,-1,-1
1910,-1,1178.86,351.59,39.66,94.99,27.0,-1,-1
1910,-1,186.13,438.1,43.68,96.98,25.7,-1,-1
1911,-1,672.28,412.83,63.01,191.18,30.6,-1,-1
1911,-1,908.76,817.54,23.52,54.65,25.2,-1,-1
1912,-1,672.04,408.09,65.66,195.55,38.6,-1,-1
1913,-1,177.42,435.01,49.59,99.55,25.2,-1,-1
1914,-1,669.76,416.5,66.53,186.11,56.1,-1,-1
1914,-1,174.11,439.26,48.6,92.26,25.8,-1,-1
1915,-1,668.63,406.47,67.56,198.31,50.4,-1,-1
1915,-1,168.68,433.37,52.4,97.52,27.2,-1,-1
1916,-1,668.62,406.47,67.61,198.5,50.5,-1,-1
1916,-1,168.6,433.21,52.46,97.63,26.2,-1,-1
1917,-1,669.38,409.92,66.83,198.21,44.7,-1,-1
1917,-1,508.6,816.66,19.26,56.77,28.7,-1,-1
1917,-1,510.0,802.53,15.59,45.17,26.0,-1,-1
1918,-1,670.51,410.14,61.56,193.83,56.5,-1,-1
1918,-1,508.28,819.86,19.84,55.18,29.5,-1,-1
1919,-1,667.74,411.26,61.69,191.64,61.9,-1,-1
1919,-1,523.84,551.1,19.35,57.34,39.3,-1,-1
1920,-1,670.85,416.04,58.49,178.62,37.1,-1,-1
1920,-1,523.41,548.91,19.49,58.66,29.5,-1,-1
1921,-1,668.53,420.74,61.33,174.71,59.7,-1,-1
1921,-1,497.3,825.47,20.69,47.63,32.6,-1,-1
1921,-1,1175.56,355.22,42.23,87.72,26.0,-1,-1
1922,-1,668.47,420.69,61.39,174.78,59.6,-1,-1
1922,-1,497.32,825.49,20.65,47.57,32.6,-1,-1
1922,-1,1175.49,354.96,42.33,87.98,26.7,-1,-1
1923,-1,1176.08,354.57,42.35,88.42,46.1,-1,-1
1923,-1,666.3,413.43,60.61,181.65,44.5,-1,-1
1923,-1,497.56,825.81,19.66,45.82,28.8,-1,-1
1924,-1,1176.22,355.21,40.07,88.4,49.4,-1,-1
1924,-1,666.13,410.05,59.52,186.47,47.3,-1,-1
1924,-1,160.63,431.44,52.48,101.8,32.1,-1,-1
1924,-1,1169.11,356.33,39.28,89.89,28.2,-1,-1
1924,-1,493.15,824.89,21.45,49.94,26.3,-1,-1
1925,-1,665.39,437.84,59.56,164.39,51.6,-1,-1
1925,-1,1169.19,354.94,41.72,89.88,29.4,-1,-1
1925,-1,490.29,822.52,23.72,51.4,29.2,-1,-1
1925,-1,487.43,828.77,22.4,45.71,26.6,-1,-1
1926,-1,158.54,436.23,52.46,97.71,39.8,-1,-1
1926,-1,666.61,408.84,58.48,191.05,38.3,-1,-1
1926,-1,491.05,824.55,24.86,50.47,28.7,-1,-1
1926,-1,1175.73,352.91,38.31,89.41,26.1,-1,-1
1926,-1,1167.99,355.88,34.37,88.64,26.0,-1,-1
1927,-1,667.1,410.09,54.07,185.39,34.8,-1,-1
1927,-1,159.45,438.08,48.42,95.85,32.8,-1,-1
1927,-1,1173.9,351.32,40.45,90.66,29.5,-1,-1
1927,-1,1167.38,352.81,36.68,91.7,26.1,-1,-1
1928,-1,667.12,409.82,54.06,185.67,34.6,-1,-1
1928,-1,159.48,438.04,48.4,95.89,32.6,-1,-1
1928,-1,1173.91,351.31,40.39,90.68,29.4,-1,-1
1928,-1,1167.38,352.74,36.7,91.7,26.0,-1,-1
1929,-1,662.01,419.09,58.92,182.1,67.7,-1,-1
1929,-1,555.4,826.99,25.89,50.45,27.9,-1,-1
1930,-1,663.16,409.61,55.1,190.16,48.5,-1,-1
1930,-1,156.27,437.09,48.93,96.63,33.8,-1,-1
1930,-1,1175.42,353.96,36.36,86.38,27.6,-1,-1
1931,-1,661.05,411.35,61.0,195.85,42.9,-1,-1
1931,-1,1166.35,352.81,41.65,90.02,40.4,-1,-1
1932,-1,661.03,407.81,57.22,214.88,46.9,-1,-1
1932,-1,1165.48,354.62,42.16,88.02,30.5,-1,-1
1933,-1,660.33,402.41,56.75,208.84,44.6,-1,-1
1933,-1,1164.56,353.83,43.07,88.23,28.3,-1,-1
1933,-1,554.28,802.58,20.54,65.74,26.9,-1,-1
1934,-1,660.3,402.5,56.76,208.88,44.9,-1,-1
1934,-1,1164.6,353.79,43.05,88.27,28.4,-1,-1
1934,-1,554.33,802.59,20.48,65.62,26.8,-1,-1
1935,-1,656.46,406.49,58.94,207.43,49.9,-1,-1
1935,-1,1165.76,355.29,38.18,87.35,36.1,-1,-1
1936,-1,654.67,404.36,61.33,212.63,57.4,-1,-1
1936,-1,1164.42,358.55,35.47,85.41,30.0,-1,-1
1937,-1,653.08,407.34,61.63,213.26,61.3,-1,-1
1937,-1,1163.74,358.46,37.42,85.29,29.5,-1,-1
1938,-1,652.41,405.85,61.18,230.35,53.0,-1,-1
1938,-1,1162.64,356.21,36.86,87.42,30.6,-1,-1
1939,-1,649.01,406.32,63.29,230.32,49.5,-1,-1
1939,-1,1158.75,355.45,37.34,88.07,37.2,-1,-1
1939,-1,1125.38,380.82,19.92,56.55,25.1,-1,-1
1940,-1,649.13,406.19,63.03,228.06,49.0,-1,-1
1940,-1,1158.76,355.45,37.39,88.07,37.0,-1,-1
1941,-1,652.53,402.35,59.26,231.29,46.2,-1,-1
1941,-1,1158.61,355.24,37.68,88.44,40.9,-1,-1
1942,-1,141.29,435.98,45.86,96.52,26.7,-1,-1
1942,-1,1158.13,355.35,33.69,86.77,25.5,-1,-1
1942,-1,650.47,405.61,59.92,231.21,25.0,-1,-1
1943,-1,1155.54,353.47,32.96,89.08,35.3,-1,-1
1943,-1,647.96,403.88,59.88,202.78,32.1,-1,-1
1943,-1,139.03,430.52,48.03,101.52,31.6,-1,-1
1944,-1,1726.03,345.57,35.69,78.14,25.9,-1,-1
1945,-1,649.73,398.03,55.25,198.24,40.3,-1,-1
1945,-1,138.02,439.12,47.05,92.98,33.3,-1,-1
1946,-1,649.76,398.09,55.29,198.27,40.6,-1,-1
1946,-1,138.03,438.97,47.11,93.11,33.3,-1,-1
1947,-1,635.36,408.58,71.35,195.34,55.2,-1,-1
1947,-1,1724.01,326.56,44.01,96.78,30.3,-1,-1
1948,-1,1725.59,326.75,43.39,97.42,29.7,-1,-1
1949,-1,639.13,413.49,63.31,188.38,41.8,-1,-1
1949,-1,1729.09,334.43,39.88,89.29,32.5,-1,-1
1950,-1,633.71,415.14,70.75,187.17,52.9,-1,-1
1950,-1,1734.59,350.33,34.84,72.75,26.3,-1,-1
1950,-1,121.18,437.6,58.83,100.64,25.6,-1,-1
1951,-1,634.54,411.09,69.21,191.04,55.3,-1,-1
1952,-1,634.53,411.14,69.22,190.98,55.4,-1,-1
1953,-1,637.24,410.33,65.67,191.83,63.8,-1,-1
1953,-1,1144.35,350.85,36.39,91.18,26.0,-1,-1
1954,-1,634.11,412.35,69.38,189.46,68.3,-1,-1
1955,-1,631.49,409.14,71.13,193.11,69.1,-1,-1
1956,-1,635.71,405.68,65.06,195.3,55.9,-1,-1
1956,-1,1151.16,350.78,45.6,90.23,25.8,-1,-1
1957,-1,636.7,408.21,64.15,192.96,65.5,-1,-1
1957,-1,1150.66,349.48,43.74,90.97,30.2,-1,-1
1958,-1,636.7,408.26,64.12,192.95,65.4,-1,-1
1958,-1,1150.65,349.42,43.77,91.02,30.4,-1,-1
1959,-1,637.07,407.24,62.23,202.01,48.7,-1,-1
1960,-1,637.67,405.84,58.88,193.01,55.6,-1,-1
1960,-1,1148.74,349.59,40.63,91.83,43.8,-1,-1
1961,-1,636.1,406.42,59.84,193.88,60.5,-1,-1
1961,-1,1148.15,349.67,40.29,91.2,42.0,-1,-1
1961,-1,396.73,823.2,24.76,54.5,25.6,-1,-1
1962,-1,632.49,410.85,64.2,191.72,59.0,-1,-1
1962,-1,1145.18,345.87,43.93,95.23,53.0,-1,-1
1963,-1,1148.6,350.13,38.47,90.63,38.2,-1,-1
1963,-1,629.43,400.81,70.46,215.79,29.9,-1,-1
1964,-1,1148.46,350.0,38.6,90.7,38.0,-1,-1
1964,-1,629.24,401.07,70.66,215.25,30.2,-1,-1
1965,-1,627.57,402.45,69.75,209.2,41.7,-1,-1
1965,-1,1148.8,347.64,38.16,92.54,38.0,-1,-1
1966,-1,1140.76,342.25,49.49,97.36,57.0,-1,-1
1966,-1,623.63,402.26,74.55,230.6,43.5,-1,-1
1967,-1,620.15,404.53,79.28,246.9,49.5,-1,-1
1967,-1,1141.48,346.08,46.18,92.34,45.3,-1,-1
1968,-1,626.93,403.71,70.98,227.21,45.2,-1,-1
1968,-1,1140.93,345.69,41.93,92.03,43.5,-1,-1
1969,-1,1141.94,348.02,41.84,90.09,52.9,-1,-1
1969,-1,631.61,411.71,64.11,200.09,32.4,-1,-1
1970,-1,1141.89,347.98,41.89,90.13,53.0,-1,-1
1970,-1,631.66,411.72,64.08,200.18,31.5,-1,-1
1971,-1,1139.18,345.99,45.02,90.31,54.7,-1,-1
1971,-1,629.38,407.3,65.92,207.61,29.6,-1,-1
1971,-1,334.38,827.17,24.1,60.13,27.1,-1,-1
1972,-1,1137.9,346.42,48.29,91.53,54.1,-1,-1
1972,-1,629.2,401.22,65.93,213.36,25.3,-1,-1
1973,-1,1139.87,350.73,44.88,89.46,33.6,-1,-1
1973,-1,93.82,420.93,60.07,111.81,33.3,-1,-1
1973,-1,1500.16,378.05,31.03,55.45,28.2,-1,-1
1974,-1,95.56,419.66,53.6,112.13,34.3,-1,-1
1974,-1,1136.29,346.69,47.19,92.94,33.2,-1,-1
1975,-1,97.45,417.17,47.36,113.58,27.3,-1,-1
1976,-1,97.39,417.26,47.43,113.49,27.9,-1,-1
1977,-1,94.56,420.86,50.48,109.98,40.3,-1,-1
1977,-1,1147.47,348.68,35.71,86.53,26.8,-1,-1
1977,-1,612.28,410.27,79.23,194.21,26.7,-1,-1
1977,-1,1129.9,348.64,42.64,90.24,25.2,-1,-1
1978,-1,620.81,395.91,71.82,211.87,30.9,-1,-1
1980,-1,92.07,414.22,49.43,116.56,27.8,-1,-1
1980,-1,617.47,403.34,72.86,202.13,27.6,-1,-1
1981,-1,1115.5,358.71,27.01,76.65,42.4,-1,-1
1982,-1,1115.5,358.76,27.01,76.6,42.4,-1,-1
1983,-1,616.65,406.61,70.44,193.72,28.8,-1,-1
1984,-1,614.54,395.89,70.91,204.31,44.0,-1,-1
1985,-1,613.8,400.03,69.95,203.28,52.4,-1,-1
1986,-1,611.75,396.02,68.87,210.85,61.3,-1,-1
1986,-1,1119.43,352.29,43.33,83.75,37.3,-1,-1
1987,-1,610.88,403.49,68.7,204.6,68.4,-1,-1
1988,-1,610.9,403.62,68.69,204.49,68.7,-1,-1
1989,-1,613.51,404.13,65.85,202.77,46.8,-1,-1
1989,-1,1120.99,351.99,47.14,88.82,26.6,-1,-1
1990,-1,612.84,399.83,64.66,209.68,39.2,-1,-1
1990,-1,1120.95,352.32,42.89,87.02,32.7,-1,-1
1991,-1,611.97,403.94,63.02,204.85,50.3,-1,-1
1992,-1,1119.8,342.86,44.39,91.05,62.7,-1,-1
1992,-1,611.84,406.54,63.66,200.58,56.0,-1,-1
1993,-1,1121.6,344.75,41.56,88.45,55.3,-1,-1
1993,-1,611.8,399.16,63.21,207.59,37.3,-1,-1
1994,-1,1121.58,344.7,41.57,88.51,55.8,-1,-1
1994,-1,611.76,399.1,63.28,207.62,37.5,-1,-1
1995,-1,1124.24,344.01,39.59,89.12,53.9,-1,-1
1996,-1,598.24,409.95,73.8,198.79,52.2,-1,-1
1996,-1,1124.3,345.29,40.45,88.14,43.4,-1,-1
1998,-1,597.33,406.27,71.68,201.54,33.3,-1,-1
1999,-1,600.82,393.4,69.71,215.21,49.2,-1,-1
2000,-1,600.79,393.46,69.68,215.1,49.6,-1,-1
2001,-1,593.56,414.87,75.28,196.36,48.0,-1,-1
2002,-1,594.65,414.96,74.0,195.31,63.5,-1,-1
2002,-1,1117.93,342.89,42.07,92.28,39.5,-1,-1
2003,-1,1114.7,344.73,44.63,89.36,55.2,-1,-1
2003,-1,598.35,408.32,69.36,202.07,39.2,-1,-1
2004,-1,1114.92,343.13,42.76,90.83,49.8,-1,-1
2004,-1,596.92,409.98,70.5,203.11,27.2,-1,-1
2005,-1,1116.47,340.65,41.3,92.74,46.5,-1,-1
2005,-1,595.97,407.77,71.04,202.65,25.3,-1,-1
2006,-1,1116.47,340.64,41.31,92.77,46.5,-1,-1
2006,-1,595.95,407.62,71.06,202.79,25.1,-1,-1
2007,-1,595.2,406.77,69.93,202.37,50.8,-1,-1
2007,-1,1118.12,341.88,40.13,91.57,25.6,-1,-1
2009,-1,1119.81,338.05,38.63,93.52,31.4,-1,-1
2010,-1,1119.9,337.65,37.58,93.65,33.7,-1,-1
2010,-1,596.54,404.1,72.51,232.63,31.8,-1,-1
2011,-1,596.59,398.24,67.23,207.5,53.6,-1,-1
2011,-1,1118.4,338.08,38.22,95.1,38.1,-1,-1
2012,-1,596.55,398.15,67.28,207.64,53.8,-1,-1
2012,-1,1118.45,338.06,38.16,95.13,37.8,-1,-1
2013,-1,595.8,403.17,67.73,197.77,49.8,-1,-1
2013,-1,1116.8,338.73,37.22,92.44,35.7,-1,-1
2014,-1,595.71,400.38,67.93,203.31,53.7,-1,-1
2014,-1,1111.57,337.66,42.84,91.58,40.0,-1,-1
2015,-1,594.39,399.59,69.47,203.62,57.5,-1,-1
2015,-1,1105.18,335.35,48.09,96.73,40.9,-1,-1
2016,-1,587.85,404.36,69.65,199.33,76.7,-1,-1
2016,-1,1102.84,335.52,50.39,97.19,44.2,-1,-1
2017,-1,588.21,401.5,70.09,203.79,60.9,-1,-1
2017,-1,36.01,400.62,66.0,131.73,25.6,-1,-1
2018,-1,588.19,401.47,70.12,203.82,61.1,-1,-1
2018,-1,36.17,400.7,65.84,131.64,25.5,-1,-1
2019,-1,594.62,385.3,64.6,213.98,35.8,-1,-1
2020,-1,587.61,398.94,70.36,205.53,60.4,-1,-1
2020,-1,1107.25,331.97,43.81,100.21,31.3,-1,-1
2021,-1,581.92,400.36,75.26,205.48,43.6,-1,-1
2021,-1,1103.73,334.28,46.45,99.66,31.7,-1,-1
2022,-1,585.55,398.13,70.82,205.79,61.1,-1,-1
2022,-1,436.45,824.41,14.28,28.52,28.0,-1,-1
2022,-1,1104.7,333.62,44.21,101.62,26.4,-1,-1
2023,-1,1102.62,337.76,49.45,94.88,37.4,-1,-1
2023,-1,31.53,406.45,63.06,125.97,33.1,-1,-1
2023,-1,585.11,397.14,71.72,206.54,29.1,-1,-1
2023,-1,436.28,824.51,14.54,28.96,26.0,-1,-1
2024,-1,1102.63,337.73,49.44,94.88,37.3,-1,-1
2024,-1,31.76,406.62,62.83,125.8,33.3,-1,-1
2024,-1,585.13,397.18,71.71,206.48,29.1,-1,-1
2024,-1,436.23,824.53,14.56,29.06,26.6,-1,-1
2025,-1,584.63,388.34,70.87,214.01,38.4,-1,-1
2025,-1,1102.77,338.2,47.88,93.66,36.3,-1,-1
2026,-1,1099.17,338.66,49.07,94.2,28.8,-1,-1
2027,-1,576.64,391.48,78.06,212.67,36.4,-1,-1
2027,-1,1096.62,336.71,52.48,97.2,34.8,-1,-1
2028,-1,1097.35,335.17,52.68,98.72,42.7,-1,-1
2028,-1,574.75,389.74,79.92,214.99,26.5,-1,-1
2029,-1,405.49,858.61,21.63,51.36,48.7,-1,-1
2029,-1,1096.93,335.65,52.81,96.28,36.9,-1,-1
2029,-1,571.72,396.95,80.72,209.23,34.7,-1,-1
2030,-1,405.49,858.62,21.63,51.34,48.3,-1,-1
2030,-1,1096.81,335.64,52.96,96.31,37.6,-1,-1
2030,-1,571.76,396.93,80.68,209.24,34.2,-1,-1
2031,-1,1100.45,338.78,47.71,92.5,38.8,-1,-1
2031,-1,407.55,861.63,19.57,46.88,32.8,-1,-1
2032,-1,1096.2,338.09,50.19,92.49,48.9,-1,-1
2032,-1,407.59,859.87,20.7,48.82,32.4,-1,-1
2033,-1,1097.36,339.01,48.17,90.17,33.5,-1,-1
2033,-1,407.82,858.2,19.89,48.01,25.9,-1,-1
2034,-1,239.95,850.46,27.06,50.81,34.8,-1,-1
2034,-1,407.39,851.01,21.07,55.15,34.5,-1,-1
2034,-1,1098.71,340.72,44.2,89.87,32.8,-1,-1
2035,-1,681.24,843.04,18.51,51.3,31.6,-1,-1
2036,-1,681.24,842.95,18.5,51.37,31.6,-1,-1
2037,-1,680.48,845.23,18.57,50.11,41.5,-1,-1
2037,-1,1092.9,339.89,44.2,89.49,30.5,-1,-1
2037,-1,487.51,846.69,21.54,59.82,25.9,-1,-1
2038,-1,330.68,834.6,23.67,71.02,26.4,-1,-1
2038,-1,2.48,191.69,77.63,341.37,25.4,-1,-1
2038,-1,578.28,426.18,60.63,172.01,25.3,-1,-1
2039,-1,328.0,831.38,26.99,72.47,38.1,-1,-1
2039,-1,2.62,194.21,75.65,338.78,30.8,-1,-1
2040,-1,571.9,401.53,62.98,199.53,40.7,-1,-1
2040,-1,2.27,154.13,74.77,379.38,32.7,-1,-1
2040,-1,328.47,830.9,27.03,72.65,30.6,-1,-1
2040,-1,5.58,385.73,70.45,146.32,27.0,-1,-1
2040,-1,828.53,829.59,17.38,58.15,25.9,-1,-1
2041,-1,573.46,407.32,62.05,189.91,30.9,-1,-1
2041,-1,6.37,396.66,68.09,136.0,30.6,-1,-1
2041,-1,822.0,830.83,27.71,65.23,30.1,-1,-1
2041,-1,3.29,276.76,72.29,257.85,29.4,-1,-1
2041,-1,391.2,856.12,24.72,49.92,28.7,-1,-1
2042,-1,6.35,395.42,68.15,137.23,30.9,-1,-1
2042,-1,573.48,407.36,62.01,189.83,30.8,-1,-1
2042,-1,822.07,830.85,27.64,65.2,29.8,-1,-1
2042,-1,3.27,280.09,72.31,254.51,29.7,-1,-1
2042,-1,391.13,855.88,24.65,50.13,28.8,-1,-1
2043,-1,391.76,853.32,23.86,54.14,43.8,-1,-1
2043,-1,6.46,286.32,65.77,246.58,38.2,-1,-1
2043,-1,3.21,103.93,69.84,431.45,32.6,-1,-1
2043,-1,822.53,835.01,25.84,61.04,31.5,-1,-1
2043,-1,572.37,413.9,61.28,183.14,29.2,-1,-1
2043,-1,826.02,828.65,18.85,57.64,26.9,-1,-1
2044,-1,390.85,844.75,25.51,64.19,44.0,-1,-1
2044,-1,8.11,425.73,62.0,107.07,42.0,-1,-1
2044,-1,821.84,833.11,29.45,62.28,32.6,-1,-1
2044,-1,394.93,831.82,20.91,71.48,28.9,-1,-1
2044,-1,824.14,828.55,23.23,62.49,28.0,-1,-1
2044,-1,406.1,822.53,18.21,37.67,26.6,-1,-1
2045,-1,5.52,419.29,63.74,114.11,46.6,-1,-1
2045,-1,390.16,842.66,23.13,66.59,35.5,-1,-1
2045,-1,568.71,411.54,62.94,182.65,34.0,-1,-1
2045,-1,1680.57,342.59,30.07,62.96,26.4,-1,-1
2046,-1,4.99,414.17,62.89,118.99,37.7,-1,-1
2046,-1,389.93,842.38,22.4,66.45,36.0,-1,-1
2046,-1,3.1,348.33,63.89,187.0,27.9,-1,-1
2046,-1,569.91,441.17,59.19,150.88,25.9,-1,-1
2047,-1,389.97,848.51,21.62,59.9,40.5,-1,-1
2047,-1,4.59,376.94,59.45,156.75,40.4,-1,-1
2047,-1,2.74,283.01,62.15,252.85,29.1,-1,-1
2048,-1,389.97,848.44,21.66,59.98,40.5,-1,-1
2048,-1,4.64,381.75,59.37,151.92,40.3,-1,-1
2048,-1,2.81,298.24,62.04,237.59,28.8,-1,-1
2049,-1,4.55,426.46,59.72,106.79,49.6,-1,-1
2049,-1,461.93,840.12,29.62,65.18,36.3,-1,-1
2050,-1,2.78,429.75,58.5,103.12,34.8,-1,-1
2050,-1,459.93,832.96,31.88,73.88,34.4,-1,-1
2051,-1,2.34,423.4,55.59,108.64,42.0,-1,-1
2051,-1,461.64,848.2,28.02,56.8,36.9,-1,-1
2052,-1,1.85,410.7,56.21,121.91,45.8,-1,-1
2052,-1,0.87,262.6,60.24,271.34,31.6,-1,-1
2052,-1,462.11,842.59,28.32,62.61,31.4,-1,-1
2053,-1,461.12,847.88,24.85,56.64,38.1,-1,-1
2053,-1,654.0,834.55,23.71,66.27,37.5,-1,-1
2053,-1,1.54,370.59,52.49,160.32,34.7,-1,-1
2053,-1,1.11,421.94,55.54,109.13,28.4,-1,-1
2054,-1,461.13,848.22,24.86,56.26,37.8,-1,-1
2054,-1,653.96,834.57,23.71,66.28,37.7,-1,-1
2054,-1,1.56,377.58,52.37,153.25,34.3,-1,-1
2054,-1,1.13,422.2,55.46,108.8,28.5,-1,-1
2055,-1,650.76,830.51,28.1,70.73,51.9,-1,-1
2055,-1,650.73,819.73,23.66,76.43,38.3,-1,-1
2055,-1,458.86,848.82,27.0,57.57,37.7,-1,-1
2055,-1,0.98,148.61,53.45,382.15,33.2,-1,-1
2056,-1,649.69,828.15,27.88,72.87,57.1,-1,-1
2056,-1,1.02,140.2,51.79,390.68,38.2,-1,-1
2056,-1,566.95,400.93,59.06,193.37,27.4,-1,-1
2056,-1,0.0,405.28,54.8,125.9,26.2,-1,-1
2057,-1,651.57,831.88,27.76,69.75,55.8,-1,-1
2057,-1,0.95,114.1,50.43,416.27,34.6,-1,-1
2057,-1,562.71,394.92,61.74,201.51,31.7,-1,-1
2057,-1,459.7,844.69,24.87,60.74,29.3,-1,-1
2057,-1,1071.78,326.77,55.36,102.36,28.5,-1,-1
2058,-1,652.74,834.38,29.16,67.74,47.5,-1,-1
2058,-1,557.82,402.27,65.23,195.98,47.4,-1,-1
2058,-1,652.85,824.59,24.68,66.98,35.4,-1,-1
2058,-1,0.91,107.26,49.84,423.49,32.7,-1,-1
2058,-1,460.59,847.05,23.34,56.26,28.2,-1,-1
2059,-1,1071.94,326.91,51.5,101.43,39.5,-1,-1
2059,-1,0.94,150.91,47.66,380.26,39.4,-1,-1
2059,-1,0.0,400.65,50.07,131.04,38.5,-1,-1
2059,-1,557.94,391.55,62.98,206.04,33.3,-1,-1
2059,-1,652.88,835.55,27.9,66.86,25.3,-1,-1
2060,-1,1071.96,326.85,51.53,101.51,39.5,-1,-1
2060,-1,0.93,144.83,47.67,386.37,39.2,-1,-1
2060,-1,0.0,400.51,50.06,131.22,37.2,-1,-1
2060,-1,557.9,391.06,63.06,206.44,34.1,-1,-1
2061,-1,1072.51,333.58,47.32,92.66,44.1,-1,-1
2061,-1,552.99,388.79,68.37,207.82,35.4,-1,-1
2061,-1,0.0,128.71,50.02,405.28,35.3,-1,-1
2062,-1,553.14,390.75,68.09,206.8,54.7,-1,-1
2062,-1,1071.3,333.52,48.97,95.11,35.2,-1,-1
2062,-1,0.75,157.29,46.33,374.12,34.1,-1,-1
2062,-1,0.0,407.35,48.5,124.65,31.1,-1,-1
2063,-1,552.47,395.66,67.86,201.51,59.0,-1,-1
2063,-1,1070.01,329.19,47.32,100.04,45.6,-1,-1
2063,-1,0.0,132.12,48.37,401.6,35.6,-1,-1
2063,-1,507.92,834.54,20.83,67.43,34.5,-1,-1
2063,-1,405.44,825.91,20.82,73.07,25.6,-1,-1
2064,-1,1068.44,333.59,48.34,93.36,59.9,-1,-1
2064,-1,551.29,398.04,69.32,199.73,54.1,-1,-1
2064,-1,0.0,147.2,47.35,387.21,28.5,-1,-1
2065,-1,1066.68,334.32,47.59,93.33,71.8,-1,-1
2065,-1,548.36,395.51,71.47,203.47,60.8,-1,-1
2065,-1,0.15,101.92,45.81,433.25,26.0,-1,-1
2066,-1,1066.73,334.31,47.6,93.32,71.9,-1,-1
2066,-1,548.42,395.42,71.48,203.28,60.5,-1,-1
2066,-1,0.15,102.21,45.79,432.99,26.4,-1,-1
2067,-1,1065.61,333.57,50.29,93.78,65.9,-1,-1
2067,-1,548.53,390.81,70.93,210.43,49.4,-1,-1
2067,-1,0.0,140.64,46.04,393.08,27.6,-1,-1
2068,-1,1065.59,332.66,45.29,95.64,49.8,-1,-1
2068,-1,549.9,388.25,66.98,211.56,37.9,-1,-1
2069,-1,1066.73,331.7,42.89,95.65,42.0,-1,-1
2073,-1,1065.56,332.19,45.03,90.74,35.9,-1,-1
2074,-1,543.66,401.95,66.76,199.42,37.7,-1,-1
2074,-1,1064.19,330.37,43.88,91.68,31.0,-1,-1
2075,-1,539.4,397.3,70.65,204.01,41.0,-1,-1
2075,-1,1063.22,330.23,34.01,90.63,29.6,-1,-1
2076,-1,1081.83,334.7,30.38,88.41,32.7,-1,-1
2076,-1,540.77,399.74,68.53,200.73,27.5,-1,-1
2080,-1,536.86,393.23,70.58,210.64,47.6,-1,-1
2081,-1,533.33,386.77,71.63,216.27,58.0,-1,-1
2081,-1,447.95,831.63,30.44,77.13,31.7,-1,-1
2082,-1,531.09,395.11,74.93,211.57,33.9,-1,-1
2082,-1,446.2,834.0,30.88,75.01,31.4,-1,-1
2083,-1,530.09,389.66,72.9,214.56,41.4,-1,-1
2083,-1,1086.06,351.81,19.21,67.95,31.5,-1,-1
2083,-1,444.27,839.63,23.34,66.39,28.3,-1,-1
2083,-1,1051.34,327.09,37.02,94.72,25.2,-1,-1
2084,-1,530.08,389.7,72.92,214.56,42.0,-1,-1
2084,-1,1086.03,352.01,19.23,67.76,31.6,-1,-1
2084,-1,443.91,838.71,23.67,67.41,29.4,-1,-1
2084,-1,1051.36,327.05,37.05,94.73,25.3,-1,-1
2085,-1,1058.64,324.58,39.66,95.6,33.2,-1,-1
2085,-1,445.31,844.01,26.6,63.66,29.5,-1,-1
2085,-1,1516.08,352.47,29.85,52.41,26.2,-1,-1
2085,-1,1067.08,328.58,35.95,91.94,25.3,-1,-1
2086,-1,1047.81,324.19,51.52,97.78,48.9,-1,-1
2086,-1,529.54,387.2,65.86,220.36,46.5,-1,-1
2087,-1,526.72,393.68,69.48,212.47,44.5,-1,-1
2087,-1,608.46,819.27,15.57,51.05,29.2,-1,-1
2087,-1,449.82,854.89,21.3,53.12,27.6,-1,-1
2087,-1,445.98,852.28,20.58,52.9,26.4,-1,-1
2088,-1,448.68,843.58,21.92,63.81,30.4,-1,-1
2089,-1,444.99,834.2,21.61,71.78,29.2,-1,-1
2090,-1,444.96,834.22,21.62,71.79,29.0,-1,-1
2091,-1,444.89,833.53,21.52,72.99,30.3,-1,-1
2092,-1,524.66,388.21,67.21,211.66,25.2,-1,-1
2093,-1,523.74,386.77,72.63,219.05,28.8,-1,-1
2094,-1,1034.88,319.95,44.29,99.13,47.1,-1,-1
2095,-1,522.11,394.65,65.92,209.84,30.2,-1,-1
2096,-1,522.06,394.66,65.96,209.83,31.4,-1,-1
2097,-1,518.85,387.88,69.43,211.55,35.2,-1,-1
2097,-1,397.16,859.51,19.18,47.14,26.7,-1,-1
2098,-1,520.51,382.65,64.52,207.35,46.6,-1,-1
2099,-1,518.18,384.68,66.64,210.48,39.6,-1,-1
2100,-1,514.95,386.99,68.49,206.9,53.5,-1,-1
2103,-1,516.74,371.73,64.49,213.87,30.7,-1,-1
2104,-1,508.04,381.66,72.55,210.54,38.7,-1,-1
2104,-1,1021.48,323.45,31.48,93.79,38.3,-1,-1
2104,-1,1023.68,322.78,39.22,95.85,29.3,-1,-1
2105,-1,509.59,393.7,71.25,199.64,44.7,-1,-1
2106,-1,505.13,380.96,75.91,206.13,63.5,-1,-1
2107,-1,501.24,386.32,71.74,206.59,35.8,-1,-1
2107,-1,308.53,858.13,21.35,47.34,25.5,-1,-1
2108,-1,501.29,386.5,71.72,206.4,36.7,-1,-1
2108,-1,308.46,858.13,21.42,47.34,25.4,-1,-1
2109,-1,488.43,388.55,85.89,203.75,51.1,-1,-1
2109,-1,1021.26,318.82,46.62,93.73,39.4,-1,-1
2109,-1,305.4,843.32,26.92,64.43,31.6,-1,-1
2110,-1,1022.03,320.13,44.86,92.05,34.3,-1,-1
2111,-1,495.09,390.81,74.84,199.47,56.3,-1,-1
2111,-1,1017.1,321.98,48.87,92.71,37.4,-1,-1
2112,-1,1017.43,321.33,46.51,91.48,26.2,-1,-1
2113,-1,503.16,386.55,67.17,205.34,40.8,-1,-1
2113,-1,1016.85,321.72,41.84,90.89,37.5,-1,-1
2113,-1,1012.58,322.49,33.81,90.14,29.9,-1,-1
2113,-1,735.17,490.41,25.99,57.5,29.2,-1,-1
2114,-1,502.94,386.6,67.4,205.31,40.8,-1,-1
2114,-1,1016.81,321.68,41.93,90.96,37.4,-1,-1
2114,-1,1012.55,322.46,33.85,90.18,29.5,-1,-1
2114,-1,735.22,490.42,25.93,57.49,29.1,-1,-1
2115,-1,738.39,491.3,27.36,55.19,45.3,-1,-1
2115,-1,1013.93,320.6,48.19,91.51,29.7,-1,-1
2115,-1,512.03,382.15,57.93,209.52,26.9,-1,-1
2116,-1,1010.1,318.02,49.67,93.86,64.4,-1,-1
2116,-1,743.9,499.88,17.96,46.24,37.0,-1,-1
2117,-1,1012.01,319.06,45.27,95.94,46.6,-1,-1
2117,-1,412.47,857.06,17.9,47.75,31.9,-1,-1
2117,-1,353.51,322.35,24.3,57.9,28.7,-1,-1
2118,-1,1011.39,317.5,45.18,96.1,59.4,-1,-1
2119,-1,1011.79,320.35,38.27,88.06,42.9,-1,-1
2119,-1,286.09,858.36,21.01,52.48,26.4,-1,-1
2120,-1,1011.91,320.35,38.22,87.99,42.3,-1,-1
2120,-1,286.06,858.34,21.06,52.51,26.9,-1,-1
2121,-1,1004.99,319.83,46.48,92.18,60.2,-1,-1
2121,-1,491.13,374.14,73.19,217.73,59.1,-1,-1
2122,-1,1003.62,321.85,45.94,87.1,59.5,-1,-1
2122,-1,485.01,369.13,80.54,222.65,39.6,-1,-1
2123,-1,482.85,372.41,81.0,219.02,53.8,-1,-1
2123,-1,1002.56,319.98,47.65,91.66,52.4,-1,-1
2124,-1,482.83,372.19,78.43,218.86,53.2,-1,-1
2124,-1,1002.82,316.65,49.11,96.81,46.0,-1,-1
2124,-1,394.01,828.49,23.54,78.31,27.5,-1,-1
2125,-1,360.87,840.17,23.77,70.03,41.2,-1,-1
2125,-1,1001.39,315.71,51.35,94.95,40.4,-1,-1
2125,-1,273.25,850.64,27.06,59.85,34.0,-1,-1
2125,-1,481.86,376.91,79.64,212.58,32.1,-1,-1
2126,-1,360.77,839.73,23.96,70.49,41.1,-1,-1
2126,-1,1001.39,315.65,51.37,95.03,39.3,-1,-1
2126,-1,273.24,850.6,27.11,59.94,34.1,-1,-1
2126,-1,481.82,376.92,79.73,212.6,32.7,-1,-1
2127,-1,1000.27,314.12,52.38,96.03,68.7,-1,-1
2127,-1,482.16,382.35,75.17,212.01,49.8,-1,-1
2127,-1,360.36,849.77,25.17,61.01,39.3,-1,-1
2127,-1,557.01,818.82,16.74,37.0,31.9,-1,-1
2128,-1,479.44,388.89,78.23,201.02,71.0,-1,-1
2128,-1,1005.29,315.43,43.72,92.93,52.9,-1,-1
2128,-1,358.44,844.19,22.65,66.8,29.0,-1,-1
2128,-1,268.47,852.25,27.42,57.4,25.9,-1,-1
2129,-1,997.38,317.85,51.99,92.43,61.5,-1,-1
2129,-1,483.35,383.04,75.16,205.7,44.9,-1,-1
2129,-1,358.25,857.82,21.12,52.73,31.8,-1,-1
2130,-1,480.7,372.29,76.02,215.88,51.5,-1,-1
2130,-1,359.47,857.09,20.97,53.02,32.8,-1,-1
2130,-1,1002.87,314.58,42.38,94.55,28.4,-1,-1
2131,-1,475.4,382.04,76.61,206.74,49.0,-1,-1
2131,-1,266.47,858.6,27.25,51.59,31.1,-1,-1
2131,-1,356.91,848.12,23.15,62.71,27.0,-1,-1
2132,-1,475.39,381.94,76.62,206.78,48.2,-1,-1
2132,-1,266.41,858.55,27.31,51.62,30.9,-1,-1
2132,-1,356.95,848.61,23.12,62.21,26.8,-1,-1
2132,-1,1001.3,313.58,39.66,94.58,25.4,-1,-1
2133,-1,468.81,373.24,84.73,215.98,49.1,-1,-1
2133,-1,352.5,842.04,25.23,68.83,46.6,-1,-1
2133,-1,267.73,859.07,21.61,50.48,32.7,-1,-1
2133,-1,1592.85,329.61,23.65,50.97,26.6,-1,-1
2134,-1,472.86,376.64,80.18,206.13,55.5,-1,-1
2134,-1,268.04,859.82,19.84,49.68,47.4,-1,-1
2134,-1,353.18,848.25,24.19,61.66,34.5,-1,-1
2135,-1,476.37,379.39,76.07,208.59,37.7,-1,-1
2135,-1,483.18,425.81,68.69,156.23,37.1,-1,-1
2135,-1,263.95,860.28,22.78,50.88,36.8,-1,-1
2136,-1,263.7,858.14,24.56,50.8,42.4,-1,-1
2137,-1,262.58,854.96,20.96,54.06,49.1,-1,-1
2138,-1,262.58,854.98,20.84,53.94,49.9,-1,-1
2139,-1,259.3,853.18,23.12,56.19,42.1,-1,-1
2140,-1,261.23,853.11,21.76,54.61,56.4,-1,-1
2140,-1,362.5,853.65,14.19,45.22,39.1,-1,-1
2141,-1,260.74,858.08,19.16,49.85,40.6,-1,-1
2141,-1,976.08,310.34,52.79,95.7,32.3,-1,-1
2141,-1,871.72,851.76,23.73,48.84,27.7,-1,-1
2142,-1,980.84,307.45,54.33,99.2,30.0,-1,-1
2143,-1,976.77,306.56,53.01,100.38,26.6,-1,-1
2144,-1,976.81,306.59,52.9,100.27,26.5,-1,-1
2145,-1,979.39,306.11,52.6,101.11,44.4,-1,-1
2146,-1,471.76,424.34,65.09,159.48,47.7,-1,-1
2146,-1,976.0,309.58,49.53,94.99,34.9,-1,-1
2147,-1,973.08,310.6,47.78,93.3,45.8,-1,-1
2147,-1,473.18,434.86,62.51,145.7,36.6,-1,-1
2147,-1,469.33,470.9,65.35,114.41,34.7,-1,-1
2148,-1,970.95,310.84,50.5,93.31,44.5,-1,-1
2149,-1,970.34,311.67,47.84,92.33,49.1,-1,-1
2150,-1,970.35,311.65,47.89,92.39,49.3,-1,-1
2151,-1,969.58,309.16,49.73,94.44,38.6,-1,-1
2151,-1,1112.66,303.47,28.59,68.34,32.5,-1,-1
2152,-1,1113.22,302.24,29.91,69.92,39.2,-1,-1
2152,-1,965.01,307.8,50.68,94.47,37.5,-1,-1
2154,-1,969.0,309.54,41.62,93.06,30.6,-1,-1
2155,-1,447.0,379.42,77.42,207.7,28.5,-1,-1
2156,-1,446.88,379.23,77.54,207.9,27.8,-1,-1
2157,-1,956.98,306.2,50.54,93.56,42.9,-1,-1
2157,-1,450.05,381.38,74.8,204.87,38.7,-1,-1
2158,-1,449.57,382.24,74.36,204.41,39.5,-1,-1
2159,-1,452.03,378.75,72.27,207.35,50.2,-1,-1
2160,-1,447.43,383.37,77.37,203.15,62.9,-1,-1
2161,-1,449.21,369.16,75.62,219.68,54.7,-1,-1
2161,-1,952.48,304.31,50.83,96.5,29.3,-1,-1
2162,-1,449.13,369.26,75.73,219.54,55.0,-1,-1
2162,-1,952.51,304.32,50.82,96.49,29.5,-1,-1
2163,-1,448.62,371.34,74.66,217.4,61.5,-1,-1
2163,-1,953.73,305.45,53.94,95.62,40.2,-1,-1
2164,-1,454.39,385.3,68.68,201.57,51.2,-1,-1
2164,-1,1434.23,323.28,28.6,57.4,36.1,-1,-1
2164,-1,955.42,305.76,49.75,95.11,33.7,-1,-1
2165,-1,451.6,379.08,71.38,209.62,66.4,-1,-1
2165,-1,956.24,308.85,47.65,92.14,42.0,-1,-1
2166,-1,451.73,388.98,69.56,199.78,62.1,-1,-1
2166,-1,453.92,441.35,64.38,140.25,41.2,-1,-1
2167,-1,440.26,372.59,78.63,217.94,53.3,-1,-1
2167,-1,449.07,416.48,68.25,170.05,51.2,-1,-1
2168,-1,440.29,372.55,78.59,217.98,53.1,-1,-1
2168,-1,449.13,417.32,68.18,169.17,51.1,-1,-1
2169,-1,441.12,371.24,76.52,218.65,74.0,-1,-1
2170,-1,440.29,370.29,74.71,218.55,72.1,-1,-1
2171,-1,440.13,373.79,74.72,215.15,82.9,-1,-1
2172,-1,440.29,372.43,74.31,217.41,83.9,-1,-1
2173,-1,438.07,367.8,77.38,222.04,76.8,-1,-1
2174,-1,438.12,367.9,77.33,221.91,76.7,-1,-1
2175,-1,435.89,370.0,79.84,218.8,80.3,-1,-1
2175,-1,213.23,853.96,22.32,52.65,25.3,-1,-1
2176,-1,434.72,369.36,80.31,217.35,64.4,-1,-1
2178,-1,430.51,373.61,83.29,211.6,47.8,-1,-1
2179,-1,435.92,354.12,76.45,227.91,46.1,-1,-1
2180,-1,435.83,354.02,76.55,228.02,46.1,-1,-1
2181,-1,437.16,358.39,72.62,223.53,40.2,-1,-1
2182,-1,436.79,362.84,71.69,219.95,55.7,-1,-1
2183,-1,432.49,358.18,76.78,224.22,52.0,-1,-1
2184,-1,430.26,357.27,79.27,225.19,56.9,-1,-1
2185,-1,429.11,372.43,78.17,209.0,57.7,-1,-1
2186,-1,429.16,372.4,78.12,209.04,57.7,-1,-1
2187,-1,428.09,351.3,79.12,228.2,34.0,-1,-1
2187,-1,927.41,304.8,47.24,96.21,30.9,-1,-1
2188,-1,421.08,362.84,84.06,221.41,54.7,-1,-1
2188,-1,928.4,306.82,44.91,92.66,36.9,-1,-1
2188,-1,207.89,853.84,22.17,51.33,25.0,-1,-1
2189,-1,420.15,365.85,83.12,219.04,57.6,-1,-1
2189,-1,927.38,307.09,45.13,92.13,34.1,-1,-1
2189,-1,314.72,841.97,26.74,52.99,33.5,-1,-1
2189,-1,205.46,850.83,23.72,54.35,28.2,-1,-1
2190,-1,424.44,365.72,77.65,219.23,62.3,-1,-1
2190,-1,927.75,308.75,38.74,89.03,32.7,-1,-1
2190,-1,456.17,834.44,20.08,52.27,27.3,-1,-1
2190,-1,317.22,850.68,24.21,44.34,26.9,-1,-1
2190,-1,938.6,304.25,37.37,90.47,26.7,-1,-1
2191,-1,424.63,365.42,76.26,220.56,57.1,-1,-1
2191,-1,926.29,304.65,44.38,92.82,41.9,-1,-1
2191,-1,454.5,831.65,20.0,55.36,37.0,-1,-1
2192,-1,424.59,365.3,76.27,220.71,57.1,-1,-1
2192,-1,926.25,304.55,44.34,92.91,42.3,-1,-1
2192,-1,454.49,831.63,20.0,55.38,36.8,-1,-1
2193,-1,422.75,374.08,77.73,210.66,62.9,-1,-1
2193,-1,925.32,307.15,42.8,91.12,42.9,-1,-1
2193,-1,455.01,830.54,19.34,56.27,38.4,-1,-1
2193,-1,451.13,829.56,18.96,57.52,29.9,-1,-1
2193,-1,311.95,842.97,28.49,50.62,26.8,-1,-1
2194,-1,422.67,389.46,77.23,190.95,51.5,-1,-1
2194,-1,925.96,303.4,41.27,95.6,45.2,-1,-1
2195,-1,922.74,296.55,46.73,102.28,50.1,-1,-1
2195,-1,425.51,368.64,70.96,214.67,49.2,-1,-1
2195,-1,918.27,303.31,42.45,94.63,37.9,-1,-1
2196,-1,921.21,298.11,44.96,100.5,42.4,-1,-1
2199,-1,916.13,295.11,47.84,101.54,38.9,-1,-1
2200,-1,417.79,387.87,74.77,194.93,35.3,-1,-1
2200,-1,494.31,827.67,19.47,57.94,25.2,-1,-1
2201,-1,492.34,825.33,21.15,60.3,32.2,-1,-1
2202,-1,491.16,824.35,23.04,62.56,33.5,-1,-1
2203,-1,302.67,532.37,21.19,50.04,34.6,-1,-1
2203,-1,490.39,824.56,23.4,61.99,30.4,-1,-1
2203,-1,456.86,827.35,18.38,54.35,25.7,-1,-1
2204,-1,302.66,532.36,21.19,50.05,34.6,-1,-1
2204,-1,490.38,824.56,23.4,61.99,30.5,-1,-1
2204,-1,456.86,827.35,18.38,54.35,25.7,-1,-1
2205,-1,488.81,822.43,25.92,66.33,37.4,-1,-1
2205,-1,304.77,539.43,18.55,43.37,27.1,-1,-1
2205,-1,458.13,824.33,18.15,58.92,26.4,-1,-1
2206,-1,488.91,819.58,26.61,71.86,40.0,-1,-1
2206,-1,302.92,534.28,20.84,46.71,30.7,-1,-1
2207,-1,488.99,821.65,25.71,69.68,37.0,-1,-1
2207,-1,737.2,836.46,16.39,51.13,25.0,-1,-1
2208,-1,487.5,825.37,25.8,66.2,38.7,-1,-1
2208,-1,418.71,363.86,71.02,216.5,32.7,-1,-1
2209,-1,485.8,819.06,28.63,72.88,41.9,-1,-1
2209,-1,300.91,534.78,22.19,47.33,35.7,-1,-1
2209,-1,725.33,491.37,22.0,46.28,31.5,-1,-1
2209,-1,735.63,831.09,17.61,54.6,28.9,-1,-1
2210,-1,485.79,819.07,28.63,72.86,41.8,-1,-1
2210,-1,300.88,534.78,22.21,47.4,36.1,-1,-1
2210,-1,725.33,491.39,21.97,46.27,31.6,-1,-1
2210,-1,735.63,831.08,17.61,54.61,29.0,-1,-1
2211,-1,418.01,364.73,72.57,215.77,38.0,-1,-1
2211,-1,486.97,820.19,27.1,71.49,37.8,-1,-1
2211,-1,301.48,535.21,21.79,46.99,33.9,-1,-1
2211,-1,734.08,831.19,18.99,55.48,30.0,-1,-1
2212,-1,488.35,828.08,24.98,63.88,29.9,-1,-1
2212,-1,723.4,496.74,19.41,41.62,28.6,-1,-1
2213,-1,484.73,819.99,28.74,70.88,37.7,-1,-1
2214,-1,483.82,824.13,27.71,66.53,37.2,-1,-1
2215,-1,905.89,300.85,47.09,94.78,45.3,-1,-1
2215,-1,485.28,824.99,26.28,64.09,33.5,-1,-1
2216,-1,905.89,300.81,47.07,94.82,45.4,-1,-1
2216,-1,485.27,824.96,26.3,64.12,33.5,-1,-1
2217,-1,904.14,300.72,45.64,95.26,45.0,-1,-1
2217,-1,483.7,820.35,27.32,70.25,35.0,-1,-1
2218,-1,904.51,301.06,42.93,94.98,52.9,-1,-1
2218,-1,483.94,825.38,26.25,63.78,29.7,-1,-1
2219,-1,903.75,302.58,41.75,93.74,53.6,-1,-1
2220,-1,900.68,301.53,46.69,91.63,50.0,-1,-1
2220,-1,892.07,844.07,21.21,46.74,25.6,-1,-1
2221,-1,903.92,307.9,43.36,87.82,34.6,-1,-1
2222,-1,903.92,307.88,43.36,87.85,34.8,-1,-1
2224,-1,900.45,304.78,44.83,88.29,26.4,-1,-1
2225,-1,892.53,303.44,42.51,93.05,27.9,-1,-1
2226,-1,892.15,306.61,41.35,90.83,33.8,-1,-1
2227,-1,383.9,366.35,105.26,218.61,45.1,-1,-1
2227,-1,891.33,298.04,42.16,99.81,38.0,-1,-1
2228,-1,383.74,366.25,105.43,218.86,44.6,-1,-1
2228,-1,891.35,297.99,42.15,99.86,38.4,-1,-1
2229,-1,388.59,365.13,99.1,217.76,38.7,-1,-1
2229,-1,891.82,298.02,45.92,97.79,27.5,-1,-1
2236,-1,703.37,486.17,25.08,50.29,32.4,-1,-1
2237,-1,698.02,481.99,30.16,55.04,42.8,-1,-1
2238,-1,698.69,482.76,25.18,53.39,26.1,-1,-1
2239,-1,698.71,486.87,26.91,51.04,34.2,-1,-1
2240,-1,698.71,486.91,26.89,51.0,34.3,-1,-1
2242,-1,886.44,295.02,49.49,99.03,33.2,-1,-1
2243,-1,886.02,295.86,50.09,98.24,36.2,-1,-1
2244,-1,884.21,296.69,52.81,97.77,49.7,-1,-1
2245,-1,884.11,296.35,50.5,97.61,50.1,-1,-1
2246,-1,884.02,296.38,50.53,97.61,49.8,-1,-1
2247,-1,882.32,295.03,51.33,99.1,62.0,-1,-1
2248,-1,882.26,295.48,50.63,99.5,64.8,-1,-1
2249,-1,880.97,295.15,51.57,99.51,65.2,-1,-1
2250,-1,880.06,295.42,53.33,100.13,66.9,-1,-1
2251,-1,880.13,295.46,48.96,100.85,59.6,-1,-1
2252,-1,880.11,295.45,48.87,100.84,59.8,-1,-1
2253,-1,879.17,294.5,49.14,101.66,71.7,-1,-1
2254,-1,878.47,295.38,47.98,100.38,55.5,-1,-1
2255,-1,879.34,295.95,48.35,98.63,68.3,-1,-1
2256,-1,881.25,296.73,44.44,97.36,53.3,-1,-1
2257,-1,879.15,297.78,45.54,96.37,47.5,-1,-1
2258,-1,879.15,297.77,45.61,96.39,47.6,-1,-1
2259,-1,877.2,304.19,42.41,90.39,50.4,-1,-1
2260,-1,875.89,304.72,41.67,89.91,53.3,-1,-1
2261,-1,875.78,304.02,41.53,90.5,47.2,-1,-1
2262,-1,875.55,300.09,42.55,95.96,49.7,-1,-1
2263,-1,874.86,298.15,44.18,97.84,52.3,-1,-1
2263,-1,147.03,856.98,33.09,53.19,25.5,-1,-1
2264,-1,874.86,298.18,44.21,97.82,52.4,-1,-1
2264,-1,147.06,857.01,33.04,53.17,25.1,-1,-1
2265,-1,874.85,298.75,46.84,98.51,52.1,-1,-1
2265,-1,146.7,856.39,32.95,53.51,27.2,-1,-1
2266,-1,875.6,298.94,45.88,94.23,54.6,-1,-1
2267,-1,874.28,299.17,41.93,94.72,54.7,-1,-1
2268,-1,874.18,301.54,38.64,90.53,30.9,-1,-1
2272,-1,873.97,290.29,45.05,102.22,25.3,-1,-1
2273,-1,875.04,294.92,42.83,96.94,40.9,-1,-1
2274,-1,874.16,294.47,45.76,98.36,45.9,-1,-1
2275,-1,872.67,294.46,46.73,98.79,47.0,-1,-1
2276,-1,872.58,294.27,46.82,98.96,47.2,-1,-1
2277,-1,872.5,296.07,45.4,97.62,48.2,-1,-1
2279,-1,873.54,303.88,42.98,89.79,28.7,-1,-1
2281,-1,870.23,294.71,43.55,98.39,34.7,-1,-1
2282,-1,870.31,294.49,43.48,98.7,35.1,-1,-1
2284,-1,873.17,297.64,39.33,95.11,32.1,-1,-1
2284,-1,446.01,834.08,19.5,54.79,28.9,-1,-1
2285,-1,653.78,475.74,23.67,59.01,31.0,-1,-1
2285,-1,873.23,293.16,39.21,98.97,30.1,-1,-1
2285,-1,446.48,836.24,18.91,54.1,28.4,-1,-1
2286,-1,446.71,836.21,19.51,54.99,28.0,-1,-1
2286,-1,872.79,292.03,38.9,99.35,25.4,-1,-1
2295,-1,1758.23,280.64,26.21,53.67,26.2,-1,-1
2296,-1,1757.33,272.03,28.51,61.72,37.2,-1,-1
2297,-1,1757.44,268.82,29.5,64.27,43.7,-1,-1
2298,-1,1754.13,272.7,29.72,60.39,28.7,-1,-1
2298,-1,1542.91,280.27,27.79,58.34,26.4,-1,-1
2299,-1,1756.71,271.68,28.04,61.46,29.9,-1,-1
2300,-1,1756.76,271.37,28.22,61.79,29.7,-1,-1
2301,-1,1756.25,266.25,28.22,66.65,33.7,-1,-1
2301,-1,1541.17,278.32,29.69,60.57,29.0,-1,-1
2303,-1,287.62,822.71,34.53,86.13,31.2,-1,-1
2303,-1,863.92,289.82,51.98,103.06,26.3,-1,-1
2304,-1,865.24,283.85,49.93,107.57,33.7,-1,-1
2305,-1,862.95,284.13,50.19,107.14,30.9,-1,-1
2305,-1,1753.18,278.08,25.18,54.56,27.5,-1,-1
2306,-1,862.98,283.83,50.18,107.36,31.8,-1,-1
2306,-1,1753.04,278.17,25.23,54.52,27.7,-1,-1
2307,-1,863.75,289.6,49.22,103.0,32.0,-1,-1
2307,-1,284.12,821.14,35.46,88.35,27.1,-1,-1
2308,-1,274.97,820.23,41.77,90.1,31.6,-1,-1
2309,-1,272.3,814.3,43.67,97.0,49.1,-1,-1
2310,-1,275.13,816.29,39.89,95.23,32.5,-1,-1
2310,-1,859.82,296.16,53.69,94.23,31.0,-1,-1
2311,-1,275.37,813.3,41.5,98.2,37.2,-1,-1
2312,-1,275.37,813.3,41.47,98.2,37.3,-1,-1
2313,-1,276.18,816.65,40.55,95.4,35.7,-1,-1
2317,-1,1678.78,284.04,18.77,48.84,29.4,-1,-1
2318,-1,1678.78,284.05,18.78,48.84,29.4,-1,-1
2319,-1,860.24,298.82,46.18,91.65,41.1,-1,-1
2320,-1,859.68,301.94,46.04,86.88,40.4,-1,-1
2321,-1,1549.09,275.24,29.37,62.6,33.4,-1,-1
2321,-1,860.48,302.49,44.88,85.69,27.8,-1,-1
2322,-1,860.56,305.1,43.1,85.73,31.0,-1,-1
2323,-1,1751.86,275.23,23.3,56.63,27.1,-1,-1
2324,-1,1751.82,275.21,23.35,56.67,27.4,-1,-1
2325,-1,267.26,850.53,34.03,59.41,28.0,-1,-1
2326,-1,267.83,851.93,31.75,57.03,28.3,-1,-1
2327,-1,858.76,298.17,41.42,93.67,39.1,-1,-1
2328,-1,857.56,297.64,45.55,90.86,53.6,-1,-1
2328,-1,268.23,850.92,30.97,59.24,27.4,-1,-1
2329,-1,857.28,301.83,46.24,86.86,53.0,-1,-1
2330,-1,857.29,301.83,46.23,86.88,52.8,-1,-1
2331,-1,857.77,302.31,44.48,85.27,47.7,-1,-1
2331,-1,369.23,366.39,106.85,215.31,26.9,-1,-1
2332,-1,857.36,301.84,44.27,85.39,52.9,-1,-1
2332,-1,669.99,822.23,20.67,62.65,43.0,-1,-1
2332,-1,266.38,854.13,30.94,56.45,27.9,-1,-1
2333,-1,856.24,301.55,43.72,88.34,47.7,-1,-1
2333,-1,670.77,819.42,20.38,55.61,34.9,-1,-1
2334,-1,856.02,296.82,44.71,89.39,47.1,-1,-1
2334,-1,1388.2,276.41,39.91,86.86,25.1,-1,-1
2335,-1,854.99,293.84,44.74,97.15,49.8,-1,-1
2336,-1,855.0,293.81,44.73,97.18,49.6,-1,-1
2337,-1,857.54,297.69,43.38,89.81,45.5,-1,-1
2337,-1,237.34,531.72,20.57,52.01,25.7,-1,-1
2338,-1,860.03,302.61,40.86,89.32,45.3,-1,-1
2338,-1,1388.73,275.97,39.81,87.24,33.5,-1,-1
2339,-1,857.05,297.37,43.27,94.45,47.5,-1,-1
2339,-1,1387.75,273.72,40.62,89.37,43.3,-1,-1
2340,-1,858.07,299.11,42.15,93.38,50.3,-1,-1
2340,-1,1387.36,278.73,37.43,85.5,26.3,-1,-1
2341,-1,856.07,300.86,43.47,92.32,52.4,-1,-1
2342,-1,856.04,300.82,43.5,92.37,52.4,-1,-1
2343,-1,856.86,300.6,42.47,92.29,54.3,-1,-1
2343,-1,848.48,301.85,43.88,91.77,26.2,-1,-1
2344,-1,856.16,302.75,42.62,90.29,48.6,-1,-1
2345,-1,862.68,308.28,36.03,85.39,33.6,-1,-1
2346,-1,863.7,306.29,35.82,86.35,42.6,-1,-1
2347,-1,861.93,297.63,38.64,96.23,47.1,-1,-1
2347,-1,847.7,297.41,39.94,96.07,34.1,-1,-1
2348,-1,861.92,297.62,38.66,96.23,47.1,-1,-1
2348,-1,847.7,297.41,39.95,96.07,34.2,-1,-1
2349,-1,861.45,298.42,38.35,95.49,37.5,-1,-1
2349,-1,847.04,296.06,44.54,97.75,31.5,-1,-1
2350,-1,862.0,299.3,38.49,94.96,37.5,-1,-1
2350,-1,847.38,296.43,41.1,97.35,29.0,-1,-1
2351,-1,846.11,295.55,44.36,97.64,37.1,-1,-1
2351,-1,858.06,296.15,41.1,97.6,34.7,-1,-1
2352,-1,844.28,296.27,48.0,96.76,48.6,-1,-1
2352,-1,856.79,295.55,43.28,97.94,47.2,-1,-1
2353,-1,858.71,295.62,41.6,97.36,46.9,-1,-1
2353,-1,845.05,296.01,46.31,96.95,33.8,-1,-1
2354,-1,858.61,295.57,41.71,97.4,47.2,-1,-1
2354,-1,845.05,296.0,46.38,96.93,33.9,-1,-1
2355,-1,858.8,296.72,39.91,95.4,47.3,-1,-1
2355,-1,845.47,296.13,45.72,96.7,37.2,-1,-1
2356,-1,868.47,303.0,30.96,88.31,32.5,-1,-1
2357,-1,868.68,304.64,31.04,86.52,39.9,-1,-1
2357,-1,1702.99,275.56,26.9,55.34,27.5,-1,-1
2358,-1,1700.06,268.96,29.39,61.86,33.6,-1,-1
2358,-1,864.14,297.9,35.13,92.99,33.3,-1,-1
2359,-1,855.33,288.49,42.39,102.52,37.9,-1,-1
2360,-1,855.27,288.42,42.46,102.57,37.8,-1,-1
2361,-1,859.24,293.25,39.94,98.42,39.1,-1,-1
2361,-1,1698.93,266.58,29.43,63.78,26.0,-1,-1
2361,-1,843.42,294.28,38.71,98.04,25.3,-1,-1
2362,-1,843.17,294.46,39.12,97.74,36.9,-1,-1
2362,-1,858.76,292.77,38.29,99.17,25.6,-1,-1
2363,-1,1697.87,275.26,22.84,54.14,27.2,-1,-1
2363,-1,842.43,294.36,37.01,97.14,25.5,-1,-1
2364,-1,863.26,299.61,34.5,92.53,26.2,-1,-1
2367,-1,837.84,291.46,41.2,100.0,27.0,-1,-1
2368,-1,838.64,293.58,41.04,98.19,30.7,-1,-1
2368,-1,860.92,293.56,33.93,95.88,25.7,-1,-1
2370,-1,833.16,295.13,44.99,95.51,29.2,-1,-1
2374,-1,1681.05,269.62,24.37,59.73,25.8,-1,-1
2376,-1,1681.16,268.39,26.09,60.64,25.6,-1,-1
2377,-1,1682.52,266.22,24.67,62.43,37.6,-1,-1
2378,-1,1682.52,266.11,24.77,62.49,37.3,-1,-1
2379,-1,1683.69,269.81,24.84,58.99,42.4,-1,-1
2379,-1,427.68,477.54,50.53,101.42,25.0,-1,-1
2380,-1,424.89,477.09,52.16,100.91,32.8,-1,-1
2381,-1,422.62,476.78,54.78,100.55,41.4,-1,-1
2381,-1,1685.93,272.57,21.99,55.04,37.0,-1,-1
2382,-1,424.29,477.6,52.9,100.26,30.2,-1,-1
2389,-1,544.18,497.18,24.64,60.13,26.4,-1,-1
2389,-1,428.45,478.28,49.91,98.49,25.1,-1,-1
2390,-1,544.19,497.2,24.6,60.12,26.1,-1,-1
2395,-1,836.63,279.67,52.43,107.44,28.8,-1,-1
2396,-1,836.64,279.71,52.4,107.38,28.7,-1,-1
2398,-1,416.86,472.96,61.05,103.64,29.2,-1,-1
2398,-1,833.05,221.09,56.89,165.76,29.1,-1,-1
2399,-1,417.17,474.12,60.32,102.68,26.7,-1,-1
