1,-1,839.66,356.81,149.19,250.06,34.5,-1,-1
1,-1,155.14,309.01,24.91,44.45,27.9,-1,-1
2,-1,839.68,356.84,148.68,249.94,34.1,-1,-1
2,-1,155.08,308.88,24.95,44.63,27.9,-1,-1
3,-1,839.68,356.93,148.72,249.8,34.8,-1,-1
3,-1,155.1,308.91,24.93,44.61,27.7,-1,-1
4,-1,839.67,356.93,148.76,249.79,34.6,-1,-1
4,-1,155.1,308.91,24.93,44.61,27.7,-1,-1
5,-1,839.67,356.89,148.79,249.81,34.4,-1,-1
5,-1,155.1,308.91,24.93,44.61,27.7,-1,-1
6,-1,839.67,356.88,148.79,249.83,34.4,-1,-1
6,-1,155.1,308.91,24.93,44.61,27.7,-1,-1
7,-1,839.68,357.13,148.93,249.61,34.1,-1,-1
7,-1,155.1,308.91,24.93,44.61,27.7,-1,-1
8,-1,839.54,356.6,149.62,250.37,36.8,-1,-1
8,-1,155.17,308.92,24.85,44.64,28.0,-1,-1
9,-1,839.62,356.59,149.32,250.39,40.3,-1,-1
9,-1,154.75,308.88,25.17,44.72,27.7,-1,-1
10,-1,839.44,355.52,147.56,250.13,34.8,-1,-1
10,-1,153.67,307.6,26.83,46.26,30.2,-1,-1
11,-1,837.99,355.92,140.66,242.99,35.1,-1,-1
11,-1,152.57,307.28,27.58,46.56,30.1,-1,-1
12,-1,152.03,307.54,27.98,46.21,30.8,-1,-1
12,-1,838.2,356.13,139.08,242.46,29.8,-1,-1
13,-1,152.14,307.46,27.73,46.14,30.5,-1,-1
13,-1,838.15,355.87,138.63,242.59,28.7,-1,-1
14,-1,152.34,307.26,27.67,46.55,30.4,-1,-1
14,-1,837.89,356.81,137.7,241.2,29.7,-1,-1
15,-1,838.04,358.15,137.67,240.07,34.9,-1,-1
15,-1,152.61,307.79,27.07,45.85,29.7,-1,-1
16,-1,838.22,358.19,137.64,239.87,38.6,-1,-1
16,-1,152.36,307.62,27.17,46.01,30.0,-1,-1
17,-1,153.68,309.71,26.66,44.16,26.1,-1,-1
18,-1,156.64,310.77,23.01,43.46,28.7,-1,-1
18,-1,841.0,350.93,134.52,250.71,27.5,-1,-1
19,-1,840.98,355.94,131.2,245.84,35.7,-1,-1
19,-1,155.37,307.37,26.06,47.39,33.3,-1,-1
19,-1,1382.84,522.05,164.89,293.43,28.0,-1,-1
20,-1,839.55,355.92,132.25,243.63,50.6,-1,-1
20,-1,155.16,306.84,26.83,47.79,26.3,-1,-1
20,-1,1379.39,526.89,167.49,284.05,25.9,-1,-1
21,-1,839.43,359.99,131.37,240.03,43.5,-1,-1
21,-1,252.98,306.54,28.22,53.12,30.4,-1,-1
22,-1,837.84,355.53,129.92,242.44,48.5,-1,-1
23,-1,837.3,348.0,114.58,246.96,47.0,-1,-1
24,-1,838.48,347.3,110.28,246.43,40.5,-1,-1
24,-1,1376.49,523.82,170.24,289.16,29.2,-1,-1
25,-1,837.99,357.04,108.87,236.67,43.4,-1,-1
25,-1,1374.34,523.8,181.01,290.33,29.7,-1,-1
26,-1,837.04,354.79,116.13,239.28,55.7,-1,-1
27,-1,837.41,355.34,123.05,240.54,59.6,-1,-1
28,-1,836.17,356.65,111.84,240.81,49.8,-1,-1
29,-1,835.69,359.2,109.71,239.66,61.5,-1,-1
29,-1,1373.63,535.64,171.15,272.94,32.6,-1,-1
30,-1,837.09,358.53,115.07,241.24,58.8,-1,-1
30,-1,1373.07,534.98,168.73,273.63,33.3,-1,-1
31,-1,835.59,357.64,124.46,244.37,51.4,-1,-1
31,-1,1372.25,535.82,161.53,272.14,45.3,-1,-1
32,-1,1370.22,540.23,154.77,265.96,54.6,-1,-1
32,-1,835.44,353.07,126.52,249.14,53.7,-1,-1
33,-1,837.64,355.94,113.42,244.01,51.9,-1,-1
33,-1,1370.99,538.67,153.36,267.57,48.6,-1,-1
34,-1,1369.64,537.1,159.97,270.29,46.1,-1,-1
34,-1,837.63,360.76,112.76,239.38,39.7,-1,-1
35,-1,835.28,364.39,122.49,234.66,44.1,-1,-1
35,-1,1368.19,562.16,110.84,244.27,36.9,-1,-1
35,-1,1368.22,549.26,153.53,257.3,31.7,-1,-1
35,-1,484.02,677.47,30.58,63.44,27.2,-1,-1
36,-1,833.87,358.99,129.33,241.4,51.8,-1,-1
36,-1,1368.53,537.83,161.45,271.28,29.7,-1,-1
37,-1,834.03,373.87,123.52,225.39,30.9,-1,-1
38,-1,1365.4,559.81,107.6,243.8,60.7,-1,-1
38,-1,833.64,374.19,117.56,225.99,35.5,-1,-1
39,-1,833.74,366.93,119.2,233.6,38.9,-1,-1
39,-1,1366.89,554.43,141.66,253.37,28.2,-1,-1
40,-1,833.98,361.15,122.39,241.23,45.4,-1,-1
41,-1,834.45,373.09,120.21,228.52,29.1,-1,-1
41,-1,1687.7,1017.26,34.08,61.1,25.2,-1,-1
42,-1,1364.0,536.22,157.78,278.17,36.0,-1,-1
42,-1,835.09,378.88,113.67,223.44,29.9,-1,-1
43,-1,834.74,375.53,116.93,228.05,30.6,-1,-1
43,-1,1363.89,539.83,154.08,272.1,27.7,-1,-1
44,-1,1362.6,538.28,154.93,273.71,33.6,-1,-1
45,-1,1362.31,539.56,152.11,273.32,53.7,-1,-1
46,-1,1361.76,543.28,140.96,268.02,62.9,-1,-1
47,-1,1360.89,540.52,147.92,272.97,44.3,-1,-1
48,-1,1360.6,538.82,153.5,277.23,42.8,-1,-1
49,-1,1357.64,540.92,153.54,276.5,31.4,-1,-1
50,-1,1356.98,540.61,154.43,278.09,34.3,-1,-1
53,-1,1902.6,720.89,17.4,78.39,39.9,-1,-1
54,-1,1902.75,722.15,17.25,78.45,48.4,-1,-1
55,-1,1902.11,719.31,17.89,80.85,52.4,-1,-1
56,-1,1901.09,717.19,18.69,82.68,53.7,-1,-1
57,-1,1900.57,713.04,19.39,87.74,54.4,-1,-1
58,-1,1900.31,711.65,19.66,88.78,56.9,-1,-1
58,-1,1179.55,1019.08,60.22,60.92,25.6,-1,-1
59,-1,1898.86,712.79,20.89,88.4,60.4,-1,-1
60,-1,1898.36,704.2,21.64,99.03,59.0,-1,-1
61,-1,1897.16,704.79,22.84,100.62,64.9,-1,-1
61,-1,1347.24,565.53,164.22,249.35,26.5,-1,-1
62,-1,1898.08,699.64,21.92,105.66,57.6,-1,-1
63,-1,1897.47,703.36,22.53,102.0,64.4,-1,-1
64,-1,1896.64,701.52,23.36,102.91,64.0,-1,-1
65,-1,1897.57,695.65,22.43,109.51,59.0,-1,-1
66,-1,1896.45,695.51,23.55,109.66,59.1,-1,-1
67,-1,1895.53,684.48,24.47,125.94,46.2,-1,-1
68,-1,1895.67,683.76,24.33,127.88,47.1,-1,-1
69,-1,1895.8,674.9,24.2,141.51,41.5,-1,-1
70,-1,1891.9,680.45,28.05,135.08,57.4,-1,-1
71,-1,1890.09,672.15,29.84,143.58,55.8,-1,-1
72,-1,1888.56,656.2,31.42,162.86,53.5,-1,-1
73,-1,1887.27,684.02,32.73,132.56,59.0,-1,-1
74,-1,1886.29,670.95,33.71,143.35,60.8,-1,-1
75,-1,1887.0,669.5,33.0,146.45,62.1,-1,-1
76,-1,1885.99,671.83,34.01,143.41,62.5,-1,-1
77,-1,1886.16,670.35,33.84,145.9,64.3,-1,-1
77,-1,1154.63,1029.14,38.45,50.86,25.4,-1,-1
78,-1,1884.56,666.95,35.44,151.15,69.9,-1,-1
79,-1,1882.99,664.55,37.01,157.48,68.5,-1,-1
79,-1,1160.63,1030.12,31.86,49.88,26.1,-1,-1
80,-1,1880.81,662.92,39.18,160.46,73.0,-1,-1
81,-1,1880.19,660.18,39.79,170.34,69.4,-1,-1
81,-1,1161.08,1032.41,31.58,47.59,34.3,-1,-1
81,-1,1166.76,1030.61,30.34,49.39,33.1,-1,-1
82,-1,1878.88,660.78,41.06,168.99,66.7,-1,-1
83,-1,1879.07,660.88,40.86,168.8,67.6,-1,-1
84,-1,1877.12,660.08,42.8,168.18,71.1,-1,-1
85,-1,1875.88,653.99,44.12,172.42,75.2,-1,-1
86,-1,1871.59,657.62,48.41,169.2,76.9,-1,-1
87,-1,1868.27,657.05,51.73,168.52,77.4,-1,-1
87,-1,1147.97,1019.74,42.27,60.26,27.6,-1,-1
88,-1,1867.73,656.45,52.27,170.72,76.8,-1,-1
88,-1,817.9,357.96,135.69,247.7,28.1,-1,-1
89,-1,1867.73,653.01,52.27,175.22,77.2,-1,-1
89,-1,1139.56,1026.83,50.5,53.17,32.9,-1,-1
90,-1,1868.26,647.78,51.74,181.0,76.6,-1,-1
90,-1,1277.85,388.46,89.53,217.96,31.7,-1,-1
91,-1,1868.05,647.96,51.95,179.99,75.4,-1,-1
91,-1,1280.97,382.77,119.11,229.31,42.4,-1,-1
92,-1,1865.88,644.35,54.12,180.82,76.8,-1,-1
92,-1,1317.92,584.02,105.06,232.93,25.8,-1,-1
93,-1,1865.17,642.92,54.83,185.44,74.4,-1,-1
94,-1,1865.86,641.4,54.14,187.16,77.9,-1,-1
94,-1,1280.03,381.79,122.89,232.14,44.4,-1,-1
94,-1,1316.01,552.86,141.09,274.54,25.4,-1,-1
95,-1,1864.59,642.78,55.41,185.12,76.7,-1,-1
95,-1,1315.8,582.53,110.77,235.83,45.9,-1,-1
95,-1,1279.28,384.57,116.93,228.6,33.7,-1,-1
96,-1,1862.67,632.53,57.33,195.18,73.8,-1,-1
96,-1,1315.75,588.33,103.65,230.04,44.5,-1,-1
97,-1,1861.98,625.98,58.02,200.88,71.7,-1,-1
97,-1,1315.91,581.61,104.97,236.89,54.5,-1,-1
98,-1,1860.15,619.48,59.85,207.89,70.2,-1,-1
98,-1,1314.85,584.86,110.12,234.94,37.8,-1,-1
99,-1,1859.06,621.22,60.94,207.6,74.2,-1,-1
99,-1,1313.42,590.64,108.54,227.07,30.3,-1,-1
100,-1,1860.16,631.42,59.84,196.71,67.2,-1,-1
100,-1,1314.97,586.55,106.45,232.93,44.6,-1,-1
101,-1,1858.41,630.23,61.59,195.61,64.8,-1,-1
102,-1,1856.58,632.88,63.42,194.71,58.9,-1,-1
103,-1,1855.37,633.13,64.63,196.97,65.6,-1,-1
104,-1,1854.36,637.18,65.64,194.33,68.9,-1,-1
105,-1,1852.03,631.92,67.97,199.55,70.4,-1,-1
105,-1,820.73,352.65,131.67,257.91,26.6,-1,-1
106,-1,1851.56,621.73,68.38,211.19,72.9,-1,-1
106,-1,820.9,360.8,128.47,249.48,33.9,-1,-1
107,-1,1851.01,622.44,68.99,210.37,75.7,-1,-1
107,-1,821.34,362.8,134.09,247.45,55.8,-1,-1
108,-1,1848.51,628.59,71.49,202.88,66.4,-1,-1
108,-1,821.17,367.08,134.51,242.97,46.1,-1,-1
109,-1,1845.92,630.76,74.08,200.11,69.5,-1,-1
109,-1,821.42,373.42,134.49,236.2,46.9,-1,-1
110,-1,1847.44,630.57,72.56,202.09,53.9,-1,-1
110,-1,821.54,361.3,134.49,248.7,50.3,-1,-1
110,-1,1111.29,1029.69,37.63,50.31,28.5,-1,-1
111,-1,821.82,366.36,136.82,244.23,51.0,-1,-1
111,-1,1849.52,616.74,68.18,215.37,38.9,-1,-1
112,-1,822.22,357.88,136.42,251.94,55.9,-1,-1
112,-1,1844.69,626.75,75.19,207.99,36.3,-1,-1
113,-1,821.82,367.72,136.92,243.46,63.4,-1,-1
113,-1,1845.32,628.15,74.68,203.74,54.0,-1,-1
114,-1,822.15,367.49,138.13,242.1,67.4,-1,-1
114,-1,1842.34,627.79,77.66,206.83,56.3,-1,-1
115,-1,822.16,368.46,139.79,241.6,66.8,-1,-1
115,-1,1841.68,623.39,77.96,211.39,48.1,-1,-1
116,-1,822.34,367.54,137.88,241.67,58.9,-1,-1
116,-1,1842.14,594.57,77.31,240.58,32.4,-1,-1
117,-1,821.78,342.17,132.58,265.64,58.6,-1,-1
117,-1,1842.9,600.7,76.59,229.27,32.6,-1,-1
118,-1,820.4,343.17,133.62,265.69,48.7,-1,-1
118,-1,1842.86,602.88,74.77,235.06,30.1,-1,-1
119,-1,819.5,342.02,133.62,265.73,54.6,-1,-1
120,-1,818.08,362.72,128.13,243.04,32.0,-1,-1
121,-1,817.7,365.23,128.2,240.96,36.7,-1,-1
122,-1,816.58,372.11,128.64,234.32,46.9,-1,-1
122,-1,1302.01,1004.95,54.05,71.99,28.0,-1,-1
123,-1,816.27,370.95,128.03,234.55,44.4,-1,-1
123,-1,1302.69,1007.26,49.47,70.82,31.8,-1,-1
123,-1,1834.05,612.58,85.95,223.24,25.2,-1,-1
124,-1,816.3,371.1,125.57,232.9,52.2,-1,-1
124,-1,1305.6,1007.83,44.67,72.17,29.4,-1,-1
125,-1,1836.05,612.55,83.95,224.11,33.2,-1,-1
126,-1,1835.6,618.52,84.12,216.9,40.1,-1,-1
126,-1,1300.83,1007.91,54.84,72.09,27.1,-1,-1
126,-1,817.38,371.51,125.41,235.45,26.8,-1,-1
127,-1,1833.94,616.01,85.82,219.54,32.3,-1,-1
127,-1,817.31,374.07,124.31,234.37,26.8,-1,-1
128,-1,1833.51,622.17,86.19,213.72,41.0,-1,-1
129,-1,1245.78,391.84,118.82,236.03,39.9,-1,-1
130,-1,1243.92,391.71,114.15,236.79,38.8,-1,-1
131,-1,1241.73,389.65,125.21,240.12,32.1,-1,-1
132,-1,817.61,376.72,127.27,232.91,33.3,-1,-1
133,-1,815.74,374.7,128.5,231.82,45.0,-1,-1
134,-1,1243.26,392.68,123.29,238.62,30.2,-1,-1
134,-1,817.99,380.42,131.91,230.74,25.4,-1,-1
137,-1,1245.23,409.19,118.25,220.54,26.4,-1,-1
138,-1,1244.8,407.22,123.12,224.25,37.2,-1,-1
139,-1,1245.48,405.48,120.81,224.58,29.8,-1,-1
141,-1,1248.19,403.56,115.01,226.05,34.3,-1,-1
141,-1,823.27,376.68,130.18,240.13,25.6,-1,-1
142,-1,823.12,379.09,128.46,235.44,32.2,-1,-1
142,-1,1077.18,1024.27,46.11,55.73,28.3,-1,-1
143,-1,824.73,378.22,127.92,236.44,27.0,-1,-1
144,-1,820.76,371.36,130.14,242.04,29.3,-1,-1
146,-1,1781.06,558.23,137.3,279.14,32.5,-1,-1
146,-1,825.75,366.0,128.07,244.55,30.3,-1,-1
147,-1,1784.88,569.81,134.52,269.38,56.0,-1,-1
147,-1,826.71,367.4,129.1,242.73,34.8,-1,-1
147,-1,1242.82,403.36,119.44,227.45,31.3,-1,-1
148,-1,1786.01,594.43,132.74,244.46,54.7,-1,-1
149,-1,1788.25,561.62,131.57,279.21,71.8,-1,-1
150,-1,1790.05,565.71,129.52,276.0,71.4,-1,-1
151,-1,1790.23,575.92,129.11,266.15,72.8,-1,-1
152,-1,1792.97,565.78,126.56,274.85,74.7,-1,-1
153,-1,1798.72,569.79,120.33,269.95,70.9,-1,-1
153,-1,1065.72,1026.95,35.95,51.64,34.3,-1,-1
154,-1,1804.16,567.38,115.84,274.5,73.9,-1,-1
154,-1,829.8,375.99,127.45,235.24,35.1,-1,-1
155,-1,1804.32,572.47,115.68,269.59,75.6,-1,-1
155,-1,831.86,372.98,125.68,237.47,35.4,-1,-1
156,-1,1805.48,573.81,114.52,269.73,75.6,-1,-1
156,-1,832.21,372.14,126.02,237.85,53.4,-1,-1
156,-1,1237.21,406.93,118.0,222.11,34.3,-1,-1
157,-1,1805.09,570.96,114.91,273.41,77.1,-1,-1
157,-1,833.01,375.6,124.42,234.34,39.5,-1,-1
157,-1,1063.66,1021.42,35.49,58.45,34.0,-1,-1
157,-1,1236.63,410.62,112.88,218.15,32.5,-1,-1
158,-1,1805.95,569.41,114.05,274.28,76.5,-1,-1
158,-1,833.51,376.02,129.23,234.29,39.6,-1,-1
158,-1,1235.64,414.53,108.59,213.03,26.8,-1,-1
159,-1,1807.4,567.31,112.6,276.06,74.9,-1,-1
159,-1,835.42,375.89,124.21,234.41,38.6,-1,-1
160,-1,1807.45,569.74,112.55,272.98,75.4,-1,-1
160,-1,834.74,376.97,124.69,235.21,33.7,-1,-1
161,-1,1808.66,570.71,111.34,272.63,75.0,-1,-1
162,-1,1807.12,573.19,112.88,269.62,79.0,-1,-1
162,-1,102.24,666.27,29.81,53.25,29.1,-1,-1
162,-1,1233.45,394.04,109.61,227.19,28.4,-1,-1
163,-1,1804.83,571.25,115.17,270.79,81.4,-1,-1
164,-1,1804.76,569.89,115.24,273.98,82.1,-1,-1
165,-1,1803.76,571.15,116.24,272.98,81.9,-1,-1
166,-1,1802.22,568.41,117.78,274.48,82.2,-1,-1
167,-1,1802.04,565.98,117.96,276.01,79.9,-1,-1
168,-1,1801.78,569.27,117.82,273.54,79.4,-1,-1
168,-1,1232.38,400.96,88.25,220.58,29.8,-1,-1
169,-1,1800.92,573.82,119.08,271.22,80.2,-1,-1
169,-1,833.55,373.57,126.54,238.12,37.7,-1,-1
169,-1,1232.91,402.05,88.43,221.67,27.2,-1,-1
170,-1,1801.25,571.79,117.53,271.22,76.7,-1,-1
170,-1,833.71,372.03,123.21,234.77,34.1,-1,-1
171,-1,1799.27,569.02,120.25,271.19,75.9,-1,-1
171,-1,833.28,371.35,120.63,230.93,42.3,-1,-1
171,-1,1233.54,407.23,101.23,219.91,41.4,-1,-1
172,-1,1801.05,570.81,117.52,273.29,76.4,-1,-1
172,-1,1046.49,1020.11,48.1,59.89,49.0,-1,-1
172,-1,1231.45,406.13,97.78,218.85,41.6,-1,-1
172,-1,834.64,369.4,116.4,235.08,37.1,-1,-1
173,-1,1800.41,569.77,119.24,271.6,76.6,-1,-1
173,-1,834.4,372.31,117.91,230.72,33.1,-1,-1
173,-1,1047.48,1015.55,47.19,64.45,25.8,-1,-1
174,-1,1799.66,560.69,120.27,280.25,78.3,-1,-1
174,-1,1038.25,1019.86,54.18,60.14,31.5,-1,-1
174,-1,1244.2,389.01,240.46,441.39,27.8,-1,-1
175,-1,1800.28,567.75,118.35,275.22,77.9,-1,-1
175,-1,1228.81,400.18,108.49,227.72,27.7,-1,-1
176,-1,1799.66,568.95,119.82,275.5,76.1,-1,-1
176,-1,833.71,373.91,122.74,229.09,50.7,-1,-1
176,-1,1228.59,397.49,96.8,228.53,25.6,-1,-1
177,-1,1798.61,563.86,121.32,278.76,76.9,-1,-1
177,-1,835.34,372.92,118.29,230.63,51.8,-1,-1
178,-1,1796.03,559.56,123.68,282.37,74.7,-1,-1
178,-1,837.71,375.3,111.57,231.37,60.5,-1,-1
179,-1,1796.03,563.5,123.54,278.65,76.7,-1,-1
179,-1,836.83,375.98,115.1,230.71,49.3,-1,-1
180,-1,1797.1,564.61,122.56,278.59,78.7,-1,-1
180,-1,1262.63,614.81,98.1,210.59,42.9,-1,-1
180,-1,835.44,372.79,110.66,228.96,40.0,-1,-1
181,-1,1796.21,558.35,123.79,284.2,78.3,-1,-1
181,-1,838.13,372.25,109.67,228.6,46.2,-1,-1
181,-1,1261.11,612.5,98.63,211.14,45.8,-1,-1
182,-1,1796.16,567.17,123.41,275.34,79.5,-1,-1
182,-1,837.62,369.17,123.64,231.63,60.7,-1,-1
182,-1,1260.56,611.76,97.89,213.0,38.4,-1,-1
183,-1,1797.62,571.42,120.99,273.19,78.6,-1,-1
183,-1,838.16,371.01,114.66,230.91,54.1,-1,-1
184,-1,1797.28,575.04,119.53,269.18,78.3,-1,-1
184,-1,841.6,374.59,113.87,229.77,70.0,-1,-1
185,-1,1796.35,576.62,119.81,267.11,77.2,-1,-1
185,-1,844.08,370.92,114.5,230.78,77.2,-1,-1
186,-1,1795.86,573.49,120.88,270.49,75.8,-1,-1
186,-1,845.07,371.14,117.1,228.04,62.4,-1,-1
186,-1,1048.25,1016.23,40.88,63.77,38.9,-1,-1
187,-1,1794.76,577.27,121.27,266.91,75.6,-1,-1
187,-1,845.19,368.65,119.62,229.26,53.0,-1,-1
187,-1,1050.17,1017.05,38.62,62.95,31.5,-1,-1
188,-1,1794.88,580.38,122.38,265.54,76.1,-1,-1
188,-1,846.82,367.71,120.56,229.98,62.9,-1,-1
189,-1,1794.91,581.07,123.11,264.84,77.7,-1,-1
189,-1,844.04,366.89,117.1,228.91,58.3,-1,-1
190,-1,1794.86,577.18,123.11,266.81,76.8,-1,-1
190,-1,846.09,364.05,118.16,232.97,58.4,-1,-1
191,-1,1794.88,572.04,123.13,271.56,76.7,-1,-1
191,-1,847.0,364.43,113.23,232.68,51.4,-1,-1
192,-1,1794.88,567.17,123.44,275.87,75.2,-1,-1
192,-1,848.12,362.74,115.15,232.31,67.2,-1,-1
193,-1,1794.96,567.86,123.41,274.96,74.5,-1,-1
193,-1,852.52,362.13,109.82,233.81,59.8,-1,-1
194,-1,1794.7,565.64,123.99,276.16,73.3,-1,-1
194,-1,853.92,362.21,108.85,233.41,65.0,-1,-1
195,-1,1792.93,564.96,126.21,276.45,75.4,-1,-1
195,-1,856.09,360.5,114.7,236.78,51.6,-1,-1
196,-1,1793.57,561.16,124.7,279.04,72.9,-1,-1
196,-1,854.56,358.21,114.56,238.55,62.4,-1,-1
197,-1,1793.72,558.33,124.63,281.37,73.2,-1,-1
197,-1,855.06,357.12,115.53,239.86,59.8,-1,-1
198,-1,1792.58,559.85,125.47,278.88,72.4,-1,-1
198,-1,855.24,359.11,121.43,236.86,59.7,-1,-1
199,-1,1793.21,564.9,125.29,274.59,73.7,-1,-1
199,-1,856.67,357.32,121.4,238.84,57.9,-1,-1
200,-1,1793.28,562.82,124.81,277.17,74.8,-1,-1
200,-1,860.6,363.11,123.11,233.34,72.5,-1,-1
201,-1,1792.3,562.58,123.54,275.14,73.7,-1,-1
201,-1,863.3,370.06,119.87,227.54,63.5,-1,-1
202,-1,863.38,366.97,121.33,230.38,75.8,-1,-1
202,-1,1791.55,559.25,123.38,277.69,70.4,-1,-1
203,-1,861.62,365.39,122.93,232.24,77.4,-1,-1
203,-1,1792.66,562.52,122.13,273.68,70.2,-1,-1
203,-1,1264.85,611.8,99.71,206.93,35.1,-1,-1
204,-1,867.07,366.09,120.07,233.56,74.2,-1,-1
204,-1,1791.55,566.54,120.71,269.39,61.7,-1,-1
204,-1,1032.06,1016.37,39.34,60.82,33.3,-1,-1
204,-1,1264.65,611.27,100.8,207.55,28.4,-1,-1
205,-1,866.33,366.64,119.31,231.47,79.8,-1,-1
205,-1,1793.29,569.05,120.42,268.08,66.9,-1,-1
205,-1,1264.92,608.98,100.97,209.96,27.0,-1,-1
206,-1,867.78,362.49,124.85,238.06,75.8,-1,-1
206,-1,1793.06,567.85,121.53,270.64,66.4,-1,-1
207,-1,869.2,353.75,132.6,245.81,72.0,-1,-1
207,-1,1793.61,567.7,122.29,271.77,70.9,-1,-1
208,-1,1793.71,569.47,123.15,273.47,64.2,-1,-1
208,-1,870.08,354.87,128.92,243.28,43.8,-1,-1
209,-1,1792.93,567.08,124.25,274.47,62.6,-1,-1
209,-1,870.29,353.67,133.3,242.92,45.4,-1,-1
210,-1,1793.58,567.31,123.25,271.61,63.5,-1,-1
211,-1,1793.14,566.96,125.41,271.14,52.0,-1,-1
212,-1,1795.01,560.57,119.95,278.02,58.1,-1,-1
212,-1,867.17,362.85,134.93,227.58,29.0,-1,-1
213,-1,1793.23,557.86,125.66,279.96,56.1,-1,-1
214,-1,1793.15,543.42,126.44,295.24,65.1,-1,-1
214,-1,349.64,631.42,39.26,70.97,25.0,-1,-1
215,-1,1795.38,559.97,121.86,279.77,63.3,-1,-1
216,-1,1796.21,557.51,120.07,282.6,62.6,-1,-1
217,-1,1795.94,553.94,120.21,286.05,59.1,-1,-1
218,-1,1796.13,559.1,121.08,280.77,51.4,-1,-1
219,-1,1793.87,563.58,124.39,279.1,50.2,-1,-1
220,-1,1793.12,567.71,126.09,277.63,63.4,-1,-1
221,-1,1791.7,567.97,127.95,277.75,70.5,-1,-1
222,-1,1790.5,567.66,128.82,278.45,71.8,-1,-1
223,-1,1791.09,567.8,127.87,278.38,70.9,-1,-1
224,-1,1791.48,571.27,127.68,275.14,75.2,-1,-1
225,-1,1790.71,576.43,128.07,269.82,76.4,-1,-1
226,-1,1788.79,576.79,129.84,269.89,75.8,-1,-1
227,-1,1787.3,573.86,131.07,272.41,72.8,-1,-1
228,-1,1788.8,577.45,129.91,269.13,77.2,-1,-1
229,-1,1786.82,575.45,132.14,271.19,77.5,-1,-1
230,-1,1787.55,574.7,131.76,272.89,77.4,-1,-1
231,-1,1786.96,567.72,132.38,281.93,74.3,-1,-1
232,-1,1788.82,571.26,130.66,281.19,73.1,-1,-1
233,-1,1788.8,566.94,130.53,285.73,69.5,-1,-1
234,-1,1789.31,576.96,130.16,275.68,66.7,-1,-1
235,-1,1790.94,565.6,128.69,287.08,73.0,-1,-1
236,-1,1791.59,562.09,128.19,292.37,70.7,-1,-1
237,-1,1791.98,556.11,128.02,298.74,72.7,-1,-1
238,-1,1796.61,569.7,123.39,284.78,75.8,-1,-1
239,-1,1798.12,572.02,121.88,281.91,75.0,-1,-1
240,-1,1800.44,566.81,119.47,287.8,75.3,-1,-1
240,-1,1846.25,577.7,73.75,277.03,26.1,-1,-1
241,-1,1800.77,571.8,119.23,281.76,78.9,-1,-1
242,-1,1803.81,560.21,116.04,291.1,76.0,-1,-1
243,-1,1805.51,558.59,114.43,294.29,72.9,-1,-1
244,-1,1808.19,559.82,111.81,296.3,77.3,-1,-1
245,-1,1817.92,608.81,101.88,261.26,74.3,-1,-1
246,-1,1826.15,599.75,93.85,263.25,68.2,-1,-1
247,-1,1829.99,584.89,90.01,277.49,35.0,-1,-1
248,-1,1836.06,621.07,83.94,244.39,39.5,-1,-1
248,-1,1262.34,386.54,206.21,446.22,25.1,-1,-1
249,-1,1843.87,629.6,75.35,240.08,54.5,-1,-1
249,-1,1263.74,394.38,200.38,451.64,32.6,-1,-1
250,-1,1850.62,618.55,69.38,250.92,75.8,-1,-1
251,-1,1856.62,612.52,63.38,258.5,71.9,-1,-1
251,-1,890.21,335.58,128.78,263.13,30.6,-1,-1
252,-1,1858.72,649.72,61.28,220.43,76.4,-1,-1
253,-1,1868.66,704.04,51.34,169.6,76.3,-1,-1
253,-1,1261.83,386.33,239.23,452.04,29.0,-1,-1
254,-1,1874.97,712.72,45.03,165.2,73.0,-1,-1
254,-1,1264.16,380.77,223.78,459.71,42.1,-1,-1
255,-1,1885.31,712.15,34.69,165.51,64.9,-1,-1
256,-1,1892.41,750.62,27.58,128.14,41.5,-1,-1
257,-1,1898.52,755.88,21.48,135.16,31.7,-1,-1
257,-1,1897.68,708.14,22.32,172.78,31.0,-1,-1
258,-1,1279.61,377.6,220.36,474.6,38.9,-1,-1
270,-1,1856.74,836.19,37.33,76.75,28.9,-1,-1
270,-1,880.51,295.21,160.0,309.86,28.9,-1,-1
271,-1,1864.68,834.35,43.72,82.29,40.2,-1,-1
271,-1,879.63,286.78,165.0,322.81,25.5,-1,-1
273,-1,876.01,280.73,169.9,335.91,26.8,-1,-1
275,-1,880.73,290.01,167.77,325.59,42.4,-1,-1
276,-1,881.36,283.44,166.73,340.85,35.4,-1,-1
277,-1,880.66,278.92,170.84,350.86,28.4,-1,-1
278,-1,880.77,281.87,171.75,344.99,45.8,-1,-1
281,-1,863.88,271.89,192.83,350.08,62.6,-1,-1
282,-1,868.48,274.3,188.05,349.26,28.7,-1,-1
283,-1,866.68,258.36,191.44,363.38,25.8,-1,-1
295,-1,859.37,180.15,248.47,480.64,26.8,-1,-1
296,-1,861.46,185.46,258.93,504.42,25.3,-1,-1
303,-1,1621.6,278.8,297.41,801.2,66.7,-1,-1
304,-1,1623.58,277.78,295.35,666.83,78.2,-1,-1
305,-1,1641.66,283.99,277.24,766.95,79.9,-1,-1
306,-1,1644.1,246.6,275.43,771.62,80.8,-1,-1
306,-1,833.9,62.66,324.87,611.38,34.2,-1,-1
307,-1,1646.19,235.4,273.3,611.87,80.0,-1,-1
307,-1,835.87,63.24,322.2,617.16,38.5,-1,-1
308,-1,1653.38,233.43,266.23,623.49,81.2,-1,-1
309,-1,1661.18,277.24,258.82,596.04,81.5,-1,-1
310,-1,1659.78,274.18,260.22,644.28,81.6,-1,-1
311,-1,1657.57,264.61,262.43,592.07,78.3,-1,-1
312,-1,1660.94,260.54,259.06,728.79,76.9,-1,-1
313,-1,1659.26,257.03,260.74,707.03,72.7,-1,-1
313,-1,1655.57,69.7,264.02,1010.3,57.3,-1,-1
314,-1,1656.58,233.27,263.25,769.79,69.8,-1,-1
314,-1,1652.7,0.0,266.79,1080.0,59.8,-1,-1
314,-1,824.8,38.31,369.36,657.97,48.4,-1,-1
315,-1,1660.12,221.7,259.57,834.35,70.3,-1,-1
315,-1,822.57,37.36,387.81,654.95,45.6,-1,-1
316,-1,1664.42,215.92,255.53,821.1,70.8,-1,-1
316,-1,821.0,39.01,348.93,650.72,66.7,-1,-1
317,-1,1667.98,177.14,252.02,902.86,69.2,-1,-1
317,-1,816.75,33.44,346.66,657.1,67.8,-1,-1
318,-1,1666.0,176.97,253.91,893.1,71.2,-1,-1
318,-1,819.22,34.16,348.87,660.39,69.4,-1,-1
319,-1,1669.59,93.86,250.28,980.67,69.7,-1,-1
319,-1,817.3,34.0,342.85,663.8,64.2,-1,-1
320,-1,1666.58,170.96,253.41,890.76,68.5,-1,-1
320,-1,812.82,44.77,351.65,655.31,48.6,-1,-1
321,-1,1669.15,159.37,250.58,920.63,73.6,-1,-1
321,-1,804.48,35.58,359.2,665.66,55.4,-1,-1
322,-1,1667.46,138.83,252.33,941.17,72.4,-1,-1
322,-1,816.45,41.91,344.68,656.72,51.5,-1,-1
323,-1,1667.09,251.94,252.91,767.68,76.8,-1,-1
323,-1,1663.59,0.0,256.14,1080.0,64.9,-1,-1
324,-1,1665.84,208.95,253.81,853.86,75.8,-1,-1
325,-1,1664.3,258.79,255.7,710.0,75.4,-1,-1
325,-1,1661.23,0.0,257.93,1080.0,60.0,-1,-1
325,-1,818.27,29.27,341.78,675.71,25.1,-1,-1
326,-1,1661.66,259.86,257.83,795.08,74.2,-1,-1
326,-1,1658.34,0.0,260.39,1080.0,58.8,-1,-1
327,-1,1662.34,202.55,256.57,877.45,69.4,-1,-1
328,-1,1661.89,259.56,257.49,815.43,66.4,-1,-1
328,-1,1658.07,0.0,260.3,1080.0,42.5,-1,-1
328,-1,816.07,26.53,354.46,690.11,37.3,-1,-1
329,-1,1661.24,219.07,258.1,797.63,55.6,-1,-1
329,-1,819.43,30.29,363.61,685.55,43.9,-1,-1
329,-1,1657.45,0.0,260.96,1080.0,36.6,-1,-1
330,-1,1664.27,272.47,255.73,802.57,65.4,-1,-1
330,-1,828.16,28.77,356.26,686.32,61.3,-1,-1
331,-1,829.01,36.79,354.13,682.71,75.8,-1,-1
331,-1,1663.94,285.02,256.06,794.97,74.1,-1,-1
332,-1,1660.4,277.86,259.6,802.14,75.2,-1,-1
332,-1,835.65,32.66,358.7,692.19,68.8,-1,-1
333,-1,1651.99,280.96,267.95,705.32,70.1,-1,-1
333,-1,829.04,31.87,365.57,687.65,64.8,-1,-1
334,-1,1644.76,277.51,274.8,729.16,70.6,-1,-1
334,-1,829.79,25.56,380.94,690.79,59.5,-1,-1
335,-1,1650.79,283.57,269.07,718.46,71.1,-1,-1
335,-1,825.92,23.1,399.12,694.05,30.1,-1,-1
336,-1,1654.08,294.3,265.82,785.7,77.4,-1,-1
337,-1,1649.05,290.72,270.93,788.43,75.7,-1,-1
337,-1,857.83,35.64,347.1,682.9,46.2,-1,-1
338,-1,1655.61,284.48,264.39,795.52,78.2,-1,-1
338,-1,857.87,42.9,363.38,680.31,53.9,-1,-1
339,-1,1666.18,291.63,253.82,788.37,81.9,-1,-1
339,-1,857.37,53.14,349.31,666.51,73.5,-1,-1
340,-1,1665.91,302.63,254.09,768.62,82.7,-1,-1
340,-1,863.33,48.07,366.31,677.93,62.8,-1,-1
341,-1,1664.72,306.73,255.28,714.58,80.5,-1,-1
341,-1,867.6,42.22,371.19,681.34,69.2,-1,-1
342,-1,1668.08,315.14,251.92,715.66,83.6,-1,-1
342,-1,870.65,50.42,378.36,685.12,76.5,-1,-1
343,-1,1667.32,315.4,252.68,764.6,82.3,-1,-1
343,-1,873.48,50.02,377.9,679.73,79.1,-1,-1
344,-1,1663.42,325.15,256.58,634.44,81.2,-1,-1
344,-1,890.5,54.73,365.18,677.09,77.1,-1,-1
345,-1,1664.79,323.79,255.21,621.77,80.6,-1,-1
345,-1,891.43,49.67,365.53,680.35,76.2,-1,-1
346,-1,1667.77,326.59,252.23,639.17,82.5,-1,-1
346,-1,897.47,57.34,357.63,671.06,76.6,-1,-1
347,-1,1667.57,318.01,252.43,639.77,80.2,-1,-1
347,-1,898.56,49.42,361.86,681.59,65.4,-1,-1
348,-1,903.98,58.32,347.78,666.59,77.8,-1,-1
348,-1,1662.29,297.74,257.71,665.08,76.9,-1,-1
348,-1,1658.09,6.76,261.91,1058.76,61.1,-1,-1
349,-1,1666.46,312.66,253.54,656.87,79.7,-1,-1
349,-1,905.37,62.7,353.53,662.16,62.3,-1,-1
350,-1,1668.91,304.44,251.09,639.21,81.9,-1,-1
350,-1,902.24,59.8,364.84,693.48,79.8,-1,-1
351,-1,1672.23,301.22,247.77,652.02,81.0,-1,-1
351,-1,904.83,55.3,358.91,684.41,74.8,-1,-1
352,-1,1670.69,321.01,249.31,628.29,81.1,-1,-1
352,-1,914.95,58.55,351.68,675.77,74.1,-1,-1
353,-1,1673.05,317.49,246.95,657.27,81.5,-1,-1
353,-1,909.32,59.48,364.45,680.26,80.1,-1,-1
354,-1,1670.56,323.87,249.44,675.48,82.3,-1,-1
354,-1,918.35,64.18,358.66,675.98,81.3,-1,-1
355,-1,921.53,73.87,356.02,665.28,82.7,-1,-1
355,-1,1664.47,310.27,255.53,697.86,73.0,-1,-1
355,-1,1659.01,0.0,260.93,1079.44,47.1,-1,-1
356,-1,928.45,75.41,349.02,666.08,82.0,-1,-1
356,-1,1632.63,331.16,287.21,687.56,79.5,-1,-1
356,-1,1638.45,96.21,281.46,983.79,48.0,-1,-1
357,-1,928.53,77.31,351.69,674.6,83.2,-1,-1
357,-1,1641.92,329.39,278.08,730.68,80.6,-1,-1
358,-1,926.18,79.21,355.05,666.76,84.6,-1,-1
358,-1,1661.15,321.93,258.36,758.07,71.2,-1,-1
358,-1,1658.55,11.12,261.21,1068.88,37.6,-1,-1
359,-1,937.12,87.59,344.31,658.19,82.5,-1,-1
359,-1,1662.06,332.42,257.94,741.26,78.7,-1,-1
360,-1,1666.12,335.11,253.88,744.01,80.4,-1,-1
360,-1,934.37,71.74,349.2,674.5,75.9,-1,-1
361,-1,1669.91,335.77,250.09,744.23,83.8,-1,-1
361,-1,933.85,66.27,350.85,696.84,55.9,-1,-1
362,-1,1671.08,340.86,248.92,691.23,83.3,-1,-1
362,-1,931.12,75.37,351.45,676.61,79.8,-1,-1
363,-1,1671.39,342.89,248.61,721.47,83.7,-1,-1
363,-1,932.26,66.67,353.0,686.3,72.9,-1,-1
364,-1,1671.66,346.0,248.34,734.0,84.2,-1,-1
364,-1,936.76,81.17,353.85,668.79,83.5,-1,-1
365,-1,1669.94,346.36,250.06,709.58,83.9,-1,-1
365,-1,940.46,76.52,347.91,671.54,71.0,-1,-1
366,-1,1671.7,345.23,248.3,734.77,84.1,-1,-1
366,-1,953.79,83.83,349.4,680.87,56.6,-1,-1
367,-1,1669.79,345.26,250.21,734.74,83.7,-1,-1
367,-1,954.92,81.84,356.78,688.03,65.5,-1,-1
368,-1,1668.54,350.19,251.46,729.81,82.3,-1,-1
369,-1,1668.03,351.34,251.97,728.66,83.0,-1,-1
369,-1,959.58,92.07,357.76,685.62,70.7,-1,-1
370,-1,1664.41,352.07,255.59,727.93,82.7,-1,-1
370,-1,958.63,104.06,361.81,679.69,75.8,-1,-1
371,-1,1657.77,359.54,262.23,700.05,82.2,-1,-1
371,-1,962.86,113.86,350.57,646.7,78.5,-1,-1
372,-1,1654.21,358.15,265.79,713.8,82.6,-1,-1
372,-1,966.8,105.49,345.21,660.68,79.1,-1,-1
373,-1,1655.86,353.18,264.14,664.52,83.5,-1,-1
373,-1,965.95,108.94,344.42,672.29,78.3,-1,-1
374,-1,1655.4,349.8,264.6,698.22,83.2,-1,-1
374,-1,964.55,112.47,350.97,664.6,67.0,-1,-1
375,-1,1646.73,313.58,272.0,758.38,83.8,-1,-1
375,-1,959.41,119.56,356.43,664.61,71.3,-1,-1
376,-1,1638.36,289.08,280.94,753.16,84.5,-1,-1
376,-1,967.25,119.53,337.63,657.09,59.3,-1,-1
377,-1,1643.78,291.18,275.12,718.73,83.3,-1,-1
377,-1,965.43,117.57,338.46,665.36,60.1,-1,-1
378,-1,1647.71,291.03,271.33,782.49,84.6,-1,-1
378,-1,958.43,127.83,351.98,659.3,72.7,-1,-1
379,-1,1644.04,300.14,274.87,762.76,85.0,-1,-1
379,-1,963.12,128.59,328.56,661.27,65.4,-1,-1
380,-1,1644.44,296.27,274.12,783.73,83.6,-1,-1
380,-1,959.55,119.93,334.99,685.07,65.1,-1,-1
381,-1,1641.94,301.14,276.99,778.18,84.7,-1,-1
381,-1,960.8,146.18,332.85,652.31,80.1,-1,-1
382,-1,1637.72,318.31,280.75,761.69,83.7,-1,-1
382,-1,959.09,146.33,331.04,660.17,66.3,-1,-1
383,-1,1641.21,322.48,277.65,757.52,83.5,-1,-1
383,-1,961.2,148.88,346.69,653.32,80.0,-1,-1
384,-1,1631.69,319.89,286.69,760.11,82.5,-1,-1
384,-1,972.02,147.06,349.9,653.36,78.1,-1,-1
385,-1,1630.81,322.63,287.53,757.37,83.2,-1,-1
385,-1,967.38,148.96,329.59,668.73,77.4,-1,-1
386,-1,1628.4,332.34,289.96,747.66,80.5,-1,-1
386,-1,975.9,133.8,346.03,686.86,74.7,-1,-1
387,-1,1628.45,344.96,290.38,735.04,79.7,-1,-1
387,-1,972.89,146.76,355.82,674.14,58.5,-1,-1
388,-1,1628.94,348.45,289.62,731.55,81.3,-1,-1
388,-1,982.88,136.36,351.35,676.8,61.1,-1,-1
389,-1,1626.86,354.94,291.63,725.06,79.2,-1,-1
389,-1,983.04,141.06,359.01,673.64,71.5,-1,-1
390,-1,1627.21,386.06,290.65,693.94,80.1,-1,-1
390,-1,983.22,148.9,335.71,664.84,65.0,-1,-1
390,-1,983.22,138.42,472.26,678.15,55.4,-1,-1
391,-1,1626.98,394.61,290.63,685.39,81.3,-1,-1
391,-1,982.08,133.7,369.9,672.28,77.2,-1,-1
392,-1,1624.74,377.17,293.26,702.83,82.3,-1,-1
392,-1,987.57,130.78,355.53,677.33,79.7,-1,-1
393,-1,1622.48,357.55,297.07,722.45,81.6,-1,-1
393,-1,988.15,137.16,355.28,678.13,72.2,-1,-1
394,-1,1622.49,378.12,295.84,701.88,77.4,-1,-1
394,-1,986.46,138.96,357.36,670.91,67.3,-1,-1
395,-1,987.15,144.85,356.23,673.65,78.6,-1,-1
395,-1,1616.73,375.38,301.07,704.62,76.8,-1,-1
396,-1,1613.11,363.44,304.34,716.56,78.9,-1,-1
396,-1,993.07,147.48,350.91,665.1,77.3,-1,-1
397,-1,990.21,152.1,353.08,662.44,79.2,-1,-1
397,-1,1604.56,399.42,312.93,680.58,74.2,-1,-1
398,-1,1598.54,409.23,319.06,670.77,78.2,-1,-1
398,-1,986.69,149.36,354.6,669.85,67.8,-1,-1
399,-1,992.27,148.41,351.59,674.77,78.8,-1,-1
399,-1,1600.68,418.3,314.77,661.7,78.3,-1,-1
400,-1,1596.3,389.5,320.49,690.5,80.8,-1,-1
400,-1,989.25,151.05,354.06,675.97,78.3,-1,-1
401,-1,984.26,149.87,357.6,670.94,81.2,-1,-1
401,-1,1593.05,375.36,323.8,704.64,80.2,-1,-1
402,-1,1585.74,408.85,330.33,671.15,79.8,-1,-1
402,-1,984.3,149.49,355.31,664.66,78.2,-1,-1
403,-1,1584.58,414.96,330.71,665.04,79.6,-1,-1
403,-1,980.71,144.36,360.38,676.65,46.4,-1,-1
404,-1,1582.84,412.26,332.89,667.74,80.2,-1,-1
404,-1,979.51,147.63,360.58,670.52,64.9,-1,-1
405,-1,1579.06,368.03,338.78,711.97,79.4,-1,-1
405,-1,978.05,146.47,365.86,673.64,67.0,-1,-1
406,-1,1576.33,397.96,339.64,682.04,78.5,-1,-1
406,-1,980.99,147.36,356.42,674.23,54.9,-1,-1
407,-1,1575.6,406.92,342.47,664.52,82.1,-1,-1
407,-1,981.54,152.89,355.28,666.04,52.9,-1,-1
408,-1,1561.3,379.56,358.7,697.5,84.3,-1,-1
408,-1,973.9,157.16,356.45,662.79,40.5,-1,-1
409,-1,1555.19,353.55,364.69,726.45,83.9,-1,-1
409,-1,975.81,160.21,357.19,655.31,51.3,-1,-1
410,-1,1550.13,400.9,365.65,679.1,80.9,-1,-1
410,-1,975.46,168.62,347.14,645.81,68.1,-1,-1
411,-1,1553.97,397.73,365.96,682.27,83.1,-1,-1
411,-1,979.34,166.38,342.43,653.35,67.9,-1,-1
412,-1,1543.63,362.85,372.52,717.15,83.9,-1,-1
412,-1,980.33,161.67,335.05,650.9,76.5,-1,-1
413,-1,1537.68,420.8,370.04,659.2,83.0,-1,-1
413,-1,972.4,167.55,344.07,649.84,64.9,-1,-1
414,-1,1535.93,413.92,368.27,666.08,84.9,-1,-1
415,-1,1535.79,366.69,370.17,713.31,84.2,-1,-1
415,-1,967.52,171.26,338.5,647.32,49.8,-1,-1
416,-1,1535.56,375.83,384.02,700.79,77.8,-1,-1
417,-1,1534.69,414.05,383.26,655.49,83.8,-1,-1
418,-1,1534.35,377.18,385.32,676.69,85.0,-1,-1
419,-1,1529.78,413.06,377.1,666.94,82.7,-1,-1
420,-1,1528.06,422.53,366.71,657.47,84.4,-1,-1
421,-1,1520.52,372.7,371.67,700.22,80.2,-1,-1
422,-1,959.53,184.85,319.51,625.14,61.5,-1,-1
422,-1,1508.96,371.38,411.04,708.62,50.7,-1,-1
423,-1,1507.69,386.32,411.64,693.68,64.1,-1,-1
423,-1,956.27,181.53,327.51,625.13,40.5,-1,-1
424,-1,955.55,179.09,329.92,616.05,73.4,-1,-1
424,-1,1507.5,385.36,399.33,673.48,35.3,-1,-1
425,-1,951.66,166.14,335.81,629.69,69.2,-1,-1
425,-1,1503.13,417.36,371.27,651.98,64.7,-1,-1
426,-1,1494.2,374.19,380.03,677.72,79.0,-1,-1
426,-1,955.62,165.38,335.91,634.6,51.4,-1,-1
427,-1,954.86,164.75,326.53,635.54,68.1,-1,-1
427,-1,1490.49,401.29,418.76,664.84,66.2,-1,-1
428,-1,1486.06,352.94,403.26,725.79,83.6,-1,-1
429,-1,1479.54,404.21,440.46,675.79,63.8,-1,-1
430,-1,941.19,147.76,334.47,661.26,43.9,-1,-1
430,-1,1476.98,360.71,435.89,718.02,34.6,-1,-1
431,-1,939.7,150.88,337.28,655.09,46.7,-1,-1
433,-1,1458.61,409.75,353.47,662.7,57.7,-1,-1
434,-1,1446.67,375.34,377.69,692.39,57.5,-1,-1
434,-1,924.9,148.62,337.76,670.06,54.4,-1,-1
435,-1,928.12,145.7,334.88,662.88,52.9,-1,-1
436,-1,932.06,150.83,340.57,707.6,25.8,-1,-1
437,-1,1437.24,411.15,361.94,650.64,48.7,-1,-1
437,-1,931.21,149.74,344.68,729.09,38.0,-1,-1
439,-1,920.53,150.93,341.29,685.68,26.9,-1,-1
440,-1,913.72,153.03,341.52,663.45,45.1,-1,-1
441,-1,911.71,148.41,345.67,651.56,61.7,-1,-1
441,-1,1415.12,398.16,354.34,674.87,51.6,-1,-1
442,-1,1405.79,391.06,350.91,656.23,63.7,-1,-1
442,-1,907.14,146.04,345.31,652.07,38.0,-1,-1
443,-1,1404.82,395.23,361.75,650.5,57.8,-1,-1
444,-1,1402.17,415.82,339.56,664.18,57.3,-1,-1
445,-1,1402.63,408.29,337.16,651.56,70.2,-1,-1
446,-1,1390.62,359.57,328.93,653.97,68.2,-1,-1
446,-1,902.22,144.34,344.86,652.33,36.0,-1,-1
447,-1,1384.16,377.83,327.22,598.33,71.3,-1,-1
447,-1,901.53,146.56,341.69,652.43,40.0,-1,-1
448,-1,1380.67,352.86,326.3,616.14,51.3,-1,-1
449,-1,1373.6,376.41,334.88,619.27,61.1,-1,-1
450,-1,1358.96,373.54,354.96,630.44,66.4,-1,-1
450,-1,902.42,147.93,339.72,663.83,35.7,-1,-1
451,-1,1369.22,348.7,358.87,651.33,78.3,-1,-1
451,-1,898.17,147.85,340.83,637.6,62.7,-1,-1
452,-1,893.69,146.25,340.3,630.78,70.9,-1,-1
452,-1,1360.58,361.35,370.06,693.21,62.6,-1,-1
453,-1,893.98,146.95,337.45,629.06,76.0,-1,-1
453,-1,1359.8,369.54,359.74,639.42,68.9,-1,-1
454,-1,888.27,150.11,346.88,635.45,79.9,-1,-1
454,-1,1344.77,360.38,342.38,642.03,79.6,-1,-1
455,-1,885.46,146.55,351.01,633.87,80.5,-1,-1
455,-1,1340.41,400.04,346.0,632.4,80.0,-1,-1
456,-1,892.49,147.73,337.7,624.16,81.1,-1,-1
456,-1,1340.63,383.55,336.55,676.49,78.7,-1,-1
457,-1,889.44,152.0,319.57,612.22,80.8,-1,-1
457,-1,1337.46,354.01,324.14,714.26,45.7,-1,-1
458,-1,880.92,148.04,319.71,624.94,83.3,-1,-1
458,-1,1334.15,370.23,326.16,683.78,36.1,-1,-1
459,-1,881.15,146.29,317.58,624.99,82.1,-1,-1
459,-1,1318.99,357.46,341.45,706.96,68.1,-1,-1
460,-1,870.76,144.27,328.78,631.79,80.7,-1,-1
460,-1,1315.86,359.75,359.74,712.97,38.0,-1,-1
461,-1,871.04,144.64,332.51,627.12,77.0,-1,-1
462,-1,1305.44,360.64,346.19,719.36,60.3,-1,-1
462,-1,866.71,139.7,333.99,642.61,46.2,-1,-1
463,-1,868.65,147.66,336.86,636.07,60.0,-1,-1
464,-1,869.97,153.3,334.35,631.16,27.8,-1,-1
464,-1,1298.42,381.5,327.29,698.5,27.1,-1,-1
465,-1,871.73,143.42,320.63,631.51,67.0,-1,-1
465,-1,1295.95,372.05,361.42,707.95,57.1,-1,-1
466,-1,1290.29,400.25,345.26,679.75,57.4,-1,-1
467,-1,864.75,150.02,346.5,623.77,55.6,-1,-1
467,-1,1285.99,359.14,349.37,705.77,51.8,-1,-1
469,-1,861.81,149.03,335.88,609.22,36.9,-1,-1
472,-1,1267.64,354.56,364.49,692.34,51.7,-1,-1
473,-1,859.94,147.42,344.19,611.02,65.1,-1,-1
473,-1,1264.15,372.52,355.2,615.31,53.5,-1,-1
474,-1,1254.36,354.4,363.58,717.09,32.6,-1,-1
475,-1,1249.06,385.81,332.05,569.89,41.8,-1,-1
475,-1,854.85,144.97,338.58,630.45,40.9,-1,-1
476,-1,1247.88,384.94,352.3,632.21,71.9,-1,-1
476,-1,852.6,138.19,333.77,640.93,60.3,-1,-1
477,-1,856.29,141.56,336.13,638.17,59.7,-1,-1
477,-1,1245.6,355.63,348.03,708.06,30.5,-1,-1
478,-1,1244.63,357.89,334.98,674.47,41.5,-1,-1
478,-1,853.22,141.07,331.13,620.89,30.1,-1,-1
479,-1,844.45,137.78,340.08,622.25,51.7,-1,-1
479,-1,1241.37,342.69,353.75,737.31,33.2,-1,-1
480,-1,848.16,138.79,326.79,612.98,30.2,-1,-1
481,-1,843.7,141.37,338.76,622.43,35.2,-1,-1
483,-1,840.33,137.06,328.43,613.56,54.5,-1,-1
484,-1,1226.27,372.12,327.74,704.91,53.0,-1,-1
484,-1,838.1,139.04,329.85,606.64,36.3,-1,-1
485,-1,839.5,137.57,326.51,608.01,49.0,-1,-1
485,-1,1216.3,349.38,328.27,711.86,48.1,-1,-1
486,-1,836.26,136.92,335.69,612.93,46.8,-1,-1
487,-1,835.84,135.43,328.33,612.48,55.0,-1,-1
487,-1,1213.9,405.11,322.91,667.46,29.3,-1,-1
488,-1,835.25,139.53,327.28,605.44,66.5,-1,-1
488,-1,1210.99,384.05,303.77,625.19,59.4,-1,-1
489,-1,1206.56,354.97,318.1,591.76,65.6,-1,-1
489,-1,838.34,145.23,322.57,602.32,37.4,-1,-1
490,-1,1205.13,358.06,322.55,611.18,46.4,-1,-1
490,-1,836.32,142.36,328.97,603.2,29.0,-1,-1
491,-1,837.95,142.95,336.41,604.54,60.7,-1,-1
491,-1,1202.17,385.49,314.27,594.07,48.4,-1,-1
492,-1,840.31,142.6,326.56,601.49,50.3,-1,-1
492,-1,1199.73,349.4,325.28,656.93,31.3,-1,-1
493,-1,1200.7,347.48,313.4,650.74,46.9,-1,-1
494,-1,835.22,146.85,324.48,598.23,51.0,-1,-1
494,-1,1195.79,345.04,311.35,635.48,36.5,-1,-1
495,-1,841.43,142.84,318.17,601.07,55.2,-1,-1
496,-1,841.81,147.3,319.15,598.81,64.8,-1,-1
496,-1,1192.34,402.78,294.14,543.58,34.6,-1,-1
497,-1,1191.63,385.96,314.44,558.69,59.4,-1,-1
497,-1,838.73,144.6,322.82,600.23,50.4,-1,-1
498,-1,1184.03,365.56,331.73,610.48,69.7,-1,-1
499,-1,1180.62,354.55,344.73,661.81,68.6,-1,-1
500,-1,1179.96,362.47,340.09,679.26,47.3,-1,-1
501,-1,1177.61,365.14,347.82,710.64,35.0,-1,-1
502,-1,1179.26,355.58,346.7,712.01,51.8,-1,-1
503,-1,1181.14,345.55,339.31,701.81,68.6,-1,-1
503,-1,844.1,140.75,320.56,676.05,28.8,-1,-1
504,-1,1176.45,349.99,338.81,722.57,72.3,-1,-1
505,-1,1168.27,338.83,331.44,737.39,42.0,-1,-1
507,-1,836.57,153.57,322.18,632.93,48.4,-1,-1
510,-1,1151.62,355.32,332.48,724.68,57.4,-1,-1
510,-1,843.46,146.29,333.02,687.74,34.0,-1,-1
511,-1,845.23,148.01,328.64,635.36,56.9,-1,-1
512,-1,1153.66,354.67,327.74,725.33,40.5,-1,-1
513,-1,1152.56,348.19,324.63,731.81,47.7,-1,-1
514,-1,857.1,144.59,313.22,609.21,26.3,-1,-1
515,-1,1151.63,351.99,338.63,728.01,53.0,-1,-1
530,-1,864.24,154.09,324.43,648.29,46.8,-1,-1
531,-1,865.96,153.53,320.51,633.32,73.5,-1,-1
532,-1,864.78,153.82,327.68,641.6,41.2,-1,-1
533,-1,871.74,150.26,329.58,626.66,44.3,-1,-1
534,-1,874.08,149.89,321.97,632.76,55.6,-1,-1
536,-1,871.13,151.6,325.73,631.45,36.9,-1,-1
537,-1,872.71,152.28,314.42,611.95,73.7,-1,-1
538,-1,875.66,153.14,316.49,611.69,58.7,-1,-1
539,-1,876.74,155.11,316.76,605.12,55.5,-1,-1
540,-1,870.43,155.9,318.75,601.49,30.8,-1,-1
541,-1,876.24,160.16,322.11,604.67,46.9,-1,-1
571,-1,898.65,175.63,315.52,618.5,36.9,-1,-1
575,-1,897.72,181.28,327.51,614.49,41.2,-1,-1
576,-1,900.76,182.84,322.19,600.4,50.9,-1,-1
577,-1,900.27,181.19,328.81,608.54,27.5,-1,-1
578,-1,901.02,181.83,328.66,573.75,37.2,-1,-1
579,-1,902.47,179.79,329.67,579.94,58.6,-1,-1
580,-1,903.2,183.67,332.34,576.53,47.6,-1,-1
581,-1,900.74,179.99,331.81,582.72,69.4,-1,-1
582,-1,903.12,184.23,334.15,568.84,42.5,-1,-1
583,-1,901.78,181.1,333.02,571.29,56.0,-1,-1
585,-1,896.59,174.77,347.76,584.88,32.4,-1,-1
586,-1,895.37,176.3,357.03,586.2,36.8,-1,-1
588,-1,896.69,179.71,356.58,586.77,34.0,-1,-1
589,-1,899.41,185.94,375.43,618.45,46.0,-1,-1
590,-1,900.3,186.05,372.44,603.17,41.9,-1,-1
680,-1,1689.91,918.53,31.81,85.43,25.7,-1,-1
769,-1,970.02,182.51,324.9,588.15,29.8,-1,-1
770,-1,965.58,181.06,317.04,587.01,33.7,-1,-1
773,-1,967.59,180.51,324.79,590.41,30.6,-1,-1
774,-1,969.91,180.29,301.59,587.33,65.7,-1,-1
775,-1,970.61,178.37,301.8,588.92,59.1,-1,-1
776,-1,965.18,175.86,311.44,590.09,34.6,-1,-1
777,-1,967.03,175.68,302.62,591.67,54.9,-1,-1
778,-1,1854.7,623.31,65.3,240.42,49.0,-1,-1
778,-1,962.95,175.09,317.46,595.32,35.5,-1,-1
778,-1,1852.49,519.94,67.38,349.31,30.4,-1,-1
779,-1,963.3,173.07,306.74,595.4,59.2,-1,-1
779,-1,1856.01,614.42,63.99,249.88,43.6,-1,-1
780,-1,962.46,175.74,309.73,593.38,62.8,-1,-1
780,-1,1856.0,614.64,64.0,252.38,46.1,-1,-1
780,-1,1857.66,475.19,62.34,397.2,27.1,-1,-1
781,-1,963.76,172.98,309.14,597.11,37.4,-1,-1
781,-1,1859.63,616.69,60.24,251.76,36.9,-1,-1
782,-1,963.3,173.22,310.23,597.34,35.6,-1,-1
782,-1,1860.7,602.59,59.3,267.63,34.9,-1,-1
783,-1,1861.52,610.95,58.44,258.39,36.5,-1,-1
783,-1,962.4,171.48,305.7,598.39,29.3,-1,-1
784,-1,963.3,171.95,299.96,599.97,41.1,-1,-1
784,-1,1864.95,600.42,55.05,269.87,33.2,-1,-1
785,-1,963.16,175.64,312.52,594.85,32.7,-1,-1
786,-1,967.22,175.48,301.96,589.51,69.5,-1,-1
787,-1,967.38,175.97,302.24,586.47,65.6,-1,-1
787,-1,1877.71,691.08,42.29,178.07,29.1,-1,-1
788,-1,968.98,178.09,294.58,585.71,69.6,-1,-1
789,-1,966.4,169.61,298.95,588.88,45.9,-1,-1
790,-1,1887.11,710.0,32.78,159.91,33.0,-1,-1
791,-1,966.34,176.75,324.62,588.92,41.5,-1,-1
791,-1,1888.21,708.84,31.79,158.63,30.1,-1,-1
792,-1,967.73,180.92,316.95,582.2,40.3,-1,-1
793,-1,967.6,177.55,308.22,585.01,25.1,-1,-1
794,-1,965.97,175.94,304.21,585.53,26.5,-1,-1
797,-1,969.95,174.73,276.95,585.68,43.1,-1,-1
798,-1,968.56,171.85,301.15,595.97,38.9,-1,-1
799,-1,969.1,171.27,292.84,596.78,49.4,-1,-1
807,-1,1747.09,991.52,46.82,88.48,25.0,-1,-1
823,-1,959.33,180.47,294.51,593.5,36.4,-1,-1
824,-1,960.09,182.28,295.82,590.58,28.8,-1,-1
836,-1,987.63,177.18,306.64,580.35,33.4,-1,-1
838,-1,991.58,179.75,306.94,580.39,30.2,-1,-1
866,-1,1044.77,171.19,282.73,589.19,34.0,-1,-1
894,-1,1108.54,159.46,282.24,588.35,33.7,-1,-1
895,-1,1107.88,168.6,278.15,577.72,48.0,-1,-1
896,-1,1114.42,170.53,271.03,574.69,33.3,-1,-1
929,-1,1154.38,167.8,286.55,577.26,25.1,-1,-1
933,-1,1163.55,160.72,290.5,586.98,30.2,-1,-1
937,-1,1172.12,162.67,268.25,580.21,28.7,-1,-1
947,-1,1179.66,174.5,261.81,568.22,48.2,-1,-1
948,-1,1187.81,175.74,261.27,571.68,68.0,-1,-1
949,-1,1186.05,178.64,263.16,562.46,66.9,-1,-1
950,-1,1187.65,179.22,266.43,566.51,70.5,-1,-1
951,-1,1186.4,183.15,265.53,567.62,54.7,-1,-1
952,-1,1188.54,175.48,257.67,581.28,65.6,-1,-1
953,-1,1188.42,178.69,268.82,582.66,59.7,-1,-1
954,-1,1190.4,180.68,261.99,585.01,64.4,-1,-1
955,-1,1188.86,181.66,269.33,571.3,48.5,-1,-1
956,-1,1189.14,181.76,274.9,569.97,65.1,-1,-1
957,-1,1191.03,179.99,286.47,580.44,59.9,-1,-1
958,-1,1191.33,181.29,278.43,577.52,48.7,-1,-1
959,-1,1193.14,184.43,277.15,571.71,61.1,-1,-1
960,-1,1189.3,184.96,280.23,569.31,57.6,-1,-1
961,-1,1193.74,187.01,273.6,563.43,47.0,-1,-1
962,-1,1192.16,189.23,273.52,560.79,28.1,-1,-1
963,-1,1193.93,189.03,273.74,561.18,41.9,-1,-1
964,-1,1191.5,189.28,276.38,562.13,38.9,-1,-1
966,-1,1196.06,188.91,286.48,567.17,42.3,-1,-1
967,-1,1195.19,191.68,278.63,562.89,51.2,-1,-1
968,-1,1195.5,191.27,277.29,562.89,37.4,-1,-1
972,-1,430.38,384.2,299.0,555.13,25.8,-1,-1
984,-1,1206.74,195.65,275.32,553.18,33.0,-1,-1
985,-1,1218.49,190.71,235.8,564.86,33.8,-1,-1
986,-1,1217.89,189.11,239.23,564.43,41.3,-1,-1
990,-1,1221.13,189.0,229.93,582.12,28.1,-1,-1
992,-1,1220.71,188.19,235.02,575.9,30.8,-1,-1
993,-1,1828.37,760.7,46.12,96.35,40.9,-1,-1
993,-1,1222.33,191.76,233.83,576.28,36.0,-1,-1
1000,-1,1222.3,196.43,241.45,570.23,46.7,-1,-1
1001,-1,1222.65,196.0,249.62,581.03,43.1,-1,-1
1003,-1,1225.08,200.64,246.15,576.88,63.3,-1,-1
1004,-1,1226.73,200.82,244.95,570.6,34.6,-1,-1
1007,-1,0.07,211.09,28.62,114.66,26.0,-1,-1
1007,-1,1875.11,704.08,44.89,166.32,25.6,-1,-1
1009,-1,1883.54,766.4,36.46,104.86,27.0,-1,-1
1010,-1,1886.68,738.35,33.32,133.07,28.7,-1,-1
1011,-1,1231.01,195.68,232.42,552.62,32.3,-1,-1
1025,-1,1250.13,192.6,249.0,575.31,41.4,-1,-1
1032,-1,1263.14,200.37,225.92,554.69,44.6,-1,-1
1033,-1,1264.76,199.67,226.32,555.45,49.9,-1,-1
1034,-1,1266.11,199.54,224.82,558.38,61.9,-1,-1
1035,-1,1267.68,198.54,225.77,554.37,56.2,-1,-1
1040,-1,0.0,302.59,29.26,127.47,30.1,-1,-1
1046,-1,1276.09,194.95,226.91,587.0,49.8,-1,-1
1047,-1,1276.11,191.55,227.71,593.48,46.2,-1,-1
1048,-1,1276.77,200.21,224.13,575.99,59.7,-1,-1
1049,-1,1274.0,201.2,231.19,574.01,60.5,-1,-1
1050,-1,1270.98,202.36,235.6,575.98,40.9,-1,-1
1064,-1,1277.29,208.45,255.86,575.86,63.6,-1,-1
1065,-1,1275.24,205.78,274.22,597.41,25.2,-1,-1
1066,-1,1278.09,201.61,257.68,593.58,49.3,-1,-1
1067,-1,1280.46,212.55,255.7,599.87,53.6,-1,-1
1068,-1,1280.73,209.14,257.76,590.47,35.7,-1,-1
1069,-1,1281.96,218.09,257.14,584.36,46.4,-1,-1
1070,-1,1283.8,218.22,253.53,581.21,45.2,-1,-1
1071,-1,1284.3,221.99,254.63,577.41,50.3,-1,-1
1072,-1,1286.04,219.12,259.6,581.33,48.4,-1,-1
1073,-1,1287.71,220.38,260.93,570.42,36.4,-1,-1
1091,-1,1302.87,216.7,221.36,587.02,32.5,-1,-1
1094,-1,1309.33,205.9,208.5,580.89,25.8,-1,-1
1096,-1,1306.66,208.88,201.58,576.08,28.2,-1,-1
1097,-1,0.0,457.87,25.63,108.65,37.6,-1,-1
1098,-1,1297.57,220.96,241.44,570.69,27.3,-1,-1
1098,-1,0.0,468.85,25.41,95.19,26.3,-1,-1
1100,-1,1874.57,740.63,45.39,153.5,31.2,-1,-1
1107,-1,1292.58,233.15,263.66,578.36,26.3,-1,-1
1110,-1,1290.49,222.99,238.57,589.51,40.1,-1,-1
1111,-1,1291.6,226.48,253.73,586.77,28.5,-1,-1
1113,-1,571.48,271.54,52.39,83.59,28.8,-1,-1
1114,-1,576.63,270.8,47.94,82.79,25.6,-1,-1
1119,-1,405.94,338.56,59.04,82.35,33.3,-1,-1
1124,-1,1280.98,221.32,219.83,598.39,60.0,-1,-1
1125,-1,1281.18,217.87,223.31,606.47,44.4,-1,-1
1126,-1,1279.92,207.12,298.36,627.04,30.2,-1,-1
1127,-1,1274.48,210.81,294.32,623.37,27.1,-1,-1
1128,-1,1270.66,217.32,293.29,611.24,25.6,-1,-1
1130,-1,1258.74,233.24,285.18,597.86,36.7,-1,-1
1150,-1,1131.26,0.0,139.11,108.07,32.2,-1,-1
1150,-1,1204.23,226.4,230.34,609.46,26.7,-1,-1
1152,-1,1198.14,211.09,327.32,641.71,42.6,-1,-1
1153,-1,1194.68,202.8,278.7,633.31,41.0,-1,-1
1154,-1,1192.81,199.56,265.07,657.13,36.2,-1,-1
1154,-1,1133.75,0.0,184.38,110.36,27.6,-1,-1
1155,-1,1150.08,0.0,169.71,98.02,42.3,-1,-1
1156,-1,1184.97,217.29,267.06,646.77,27.3,-1,-1
1157,-1,1183.31,199.19,265.11,665.78,38.8,-1,-1
1160,-1,1164.59,213.56,277.66,640.29,34.7,-1,-1
1161,-1,1165.34,0.0,208.27,92.64,34.0,-1,-1
1161,-1,1153.33,211.93,277.87,635.83,26.3,-1,-1
1162,-1,1153.18,0.0,225.89,100.35,35.2,-1,-1
1163,-1,1148.46,0.0,235.64,97.18,32.6,-1,-1
1166,-1,1230.28,0.0,185.0,77.55,45.7,-1,-1
1166,-1,1149.19,217.88,238.96,611.74,25.4,-1,-1
1167,-1,1225.56,0.0,152.86,81.44,30.5,-1,-1
1168,-1,1251.6,0.0,128.45,78.87,52.7,-1,-1
1168,-1,1144.68,215.58,241.6,602.64,27.6,-1,-1
1169,-1,1248.74,0.0,125.93,81.73,27.5,-1,-1
1170,-1,1250.64,0.0,129.58,78.74,44.4,-1,-1
1171,-1,1266.3,0.0,112.45,78.9,45.1,-1,-1
1171,-1,1132.44,210.44,282.03,626.09,38.6,-1,-1
1172,-1,1122.11,206.09,288.62,635.05,38.0,-1,-1
1172,-1,1282.61,0.0,100.38,73.93,28.7,-1,-1
1173,-1,1271.85,0.0,116.41,75.73,61.2,-1,-1
1173,-1,1112.7,208.04,282.89,629.3,50.2,-1,-1
1174,-1,1107.41,200.57,282.61,631.05,46.2,-1,-1
1175,-1,1107.52,208.48,281.63,630.17,58.0,-1,-1
1176,-1,1102.35,200.23,284.02,631.78,63.9,-1,-1
1177,-1,1098.35,191.28,292.57,636.75,70.3,-1,-1
1178,-1,1096.49,186.48,291.68,640.69,63.8,-1,-1
1179,-1,1094.02,185.54,287.96,646.32,59.4,-1,-1
1180,-1,1092.82,177.84,276.2,654.26,59.8,-1,-1
1180,-1,1317.03,0.0,125.32,56.04,25.8,-1,-1
1181,-1,1092.6,182.58,247.32,644.72,50.9,-1,-1
1182,-1,1091.02,179.12,264.69,654.05,63.5,-1,-1
1182,-1,1335.17,0.0,117.54,57.45,51.6,-1,-1
1183,-1,1084.93,178.21,264.22,655.2,66.0,-1,-1
1183,-1,1342.26,0.0,118.41,53.51,40.5,-1,-1
1183,-1,571.7,279.05,49.22,88.48,32.3,-1,-1
1184,-1,1084.41,178.43,267.15,663.96,50.7,-1,-1
1184,-1,571.29,274.06,50.29,91.95,33.0,-1,-1
1184,-1,1348.64,0.0,111.73,50.19,28.4,-1,-1
1185,-1,1088.09,185.06,265.69,662.35,65.2,-1,-1
1185,-1,1350.04,0.0,111.24,51.0,27.0,-1,-1
1186,-1,1078.8,181.75,236.4,647.23,34.5,-1,-1
1186,-1,1320.97,0.0,101.43,60.85,34.4,-1,-1
1187,-1,1309.3,0.0,143.64,62.01,34.4,-1,-1
1188,-1,1080.69,186.2,251.56,655.38,51.5,-1,-1
1189,-1,1073.56,183.43,257.92,662.05,45.0,-1,-1
1190,-1,1079.92,186.77,254.22,665.54,27.0,-1,-1
1191,-1,1083.14,183.65,224.76,655.42,44.4,-1,-1
1194,-1,1061.68,193.61,247.4,646.19,33.9,-1,-1
1208,-1,1007.25,151.71,264.82,683.15,37.9,-1,-1
1209,-1,1004.07,151.87,258.73,689.98,56.8,-1,-1
1210,-1,1004.2,155.5,227.33,680.0,55.2,-1,-1
1211,-1,996.13,152.93,224.15,684.39,48.4,-1,-1
1212,-1,996.75,156.68,243.33,684.57,27.6,-1,-1
1213,-1,995.25,146.9,256.03,689.79,31.0,-1,-1
1219,-1,989.07,141.07,233.09,690.98,40.9,-1,-1
1220,-1,986.48,139.17,203.66,695.84,27.9,-1,-1
1221,-1,985.56,138.82,215.15,699.03,29.0,-1,-1
1223,-1,989.84,144.53,156.53,691.13,43.6,-1,-1
1224,-1,979.61,143.81,163.28,691.71,40.6,-1,-1
1224,-1,1442.52,825.82,43.81,100.57,35.5,-1,-1
1225,-1,989.56,123.58,149.54,713.38,26.8,-1,-1
1227,-1,980.31,123.82,165.25,714.29,36.4,-1,-1
1228,-1,978.99,53.28,143.89,786.45,33.3,-1,-1
1229,-1,973.14,124.6,172.53,707.9,44.5,-1,-1
1230,-1,973.42,123.98,176.16,710.74,26.3,-1,-1
1236,-1,1436.84,0.0,101.34,36.04,26.0,-1,-1
1236,-1,1473.35,0.0,64.59,30.23,25.9,-1,-1
1237,-1,1420.26,0.0,122.02,41.8,39.5,-1,-1
1262,-1,1499.26,0.0,92.2,32.22,25.6,-1,-1
1264,-1,874.09,96.33,157.1,723.69,30.1,-1,-1
1267,-1,868.62,132.61,163.36,684.59,36.3,-1,-1
1268,-1,866.05,125.94,192.81,691.7,57.2,-1,-1
1271,-1,852.46,124.11,170.32,692.14,39.3,-1,-1
1292,-1,851.66,133.33,151.13,698.22,27.3,-1,-1
1310,-1,858.17,13.62,124.93,830.33,25.5,-1,-1
1311,-1,857.87,1.09,127.07,841.19,25.4,-1,-1
1313,-1,862.38,30.16,123.78,817.85,25.8,-1,-1
1314,-1,870.63,0.0,117.9,845.2,41.2,-1,-1
1315,-1,866.31,26.71,117.2,819.0,39.9,-1,-1
1316,-1,865.9,0.0,119.28,848.98,25.8,-1,-1
1317,-1,866.07,0.0,118.48,844.25,32.7,-1,-1
1318,-1,864.25,0.0,120.79,847.28,26.3,-1,-1
1319,-1,862.96,5.33,125.3,842.32,26.3,-1,-1
1322,-1,861.03,36.37,141.7,810.13,36.9,-1,-1
1347,-1,1543.29,98.79,37.77,65.49,32.7,-1,-1
1361,-1,904.33,74.69,130.23,753.52,27.1,-1,-1
1366,-1,917.25,108.64,125.75,713.75,41.9,-1,-1
1382,-1,927.45,156.17,136.2,682.64,28.1,-1,-1
1461,-1,967.39,189.85,181.22,673.11,35.3,-1,-1
1463,-1,970.98,195.74,186.57,667.0,28.2,-1,-1
1515,-1,0.66,361.14,37.13,267.39,26.5,-1,-1
1539,-1,77.16,0.0,85.54,106.87,46.3,-1,-1
1539,-1,1290.97,0.0,243.73,170.41,25.7,-1,-1
1540,-1,75.72,0.0,77.54,100.89,42.0,-1,-1
1542,-1,1354.13,0.0,268.78,138.81,37.3,-1,-1
1542,-1,1354.97,0.0,188.88,135.66,30.2,-1,-1
1545,-1,32.27,0.0,112.82,61.89,59.6,-1,-1
1546,-1,26.23,0.0,101.84,57.44,56.4,-1,-1
1547,-1,599.15,0.0,165.78,66.67,28.6,-1,-1
1548,-1,598.71,0.0,158.34,56.01,50.7,-1,-1
1549,-1,924.99,0.0,199.79,79.32,29.4,-1,-1
1549,-1,0.0,0.0,86.43,33.56,28.8,-1,-1
1551,-1,1568.42,0.0,167.99,83.12,30.1,-1,-1
1555,-1,1628.12,0.0,145.05,61.95,32.5,-1,-1
1556,-1,1638.46,0.0,159.12,65.97,34.0,-1,-1
1598,-1,1345.25,783.84,75.99,155.26,41.4,-1,-1
1603,-1,1772.94,0.0,136.93,191.69,29.1,-1,-1
1681,-1,1144.17,334.48,52.3,126.82,29.0,-1,-1
1683,-1,1144.96,327.87,64.35,133.47,27.2,-1,-1
1695,-1,1776.95,0.0,45.15,23.97,37.6,-1,-1
1718,-1,524.38,0.0,41.12,18.53,25.0,-1,-1
1745,-1,17.23,0.0,117.09,42.8,49.3,-1,-1
1746,-1,26.24,0.0,103.42,48.26,53.1,-1,-1
1746,-1,1428.11,0.0,101.57,36.15,27.9,-1,-1
1747,-1,28.98,0.0,100.9,52.34,63.5,-1,-1
1748,-1,30.59,0.0,132.54,55.47,60.2,-1,-1
1749,-1,30.66,0.0,137.71,55.99,65.5,-1,-1
1750,-1,36.26,0.0,118.39,55.17,64.8,-1,-1
1751,-1,36.26,0.0,131.48,57.54,62.7,-1,-1
1752,-1,41.31,0.0,120.46,59.77,58.9,-1,-1
1753,-1,45.19,0.0,130.33,62.36,59.6,-1,-1
1754,-1,48.01,0.0,135.16,62.7,61.8,-1,-1
1755,-1,48.79,0.0,127.97,61.68,63.2,-1,-1
1756,-1,50.88,0.0,127.27,63.45,59.0,-1,-1
1757,-1,49.96,0.0,138.81,65.84,51.8,-1,-1
1758,-1,54.33,0.0,132.92,67.61,65.1,-1,-1
1759,-1,58.43,0.0,129.88,69.19,38.1,-1,-1
1760,-1,64.84,0.0,131.71,71.64,45.7,-1,-1
1761,-1,70.96,0.0,128.13,72.3,27.7,-1,-1
1762,-1,73.84,0.0,133.87,74.16,43.9,-1,-1
1763,-1,71.68,0.0,129.3,75.68,53.9,-1,-1
1764,-1,68.84,0.0,122.36,75.37,41.8,-1,-1
1765,-1,70.95,0.0,125.17,77.55,53.4,-1,-1
1766,-1,70.44,0.0,144.74,79.57,52.9,-1,-1
1767,-1,71.87,0.0,127.86,79.51,25.8,-1,-1
1768,-1,70.74,0.0,138.36,81.66,49.9,-1,-1
1769,-1,70.89,0.0,150.02,83.35,52.0,-1,-1
1770,-1,65.99,0.0,152.09,84.5,43.5,-1,-1
1771,-1,68.31,0.0,152.08,87.55,52.0,-1,-1
1772,-1,1453.56,0.0,162.88,79.33,42.3,-1,-1
1783,-1,1432.8,0.0,240.85,118.48,30.8,-1,-1
1788,-1,1178.63,0.0,90.71,32.03,35.1,-1,-1
1791,-1,1193.31,0.0,88.06,37.03,33.2,-1,-1
1797,-1,1209.36,0.0,91.96,39.22,31.9,-1,-1
1800,-1,1531.6,0.0,140.89,104.32,33.1,-1,-1
1801,-1,1526.9,0.0,151.01,107.55,35.6,-1,-1
1808,-1,1236.97,0.0,112.44,47.85,36.6,-1,-1
1809,-1,1234.78,0.0,133.8,55.33,39.2,-1,-1
1810,-1,1237.17,0.0,135.53,53.8,41.2,-1,-1
1811,-1,1235.68,0.0,137.2,55.2,33.4,-1,-1
1813,-1,1245.46,0.0,127.08,53.41,29.4,-1,-1
1814,-1,1248.82,0.0,134.73,52.21,26.6,-1,-1
1815,-1,1251.98,0.0,160.79,70.88,33.2,-1,-1
1816,-1,1250.88,0.0,147.67,63.18,32.7,-1,-1
1817,-1,1258.14,0.0,148.42,64.16,49.3,-1,-1
1818,-1,1259.34,0.0,146.31,64.55,30.3,-1,-1
1819,-1,1266.9,0.0,141.32,63.63,39.9,-1,-1
1825,-1,1290.63,0.0,126.8,66.4,26.7,-1,-1
1827,-1,1295.89,0.0,156.31,71.5,26.6,-1,-1
1829,-1,1297.79,0.0,155.15,68.47,57.5,-1,-1
1830,-1,1299.74,0.0,147.0,66.32,32.5,-1,-1
1831,-1,1300.21,0.0,140.74,70.78,53.9,-1,-1
1832,-1,1302.71,0.0,169.11,82.1,55.9,-1,-1
1833,-1,1304.91,0.0,159.79,78.6,53.6,-1,-1
1834,-1,1306.78,0.0,156.52,74.69,52.2,-1,-1
1835,-1,1316.15,0.0,160.94,82.47,63.1,-1,-1
1838,-1,1326.51,0.0,148.81,84.78,25.2,-1,-1
1853,-1,1368.43,0.0,141.96,106.75,47.0,-1,-1
1854,-1,1372.62,0.0,156.77,106.97,36.5,-1,-1
1855,-1,1374.97,0.0,154.43,109.77,50.3,-1,-1
1856,-1,1373.62,0.0,166.31,114.79,62.2,-1,-1
1857,-1,1372.07,0.0,176.74,109.76,52.3,-1,-1
1858,-1,1381.49,0.0,167.67,112.4,55.7,-1,-1
1859,-1,1384.98,0.0,170.25,112.78,51.5,-1,-1
1860,-1,1388.89,0.0,153.3,111.1,43.3,-1,-1
1861,-1,1388.51,0.0,156.64,112.11,36.4,-1,-1
1864,-1,1395.12,0.0,141.59,116.64,32.6,-1,-1
1866,-1,1402.95,0.0,145.26,117.38,26.7,-1,-1
1869,-1,927.03,123.85,26.67,63.56,27.5,-1,-1
1870,-1,1414.24,0.0,145.44,123.65,45.9,-1,-1
1871,-1,1417.02,0.0,144.34,126.24,34.3,-1,-1
1873,-1,1413.86,0.0,153.75,128.53,29.7,-1,-1
1874,-1,1422.09,0.0,149.52,126.97,25.8,-1,-1
1875,-1,1425.1,0.0,151.81,127.36,28.4,-1,-1
1876,-1,1.31,345.21,69.37,388.49,30.3,-1,-1
1876,-1,1432.03,0.0,154.38,125.64,25.5,-1,-1
1877,-1,1432.76,0.0,154.68,129.99,30.8,-1,-1
1886,-1,1444.18,0.0,169.68,147.28,38.4,-1,-1
1888,-1,0.0,647.02,22.5,105.21,26.0,-1,-1
1889,-1,0.0,647.93,23.07,106.75,31.8,-1,-1
1892,-1,1887.57,0.0,31.64,25.39,36.9,-1,-1
1898,-1,0.13,654.96,30.12,121.78,35.8,-1,-1
1899,-1,1423.73,0.0,42.32,20.94,49.2,-1,-1
1899,-1,0.04,652.83,30.33,124.45,32.8,-1,-1
1900,-1,1426.87,0.0,41.16,21.73,34.6,-1,-1
1900,-1,0.07,675.75,30.4,101.17,25.6,-1,-1
1902,-1,0.16,709.9,30.9,67.45,25.5,-1,-1
1904,-1,1896.28,0.0,23.35,27.92,37.0,-1,-1
1905,-1,1575.84,10.22,66.89,158.79,43.4,-1,-1
1907,-1,1584.43,18.34,68.61,152.85,53.5,-1,-1
1912,-1,1451.0,0.0,67.02,30.47,27.2,-1,-1
1913,-1,1450.17,0.0,69.2,31.5,44.3,-1,-1
1913,-1,178.02,621.21,63.62,93.75,41.5,-1,-1
1914,-1,1451.36,0.0,70.27,29.8,52.9,-1,-1
1915,-1,1456.23,0.0,67.68,29.08,42.9,-1,-1
1934,-1,1572.69,1.55,192.09,185.42,30.4,-1,-1
1938,-1,1672.8,14.26,81.24,180.18,37.3,-1,-1
1939,-1,1675.1,13.15,80.77,180.88,44.0,-1,-1
1940,-1,1674.1,10.7,94.57,186.37,40.2,-1,-1
1963,-1,479.99,589.13,33.52,72.6,28.7,-1,-1
1971,-1,519.79,582.78,45.86,77.21,35.9,-1,-1
1971,-1,510.04,584.23,36.02,69.26,30.3,-1,-1
1982,-1,571.01,576.62,44.51,78.64,32.1,-1,-1
2009,-1,700.45,573.82,30.44,72.22,38.8,-1,-1
2011,-1,722.62,578.11,41.17,64.32,27.3,-1,-1
2011,-1,715.73,574.72,42.0,71.41,26.6,-1,-1
2011,-1,702.72,570.78,34.65,79.18,25.7,-1,-1
2012,-1,712.58,574.95,43.79,71.35,25.2,-1,-1
2033,-1,0.33,757.37,22.72,106.49,32.7,-1,-1
2105,-1,1033.58,310.57,35.61,115.27,30.9,-1,-1
2113,-1,1013.93,293.18,137.56,503.58,37.7,-1,-1
2114,-1,1029.25,293.22,113.88,500.24,42.7,-1,-1
2115,-1,1026.06,291.66,115.01,501.79,36.8,-1,-1
2136,-1,1291.32,582.15,37.11,64.5,29.2,-1,-1
2137,-1,1294.15,583.81,35.27,64.5,30.2,-1,-1
2152,-1,913.13,341.85,139.74,486.05,38.3,-1,-1
2154,-1,914.44,327.25,129.57,504.29,28.0,-1,-1
2155,-1,921.5,331.97,117.91,495.93,27.5,-1,-1
2157,-1,925.58,343.39,110.49,486.51,28.7,-1,-1
2172,-1,844.56,360.81,195.77,489.98,40.4,-1,-1
2174,-1,848.62,355.89,175.99,492.49,40.7,-1,-1
2174,-1,890.9,357.8,113.58,496.12,38.1,-1,-1
2235,-1,1355.74,661.66,29.16,47.34,29.7,-1,-1
2243,-1,739.86,410.81,112.39,477.1,46.9,-1,-1
2245,-1,719.36,395.73,127.21,493.74,38.3,-1,-1
2324,-1,718.46,431.06,134.85,455.37,36.7,-1,-1
2349,-1,758.35,413.67,130.34,453.27,31.0,-1,-1
2375,-1,386.3,550.29,16.07,46.71,27.7,-1,-1
2376,-1,387.01,548.79,14.99,47.47,29.4,-1,-1
2386,-1,446.04,547.79,18.0,47.04,28.7,-1,-1
2389,-1,754.5,411.98,106.2,436.5,26.2,-1,-1
2392,-1,744.35,428.54,112.73,402.6,27.6,-1,-1
2393,-1,737.32,409.77,106.53,428.39,56.1,-1,-1
2394,-1,738.8,430.71,109.59,379.33,58.1,-1,-1
2394,-1,758.83,437.93,94.48,336.5,35.8,-1,-1
2395,-1,739.64,437.92,103.2,403.97,62.2,-1,-1
2396,-1,737.87,426.41,104.59,354.35,52.4,-1,-1
2396,-1,756.09,443.02,86.87,298.54,38.3,-1,-1
2396,-1,762.0,444.0,77.17,190.65,29.1,-1,-1
2397,-1,744.12,438.38,104.08,345.95,37.4,-1,-1
2397,-1,762.76,445.78,74.76,167.14,26.4,-1,-1
2397,-1,758.4,445.04,82.46,221.35,25.1,-1,-1
2398,-1,739.27,434.64,99.35,349.71,66.5,-1,-1
2399,-1,735.12,434.82,103.14,352.97,64.4,-1,-1
2400,-1,736.95,447.15,103.11,327.26,68.3,-1,-1
2400,-1,754.23,450.78,79.65,260.17,31.5,-1,-1
2400,-1,398.34,764.98,30.28,52.47,27.2,-1,-1
2401,-1,736.77,449.47,103.23,347.57,63.5,-1,-1
2402,-1,739.33,452.74,99.23,351.96,60.0,-1,-1
2402,-1,1443.08,475.55,97.3,366.11,46.0,-1,-1
2403,-1,742.03,463.18,107.08,301.32,34.8,-1,-1
2404,-1,743.48,464.33,92.39,340.29,53.6,-1,-1
2406,-1,739.27,465.96,91.81,290.85,64.6,-1,-1
2406,-1,1752.88,568.62,16.51,41.99,33.1,-1,-1
2406,-1,1397.06,475.24,87.35,342.79,29.3,-1,-1
2407,-1,742.14,467.83,89.12,309.77,66.4,-1,-1
2407,-1,1888.66,546.94,25.79,43.13,30.0,-1,-1
2408,-1,738.36,476.16,80.34,268.69,68.0,-1,-1
2409,-1,736.01,475.51,83.19,274.41,66.7,-1,-1
2409,-1,1368.44,491.89,69.27,329.6,27.6,-1,-1
2410,-1,751.49,477.31,71.75,281.94,41.2,-1,-1
2411,-1,731.69,484.82,83.33,249.89,64.4,-1,-1
2411,-1,1340.77,477.32,71.48,321.03,33.5,-1,-1
2412,-1,733.79,490.31,80.34,240.14,68.8,-1,-1
2413,-1,727.39,489.83,87.17,250.15,63.8,-1,-1
2413,-1,745.13,486.07,72.01,224.27,51.1,-1,-1
2414,-1,728.51,495.24,87.34,246.81,64.9,-1,-1
2414,-1,747.15,491.7,66.57,200.01,35.8,-1,-1
2415,-1,740.0,488.14,84.26,245.44,60.9,-1,-1
2415,-1,1271.5,490.99,82.15,297.69,52.3,-1,-1
2415,-1,1270.39,595.39,80.87,190.3,34.5,-1,-1
2416,-1,725.92,492.15,85.86,232.99,63.4,-1,-1
2417,-1,723.0,497.96,79.86,232.9,68.9,-1,-1
2417,-1,1229.55,527.71,89.29,252.02,27.2,-1,-1
2418,-1,723.22,499.9,79.76,224.3,67.9,-1,-1
2418,-1,1210.42,503.27,88.82,284.89,27.5,-1,-1
2419,-1,719.18,506.89,80.78,220.53,67.2,-1,-1
2419,-1,1204.49,503.23,75.84,278.73,34.6,-1,-1
2420,-1,712.21,509.72,90.36,219.24,69.8,-1,-1
2420,-1,1190.62,521.52,72.19,277.75,36.4,-1,-1
2421,-1,701.23,513.23,86.18,209.96,69.4,-1,-1
2421,-1,1149.69,511.91,98.9,315.55,29.1,-1,-1
2422,-1,693.74,517.62,88.17,222.84,62.6,-1,-1
2422,-1,1842.8,293.59,77.2,188.14,36.2,-1,-1
2422,-1,1152.69,524.61,75.02,261.95,27.2,-1,-1
2423,-1,699.61,521.67,80.91,209.8,66.1,-1,-1
2423,-1,1779.72,302.47,111.67,200.21,48.0,-1,-1
2423,-1,1131.39,521.81,75.38,250.64,26.9,-1,-1
2424,-1,686.23,528.64,83.55,196.99,72.3,-1,-1
2424,-1,1119.14,525.72,76.88,247.76,49.0,-1,-1
2425,-1,675.81,527.97,89.84,200.05,70.7,-1,-1
2426,-1,672.15,538.57,86.23,194.65,75.3,-1,-1
2426,-1,1081.48,536.69,74.89,243.44,54.0,-1,-1
2427,-1,669.04,540.93,83.33,186.78,72.7,-1,-1
2427,-1,1062.38,541.89,75.13,234.24,36.9,-1,-1
2428,-1,655.92,546.66,89.42,178.21,58.9,-1,-1
2428,-1,1051.61,547.91,65.73,226.37,47.7,-1,-1
2429,-1,649.82,551.15,69.5,175.53,75.6,-1,-1
2429,-1,1021.28,557.3,76.78,210.02,49.9,-1,-1
2430,-1,635.43,551.33,82.83,174.45,73.7,-1,-1
2430,-1,1008.72,555.91,71.72,214.95,43.8,-1,-1
2431,-1,634.71,564.71,75.65,159.54,70.9,-1,-1
2431,-1,973.88,563.15,86.79,210.65,45.6,-1,-1
2432,-1,620.91,566.76,76.88,163.42,65.6,-1,-1
2432,-1,969.55,564.83,67.53,202.81,29.8,-1,-1
2433,-1,608.2,570.19,67.59,157.37,70.2,-1,-1
2433,-1,956.6,573.28,62.66,190.96,55.4,-1,-1
2433,-1,0.27,687.44,34.35,149.82,30.0,-1,-1
2434,-1,600.64,576.13,73.58,160.18,73.4,-1,-1
2434,-1,946.43,569.74,56.55,194.34,26.6,-1,-1
2435,-1,587.64,578.8,66.76,151.74,69.8,-1,-1
2435,-1,914.92,577.8,60.39,185.88,58.7,-1,-1
2435,-1,0.16,659.8,40.41,176.74,35.7,-1,-1
2436,-1,572.47,585.23,73.13,145.81,74.1,-1,-1
2436,-1,895.32,587.45,62.7,181.68,45.6,-1,-1
2436,-1,0.31,662.86,40.35,180.54,34.1,-1,-1
2437,-1,560.8,589.37,67.52,153.22,57.0,-1,-1
2437,-1,871.96,597.29,62.52,173.04,50.1,-1,-1
2438,-1,552.36,593.85,66.11,139.99,62.5,-1,-1
2438,-1,856.78,593.74,56.16,186.73,36.5,-1,-1
2439,-1,528.75,593.81,72.59,145.72,63.5,-1,-1
2439,-1,824.86,594.84,67.06,182.65,46.9,-1,-1
2440,-1,813.16,594.53,64.66,182.78,46.8,-1,-1
2440,-1,520.82,602.44,61.55,151.01,44.6,-1,-1
2440,-1,1278.03,452.5,59.81,139.13,34.5,-1,-1
2441,-1,511.82,608.29,61.71,138.37,66.8,-1,-1
2441,-1,797.42,598.44,67.45,184.05,53.7,-1,-1
2442,-1,491.17,610.73,64.51,135.52,71.4,-1,-1
2442,-1,776.63,606.89,56.37,167.91,45.2,-1,-1
2443,-1,492.64,620.32,59.44,122.78,60.8,-1,-1
2443,-1,468.84,617.43,62.3,136.26,48.6,-1,-1
2443,-1,756.1,619.88,56.6,154.29,47.9,-1,-1
2444,-1,457.71,622.55,59.63,128.31,76.2,-1,-1
2445,-1,438.95,622.6,67.46,133.94,67.0,-1,-1
2446,-1,691.1,631.8,53.96,148.4,54.0,-1,-1
2446,-1,424.24,626.25,62.49,134.32,52.0,-1,-1
2446,-1,445.2,628.75,47.27,119.01,47.0,-1,-1
2446,-1,449.03,648.09,48.19,97.14,40.3,-1,-1
2447,-1,409.35,633.17,56.84,119.13,64.0,-1,-1
2447,-1,657.68,631.99,66.59,163.89,44.5,-1,-1
2448,-1,392.01,637.85,59.9,122.41,66.9,-1,-1
2448,-1,644.31,635.84,55.78,154.74,41.0,-1,-1
2449,-1,618.34,640.87,56.66,154.67,41.3,-1,-1
2449,-1,377.65,644.09,55.32,123.65,39.9,-1,-1
2449,-1,1583.98,683.41,28.1,49.83,27.7,-1,-1
2450,-1,594.79,644.88,58.02,155.54,34.3,-1,-1
2451,-1,331.61,649.81,58.36,127.43,58.9,-1,-1
2451,-1,351.35,651.93,55.1,112.63,43.5,-1,-1
2451,-1,975.19,538.18,48.48,104.53,34.1,-1,-1
2451,-1,584.97,648.73,45.83,148.14,33.5,-1,-1
2452,-1,319.14,660.01,54.24,107.71,61.3,-1,-1
2452,-1,550.9,644.9,62.13,171.31,36.4,-1,-1
2452,-1,948.07,541.06,48.36,107.57,27.5,-1,-1
2453,-1,289.23,660.12,65.93,118.03,72.4,-1,-1
2453,-1,523.88,653.36,63.49,158.6,51.4,-1,-1
2454,-1,279.93,664.11,56.19,117.34,61.9,-1,-1
2455,-1,258.64,672.26,53.23,109.54,49.6,-1,-1
2455,-1,481.34,665.77,61.86,160.19,42.8,-1,-1
2456,-1,235.71,677.42,52.93,110.22,68.2,-1,-1
2456,-1,457.4,663.08,66.89,164.64,59.1,-1,-1
2457,-1,432.21,672.05,62.69,154.39,47.9,-1,-1
2457,-1,215.4,677.82,52.62,106.36,40.1,-1,-1
2457,-1,1191.46,949.26,51.28,130.74,26.2,-1,-1
2458,-1,195.99,683.17,58.11,109.37,46.5,-1,-1
2459,-1,176.43,685.2,49.93,109.65,65.1,-1,-1
2459,-1,391.7,683.3,62.51,143.21,34.6,-1,-1
2460,-1,152.41,697.52,52.82,102.51,42.4,-1,-1
2460,-1,378.66,685.44,54.13,148.71,35.7,-1,-1
2461,-1,134.78,699.12,49.41,103.01,61.1,-1,-1
2461,-1,349.24,689.22,57.78,148.54,28.5,-1,-1
2463,-1,87.09,707.19,53.39,105.7,73.5,-1,-1
2463,-1,671.19,596.41,39.73,97.45,30.4,-1,-1
2463,-1,301.23,699.84,57.13,138.85,27.7,-1,-1
2464,-1,62.91,710.54,49.31,103.91,65.7,-1,-1
2464,-1,281.63,707.91,52.97,126.81,39.5,-1,-1
2465,-1,270.36,710.46,42.45,126.18,53.9,-1,-1
2465,-1,47.51,712.23,56.17,105.77,51.8,-1,-1
2466,-1,32.16,710.98,57.72,109.86,75.4,-1,-1
2466,-1,247.43,713.45,46.97,129.36,44.6,-1,-1
2467,-1,22.26,715.45,51.74,102.99,77.9,-1,-1
2467,-1,226.04,715.86,57.54,119.85,47.9,-1,-1
2468,-1,20.81,715.27,48.25,102.18,73.5,-1,-1
2468,-1,224.0,717.21,42.12,117.61,47.5,-1,-1
2469,-1,12.71,714.06,41.83,98.95,65.9,-1,-1
2470,-1,9.39,714.52,45.09,94.71,61.8,-1,-1
2470,-1,202.27,713.87,44.42,118.93,58.9,-1,-1
2470,-1,535.47,608.62,42.75,94.99,26.7,-1,-1
2470,-1,1.33,714.51,40.9,97.7,25.5,-1,-1
2471,-1,523.44,609.39,41.33,93.52,63.8,-1,-1
2471,-1,0.0,710.0,38.44,98.88,47.3,-1,-1
2471,-1,187.07,707.52,49.46,118.73,36.4,-1,-1
2472,-1,0.16,706.98,38.0,95.6,54.6,-1,-1
2472,-1,503.26,612.13,44.46,89.99,34.1,-1,-1
2472,-1,182.7,713.11,43.14,110.93,30.1,-1,-1
2473,-1,500.24,610.11,35.88,89.57,69.5,-1,-1
2473,-1,0.33,707.03,35.66,92.1,63.1,-1,-1
2473,-1,183.38,713.45,36.38,103.74,31.5,-1,-1
2474,-1,0.14,706.86,33.58,90.02,73.1,-1,-1
2474,-1,483.5,609.82,39.4,88.65,47.3,-1,-1
2475,-1,0.71,706.37,29.54,88.26,61.2,-1,-1
2475,-1,467.59,608.55,41.54,91.35,56.0,-1,-1
2475,-1,155.5,702.77,51.18,109.35,44.1,-1,-1
2476,-1,149.19,699.25,46.06,113.85,37.3,-1,-1
2476,-1,1.01,719.96,24.53,67.18,30.3,-1,-1
2477,-1,0.72,711.86,24.71,69.65,54.4,-1,-1
2477,-1,152.03,701.02,38.26,108.73,37.0,-1,-1
2478,-1,142.75,702.71,37.59,99.75,60.3,-1,-1
2478,-1,0.48,720.94,21.04,56.9,39.6,-1,-1
2479,-1,427.65,608.69,37.3,82.34,41.8,-1,-1
2479,-1,133.81,697.33,41.23,101.34,41.8,-1,-1
2480,-1,129.86,696.6,36.31,101.57,34.7,-1,-1
2480,-1,412.28,609.5,37.8,80.43,31.0,-1,-1
2481,-1,117.9,688.97,36.61,101.15,52.7,-1,-1
2481,-1,405.92,608.54,37.53,80.76,34.0,-1,-1
2482,-1,111.48,690.61,37.69,97.07,45.8,-1,-1
2483,-1,104.41,688.67,37.51,97.28,56.0,-1,-1
