230,-1,1416.37,511.95,31.18,60.85,26.8,-1,-1
296,-1,1638.86,640.7,23.42,61.78,40.7,-1,-1
297,-1,1637.36,640.69,25.08,61.25,34.6,-1,-1
342,-1,1362.6,517.02,48.35,56.04,32.4,-1,-1
346,-1,1365.07,517.03,45.89,56.54,29.1,-1,-1
354,-1,1365.46,517.02,45.32,56.82,31.8,-1,-1
355,-1,1365.82,516.95,45.02,56.97,42.7,-1,-1
357,-1,1364.45,516.56,45.94,57.62,25.2,-1,-1
358,-1,1363.66,516.78,46.59,57.3,50.5,-1,-1
361,-1,1368.03,516.02,41.96,58.35,28.6,-1,-1
362,-1,1366.58,516.34,43.45,58.0,41.2,-1,-1
370,-1,1368.77,516.86,41.16,57.12,27.0,-1,-1
374,-1,1366.7,516.36,43.1,57.27,32.6,-1,-1
878,-1,1538.81,514.76,24.46,46.13,33.3,-1,-1
879,-1,1537.89,515.01,25.57,45.39,26.8,-1,-1
1026,-1,1362.68,552.1,33.63,53.02,25.0,-1,-1
1028,-1,1362.86,551.92,33.21,53.8,25.1,-1,-1
1029,-1,1362.07,551.48,33.71,53.86,30.2,-1,-1
1030,-1,1363.28,551.73,32.82,54.05,27.2,-1,-1
1031,-1,1362.56,552.18,33.41,53.55,29.5,-1,-1
1032,-1,1362.85,551.97,32.75,53.57,25.8,-1,-1
1033,-1,1362.98,552.42,32.42,53.05,30.0,-1,-1
1035,-1,1362.07,552.37,32.81,53.25,29.2,-1,-1
1039,-1,1362.15,552.39,31.65,53.28,27.0,-1,-1
1040,-1,1362.45,551.8,30.94,53.71,27.9,-1,-1
1041,-1,1362.55,551.72,30.83,53.71,29.5,-1,-1
1042,-1,1361.51,551.74,31.87,53.71,27.2,-1,-1
1049,-1,1360.89,551.13,32.81,54.33,29.6,-1,-1
1050,-1,1360.68,551.38,33.38,54.01,28.3,-1,-1
1051,-1,1362.4,551.41,31.6,54.11,37.3,-1,-1
1052,-1,1361.31,550.68,32.85,54.81,41.3,-1,-1
1053,-1,1361.45,550.36,32.56,54.95,43.6,-1,-1
1054,-1,1361.91,550.11,32.5,55.36,46.9,-1,-1
1055,-1,1361.77,549.34,32.61,56.14,44.5,-1,-1
1056,-1,1363.19,550.14,31.81,55.36,29.4,-1,-1
1059,-1,1363.84,550.35,30.76,55.15,26.3,-1,-1
1060,-1,1364.0,550.12,30.6,55.37,30.4,-1,-1
1061,-1,1363.36,551.24,30.91,53.86,30.9,-1,-1
1062,-1,1363.29,551.3,31.0,54.27,37.0,-1,-1
1063,-1,1363.12,551.28,30.88,54.85,37.7,-1,-1
1064,-1,1363.05,551.19,30.63,55.35,36.2,-1,-1
1065,-1,1363.05,550.47,30.79,56.21,45.8,-1,-1
1066,-1,1362.06,550.22,31.56,56.18,33.1,-1,-1
1067,-1,1362.25,551.11,31.25,55.57,30.2,-1,-1
1068,-1,1362.49,551.5,30.64,55.38,31.8,-1,-1
1069,-1,1362.52,551.95,30.37,54.69,30.1,-1,-1
1070,-1,1361.96,551.57,30.83,55.17,30.1,-1,-1
1071,-1,1361.11,551.58,31.15,54.84,28.1,-1,-1
1073,-1,1360.8,551.55,31.47,54.91,45.2,-1,-1
1074,-1,1359.19,551.48,32.87,55.05,37.0,-1,-1
1075,-1,1357.78,551.62,34.26,54.82,32.3,-1,-1
1076,-1,1358.29,552.23,33.27,53.81,28.5,-1,-1
1077,-1,1357.42,551.21,34.98,55.31,33.9,-1,-1
1078,-1,1358.16,551.37,34.04,55.17,33.0,-1,-1
1079,-1,1357.13,552.29,34.62,53.65,29.5,-1,-1
1080,-1,1357.54,552.24,34.63,53.85,30.9,-1,-1
1082,-1,1359.37,551.91,32.71,54.5,29.8,-1,-1
1083,-1,1357.64,551.74,34.28,54.18,34.7,-1,-1
1084,-1,1355.46,551.69,36.24,53.61,35.9,-1,-1
1085,-1,1357.06,552.26,34.98,53.24,33.7,-1,-1
1086,-1,1359.2,552.61,32.91,53.04,34.2,-1,-1
1089,-1,1357.57,553.79,34.22,51.23,25.5,-1,-1
1341,-1,1323.92,553.97,37.35,56.68,32.5,-1,-1
1353,-1,1322.62,553.94,38.24,58.21,35.7,-1,-1
1354,-1,1322.78,553.16,38.38,59.39,42.3,-1,-1
1355,-1,1323.25,553.45,37.75,58.65,37.9,-1,-1
1356,-1,1322.73,552.63,38.27,59.24,46.0,-1,-1
1357,-1,1322.43,552.19,38.96,59.47,52.4,-1,-1
1358,-1,1322.47,550.24,38.68,61.68,65.0,-1,-1
1359,-1,1322.61,549.45,38.98,63.05,64.7,-1,-1
1360,-1,1322.47,549.17,39.28,62.94,64.7,-1,-1
1361,-1,1322.45,549.3,39.75,62.56,60.1,-1,-1
1362,-1,1322.61,549.8,39.43,61.66,56.5,-1,-1
1363,-1,1322.96,551.06,39.06,60.5,45.5,-1,-1
1364,-1,1322.93,549.79,38.92,61.41,42.9,-1,-1
1365,-1,1322.89,552.53,37.91,58.63,37.3,-1,-1
1366,-1,1323.3,551.59,37.52,59.48,38.2,-1,-1
1367,-1,1323.26,551.71,36.89,59.44,42.5,-1,-1
1368,-1,1323.83,551.66,36.11,59.8,34.9,-1,-1
1369,-1,1323.88,551.74,36.34,59.78,31.0,-1,-1
1370,-1,1323.76,551.26,35.42,60.58,37.9,-1,-1
1371,-1,1324.45,551.36,34.63,60.42,34.1,-1,-1
1372,-1,1324.35,551.95,34.39,60.11,30.2,-1,-1
1373,-1,1324.4,551.07,34.11,61.71,28.9,-1,-1
1374,-1,1324.36,549.95,34.51,62.72,43.5,-1,-1
1375,-1,1324.57,551.03,34.28,62.02,35.6,-1,-1
1376,-1,1324.95,551.24,33.63,61.94,26.3,-1,-1
1386,-1,1323.25,551.93,33.27,63.09,29.4,-1,-1
1387,-1,1323.04,552.57,33.49,62.51,27.9,-1,-1
1388,-1,1322.8,552.62,33.67,63.13,26.7,-1,-1
1389,-1,1322.86,552.0,33.17,63.7,34.8,-1,-1
1390,-1,1322.62,552.62,33.48,63.11,39.0,-1,-1
1391,-1,1322.33,552.04,33.66,63.66,50.2,-1,-1
1392,-1,1322.48,552.57,33.16,62.89,53.0,-1,-1
1393,-1,1321.99,551.21,33.67,64.44,60.1,-1,-1
1394,-1,1322.62,552.1,33.11,63.75,64.9,-1,-1
1395,-1,1322.1,552.2,33.39,63.45,55.8,-1,-1
1396,-1,1322.03,552.85,33.41,62.48,50.7,-1,-1
1397,-1,1322.1,553.08,33.16,62.52,55.7,-1,-1
1398,-1,1321.8,554.3,33.41,60.97,50.4,-1,-1
1399,-1,1321.83,554.53,33.08,60.1,36.1,-1,-1
1400,-1,1322.29,554.88,32.78,59.54,27.1,-1,-1
1401,-1,1321.92,556.12,32.64,58.16,27.3,-1,-1
1402,-1,1321.57,555.06,33.32,60.1,33.1,-1,-1
1422,-1,1319.78,558.44,33.74,57.86,27.6,-1,-1
1423,-1,1319.57,557.36,33.75,59.19,39.4,-1,-1
1424,-1,1319.66,557.64,33.78,59.78,36.8,-1,-1
1425,-1,1320.16,557.92,33.31,58.96,37.9,-1,-1
1426,-1,1320.0,558.31,32.85,58.45,25.4,-1,-1
1428,-1,1318.78,559.7,33.14,57.98,34.8,-1,-1
1430,-1,1318.72,558.14,33.15,58.12,29.0,-1,-1
1431,-1,1319.09,559.38,32.09,56.0,28.0,-1,-1
1434,-1,1318.83,557.17,33.25,59.5,37.3,-1,-1
1435,-1,1318.76,556.41,33.23,59.6,26.5,-1,-1
1436,-1,1318.65,556.01,33.56,60.35,45.8,-1,-1
1437,-1,1318.83,557.33,33.76,58.94,47.7,-1,-1
1438,-1,1318.34,556.46,33.41,59.93,44.7,-1,-1
1439,-1,1317.77,554.87,34.87,61.58,44.9,-1,-1
1440,-1,1318.04,556.2,34.5,60.64,46.5,-1,-1
1441,-1,1317.76,555.26,34.86,61.38,33.1,-1,-1
1442,-1,1318.05,556.63,33.15,60.61,29.8,-1,-1
1467,-1,1317.38,560.81,32.33,57.25,35.2,-1,-1
1468,-1,1317.48,560.49,32.22,57.41,36.1,-1,-1
1469,-1,1317.55,560.61,31.79,57.2,28.3,-1,-1
1471,-1,1317.47,560.31,31.97,57.12,49.5,-1,-1
1472,-1,1318.32,558.32,31.03,58.72,48.8,-1,-1
1473,-1,1318.82,560.41,30.66,56.72,47.4,-1,-1
1474,-1,1319.13,559.96,29.91,57.35,59.5,-1,-1
1475,-1,1318.21,560.9,31.04,56.05,34.9,-1,-1
1476,-1,1319.31,560.42,29.69,56.68,41.7,-1,-1
1477,-1,1318.93,561.07,29.64,56.42,32.0,-1,-1
1478,-1,1319.97,558.89,29.23,58.86,32.6,-1,-1
1486,-1,1319.25,559.12,28.48,61.55,31.6,-1,-1
1490,-1,1318.87,559.03,28.68,61.16,30.2,-1,-1
1492,-1,1319.87,558.97,27.96,61.29,27.8,-1,-1
1493,-1,1319.29,559.11,28.1,60.66,27.5,-1,-1
1756,-1,1293.52,558.5,32.58,65.76,32.7,-1,-1
1757,-1,1293.74,560.07,32.6,64.84,42.5,-1,-1
1758,-1,1294.13,559.87,31.93,65.0,42.7,-1,-1
1759,-1,1293.09,558.52,33.0,66.0,42.9,-1,-1
1760,-1,1292.69,558.71,33.08,65.64,38.9,-1,-1
1761,-1,1294.02,559.54,31.81,65.91,33.3,-1,-1
1762,-1,1294.03,559.31,31.66,66.23,30.7,-1,-1
1763,-1,1293.54,559.18,32.21,66.91,29.3,-1,-1
1765,-1,1294.08,558.19,31.4,68.38,31.3,-1,-1
1767,-1,1295.78,559.03,30.49,65.61,49.8,-1,-1
1768,-1,1294.35,556.9,31.06,70.08,42.0,-1,-1
1769,-1,1293.69,556.82,31.63,69.94,32.1,-1,-1
1770,-1,1293.74,556.2,31.25,70.03,26.2,-1,-1
1771,-1,1294.66,558.91,30.88,66.96,26.9,-1,-1
1809,-1,1291.21,563.31,30.01,61.7,37.8,-1,-1
1810,-1,1291.19,562.28,29.94,62.63,50.8,-1,-1
1811,-1,1292.14,563.16,28.71,62.2,52.7,-1,-1
1812,-1,1292.3,562.65,28.7,62.78,46.5,-1,-1
1813,-1,1291.87,562.88,28.9,62.36,52.0,-1,-1
1814,-1,1292.53,562.13,28.42,62.95,57.9,-1,-1
1815,-1,1292.61,562.78,28.37,62.47,54.9,-1,-1
1816,-1,1292.22,561.46,29.28,64.86,58.0,-1,-1
1817,-1,1292.39,562.49,28.89,63.82,48.2,-1,-1
1818,-1,1292.19,562.88,28.87,63.83,60.5,-1,-1
1819,-1,1292.29,561.79,29.1,64.47,56.7,-1,-1
1820,-1,1292.62,562.44,28.63,64.18,46.7,-1,-1
1821,-1,1291.83,562.05,29.52,64.73,51.9,-1,-1
1822,-1,1291.61,563.09,29.7,64.07,46.7,-1,-1
1824,-1,1290.9,564.37,30.08,62.24,28.3,-1,-1
1825,-1,1290.44,563.56,30.11,63.63,45.4,-1,-1
1826,-1,1290.63,563.88,29.86,63.98,39.4,-1,-1
1827,-1,1290.11,564.12,28.71,66.92,32.3,-1,-1
1828,-1,1289.86,563.66,28.89,67.54,31.6,-1,-1
1843,-1,1285.24,562.2,28.98,65.68,25.1,-1,-1
1844,-1,1285.94,563.28,28.18,64.79,26.9,-1,-1
1850,-1,1286.31,563.91,27.08,65.38,25.4,-1,-1
1852,-1,1285.85,564.21,27.21,66.19,26.7,-1,-1
1860,-1,1288.11,562.75,25.75,67.51,26.3,-1,-1
1861,-1,1287.88,562.24,25.99,68.78,30.0,-1,-1
1862,-1,1288.14,561.54,26.11,69.07,32.5,-1,-1
1863,-1,1287.47,562.2,26.67,67.91,27.6,-1,-1
1864,-1,1287.68,561.28,26.73,69.08,35.0,-1,-1
1865,-1,1287.36,561.99,27.14,68.42,36.9,-1,-1
1866,-1,1287.38,562.31,27.02,67.41,37.5,-1,-1
1867,-1,1287.0,563.04,27.14,67.04,37.6,-1,-1
1868,-1,1286.5,563.52,27.49,66.79,36.4,-1,-1
1869,-1,1286.65,564.45,26.76,65.37,34.1,-1,-1
1871,-1,1285.62,564.16,27.63,64.98,36.6,-1,-1
1872,-1,1285.62,563.71,27.51,65.59,35.8,-1,-1
1873,-1,1285.19,564.7,27.64,65.01,38.5,-1,-1
1873,-1,1518.66,552.75,20.84,46.98,27.6,-1,-1
1874,-1,1284.89,564.97,28.09,64.5,39.8,-1,-1
1875,-1,1284.5,565.0,28.13,65.18,36.8,-1,-1
1875,-1,1518.87,553.1,20.64,46.39,28.0,-1,-1
1876,-1,1283.9,564.65,28.38,65.08,38.1,-1,-1
1877,-1,1283.78,564.29,28.37,66.06,33.7,-1,-1
1878,-1,1283.42,565.49,28.57,65.31,31.2,-1,-1
1879,-1,1283.61,564.98,28.06,66.13,27.3,-1,-1
1880,-1,1283.81,565.62,28.08,65.55,26.8,-1,-1
1885,-1,1280.11,565.07,30.61,69.7,28.4,-1,-1
1886,-1,1280.4,566.38,30.28,66.88,33.2,-1,-1
1887,-1,1277.1,563.24,32.95,70.51,40.1,-1,-1
1888,-1,1277.09,562.12,33.06,71.59,43.7,-1,-1
1889,-1,1277.03,563.42,32.65,71.25,46.5,-1,-1
1890,-1,1277.33,564.75,32.02,69.29,44.1,-1,-1
1891,-1,1277.04,563.65,32.41,72.16,47.9,-1,-1
1892,-1,1275.74,564.62,32.42,73.54,44.9,-1,-1
1893,-1,1275.82,565.18,32.6,72.98,46.4,-1,-1
1894,-1,1273.55,563.31,36.34,70.66,52.3,-1,-1
1895,-1,1276.3,565.91,31.78,72.07,46.0,-1,-1
1896,-1,1275.31,565.55,31.99,74.39,48.5,-1,-1
1897,-1,1272.83,564.23,35.83,70.16,46.8,-1,-1
1898,-1,1274.34,562.39,34.08,70.58,57.5,-1,-1
1899,-1,1273.2,563.9,34.62,69.85,47.8,-1,-1
1900,-1,1274.63,564.38,31.58,73.9,46.0,-1,-1
1901,-1,1273.06,565.38,31.82,74.73,45.6,-1,-1
1902,-1,1274.14,564.04,31.0,73.65,46.5,-1,-1
1903,-1,1272.98,565.78,31.08,74.39,35.0,-1,-1
1904,-1,1272.69,565.25,31.71,75.25,36.4,-1,-1
1905,-1,1273.98,566.58,30.01,72.58,27.9,-1,-1
1906,-1,1273.96,567.49,30.23,71.35,27.1,-1,-1
1907,-1,1274.83,567.03,29.77,72.27,27.9,-1,-1
1908,-1,1274.38,567.1,30.12,76.75,28.2,-1,-1
1917,-1,1271.86,567.23,30.79,69.68,27.0,-1,-1
1997,-1,1263.33,576.84,33.53,81.55,25.2,-1,-1
1998,-1,1262.8,574.64,33.3,78.97,30.0,-1,-1
2007,-1,1263.7,572.35,30.7,69.94,26.8,-1,-1
2008,-1,1262.65,569.76,31.68,72.24,37.9,-1,-1
2009,-1,1262.52,571.33,31.63,69.87,43.1,-1,-1
2010,-1,1262.56,569.38,30.48,69.22,50.8,-1,-1
2011,-1,1262.97,570.69,30.38,69.18,37.3,-1,-1
2012,-1,1262.8,570.14,30.44,67.85,45.0,-1,-1
2013,-1,1262.68,570.09,30.64,68.88,38.7,-1,-1
2014,-1,1262.27,569.98,30.14,68.42,39.4,-1,-1
2049,-1,1258.25,576.67,30.45,62.41,30.0,-1,-1
2050,-1,1258.13,577.45,30.0,62.33,35.8,-1,-1
2051,-1,1258.44,578.14,30.3,61.4,39.4,-1,-1
2052,-1,1259.27,578.37,29.32,61.32,25.7,-1,-1
2089,-1,1134.41,555.27,29.37,59.69,25.7,-1,-1
2092,-1,1135.42,555.05,27.39,66.11,34.6,-1,-1
2093,-1,1134.67,555.71,26.81,66.27,31.2,-1,-1
2094,-1,1135.0,556.32,25.98,65.88,42.7,-1,-1
2095,-1,1134.42,557.38,26.24,64.3,35.1,-1,-1
2096,-1,1133.48,556.94,26.92,63.99,41.7,-1,-1
2098,-1,1133.38,556.3,27.23,63.32,26.5,-1,-1
2101,-1,1133.49,555.45,28.02,65.29,26.3,-1,-1
2111,-1,1131.14,558.54,27.09,67.33,29.0,-1,-1
2112,-1,1130.93,560.5,27.33,66.75,54.9,-1,-1
2113,-1,1131.19,560.05,26.77,66.18,64.6,-1,-1
2114,-1,1131.14,559.38,27.4,67.48,64.8,-1,-1
2115,-1,1131.11,563.07,27.58,63.54,46.0,-1,-1
2116,-1,1129.87,566.41,27.25,60.75,28.7,-1,-1
2120,-1,1129.34,567.8,27.74,61.81,36.8,-1,-1
2121,-1,1129.17,566.39,27.42,63.79,39.3,-1,-1
2122,-1,1128.91,568.43,27.74,60.76,45.4,-1,-1
2126,-1,1126.41,569.6,30.79,61.87,27.2,-1,-1
2171,-1,1113.78,583.22,30.05,62.47,38.9,-1,-1
2175,-1,1111.47,583.49,30.36,61.66,29.7,-1,-1
2176,-1,1111.16,582.62,30.06,62.14,43.2,-1,-1
2177,-1,1110.27,582.17,29.85,62.42,45.1,-1,-1
2178,-1,1110.77,582.05,29.38,62.43,35.0,-1,-1
2181,-1,1110.96,580.27,29.27,60.7,30.2,-1,-1
2182,-1,1111.03,579.86,28.19,59.75,40.8,-1,-1
2183,-1,1109.83,580.72,29.54,58.48,28.1,-1,-1
2184,-1,1109.23,580.99,30.26,58.48,35.6,-1,-1
2186,-1,1108.74,580.65,30.02,58.74,40.3,-1,-1
2187,-1,1111.04,581.98,27.0,58.25,30.3,-1,-1
2198,-1,1104.96,567.17,31.54,65.79,42.4,-1,-1
2199,-1,1105.04,571.26,30.86,61.52,37.6,-1,-1
2211,-1,1203.76,600.76,29.59,63.02,37.1,-1,-1
2212,-1,1204.42,600.87,29.29,64.81,37.5,-1,-1
2212,-1,1100.18,569.85,31.25,60.38,28.9,-1,-1
2213,-1,1204.07,599.33,29.57,66.13,27.9,-1,-1
2213,-1,1100.45,569.84,30.27,60.14,25.1,-1,-1
2214,-1,1100.21,571.06,29.59,59.13,50.6,-1,-1
2214,-1,1202.02,599.9,31.66,63.36,29.6,-1,-1
2215,-1,1099.42,571.12,29.44,58.42,43.2,-1,-1
2216,-1,1098.88,570.76,30.31,57.3,37.8,-1,-1
2217,-1,1098.52,569.42,30.92,58.4,38.1,-1,-1
2218,-1,1098.03,570.05,30.68,58.91,54.6,-1,-1
2222,-1,1097.57,569.14,30.66,62.2,35.9,-1,-1
2233,-1,1096.77,575.2,25.53,60.03,26.7,-1,-1
2234,-1,1097.62,573.3,26.97,62.18,37.1,-1,-1
2235,-1,1097.14,573.88,26.53,61.85,31.5,-1,-1
2236,-1,1097.44,574.04,25.57,62.75,25.7,-1,-1
2237,-1,1096.62,573.14,25.82,64.22,34.4,-1,-1
2238,-1,1095.02,573.01,27.0,60.02,51.6,-1,-1
2239,-1,1094.93,573.17,27.21,59.09,46.8,-1,-1
2240,-1,1095.31,572.34,27.22,63.82,44.8,-1,-1
2241,-1,1095.31,572.33,26.57,63.39,42.1,-1,-1
2242,-1,1093.91,571.76,29.26,60.19,51.8,-1,-1
2243,-1,1093.29,570.64,27.76,65.67,42.2,-1,-1
2244,-1,1091.82,571.35,28.9,65.2,47.6,-1,-1
2245,-1,1092.06,571.17,28.55,65.82,46.4,-1,-1
2246,-1,1091.88,570.5,28.39,66.58,44.9,-1,-1
2247,-1,1090.62,571.45,28.16,65.24,43.3,-1,-1
2248,-1,1090.63,572.33,28.21,64.72,43.5,-1,-1
2249,-1,1091.08,572.94,27.74,63.76,41.4,-1,-1
2250,-1,1091.61,572.66,27.72,64.49,46.0,-1,-1
2251,-1,1091.29,573.55,26.85,63.67,43.9,-1,-1
2252,-1,1091.5,573.15,26.71,64.54,42.5,-1,-1
2253,-1,1091.8,574.59,26.54,64.63,41.2,-1,-1
2254,-1,1092.35,575.22,25.66,63.15,41.4,-1,-1
2254,-1,1193.1,605.16,26.95,66.77,39.3,-1,-1
2255,-1,1091.53,576.22,26.38,62.91,41.0,-1,-1
2256,-1,1090.65,577.31,26.71,61.86,40.1,-1,-1
2257,-1,1091.04,577.71,26.79,61.79,39.7,-1,-1
2258,-1,1091.67,578.02,26.96,56.81,43.5,-1,-1
2259,-1,1089.07,579.51,28.47,57.14,41.7,-1,-1
2260,-1,1088.9,578.94,28.85,57.29,45.2,-1,-1
2261,-1,1088.57,578.65,29.5,57.98,54.2,-1,-1
2262,-1,1088.19,578.22,29.94,58.29,55.9,-1,-1
2263,-1,1088.2,577.46,29.61,59.79,61.8,-1,-1
2264,-1,1087.98,577.7,29.57,59.12,58.6,-1,-1
2265,-1,1087.82,576.85,29.23,60.75,63.7,-1,-1
2266,-1,1088.16,576.88,28.53,61.02,68.9,-1,-1
2267,-1,1087.21,577.0,28.97,61.6,72.7,-1,-1
2268,-1,1086.87,576.89,29.05,61.52,74.4,-1,-1
2269,-1,1087.35,577.63,28.19,60.09,72.2,-1,-1
2270,-1,1087.32,577.57,28.57,59.49,72.8,-1,-1
2271,-1,1086.98,577.94,28.47,59.08,73.1,-1,-1
2271,-1,1186.48,605.5,28.06,70.31,29.5,-1,-1
2272,-1,1086.37,578.13,29.52,58.06,72.9,-1,-1
2272,-1,1186.16,606.26,28.01,69.72,35.0,-1,-1
2273,-1,1086.4,577.97,29.1,58.48,74.1,-1,-1
2273,-1,1186.6,606.79,27.54,69.13,29.8,-1,-1
2274,-1,1086.9,577.88,28.69,58.52,71.3,-1,-1
2274,-1,1186.24,607.52,27.87,68.59,27.1,-1,-1
2275,-1,1086.4,577.99,28.78,58.7,74.4,-1,-1
2275,-1,1185.69,606.53,28.29,69.84,34.8,-1,-1
2276,-1,1086.33,577.68,28.97,59.06,75.4,-1,-1
2276,-1,1185.24,608.05,28.48,68.79,25.7,-1,-1
2277,-1,1086.04,577.72,28.9,59.95,75.6,-1,-1
2277,-1,1184.24,608.37,29.62,68.45,28.7,-1,-1
2278,-1,1086.08,577.83,28.91,59.74,73.9,-1,-1
2278,-1,1184.27,607.71,29.95,69.28,30.1,-1,-1
2279,-1,1085.49,578.77,29.26,58.85,75.4,-1,-1
2280,-1,1085.46,578.08,28.97,60.09,75.3,-1,-1
2280,-1,1182.98,606.85,30.54,70.89,29.4,-1,-1
2281,-1,1085.49,578.93,28.77,59.49,71.6,-1,-1
2281,-1,1182.69,607.68,29.62,69.73,31.8,-1,-1
2282,-1,1085.62,579.38,28.83,58.94,67.6,-1,-1
2282,-1,1182.54,607.84,29.03,69.33,37.3,-1,-1
2283,-1,1085.8,579.97,28.36,58.77,60.4,-1,-1
2283,-1,1182.01,607.78,29.01,69.25,29.3,-1,-1
2284,-1,1085.87,580.08,28.38,59.22,64.8,-1,-1
2284,-1,1181.37,609.27,29.87,67.73,33.4,-1,-1
2285,-1,1085.59,581.36,28.01,57.09,61.6,-1,-1
2285,-1,1182.4,611.12,28.98,64.51,37.3,-1,-1
2286,-1,1085.78,580.63,28.32,57.95,63.8,-1,-1
2287,-1,1085.23,582.13,28.49,56.92,62.5,-1,-1
2288,-1,1085.02,582.23,28.5,55.52,58.6,-1,-1
2289,-1,1085.78,582.1,27.85,56.32,54.9,-1,-1
2290,-1,1086.36,582.36,26.65,56.03,52.1,-1,-1
2291,-1,1085.15,581.78,27.95,56.53,56.7,-1,-1
2292,-1,1085.25,582.04,27.25,55.84,57.1,-1,-1
2293,-1,1084.59,582.94,27.68,55.06,59.0,-1,-1
2294,-1,1084.52,582.87,27.27,54.4,61.4,-1,-1
2295,-1,1084.59,582.34,27.43,54.64,48.0,-1,-1
2296,-1,1084.25,582.12,27.8,54.8,52.7,-1,-1
2297,-1,1084.15,582.74,28.12,53.86,40.1,-1,-1
2298,-1,1083.66,581.67,29.13,54.71,45.2,-1,-1
2298,-1,1182.02,613.74,26.95,64.0,34.9,-1,-1
2299,-1,1084.02,581.95,28.91,54.32,38.0,-1,-1
2300,-1,1084.39,582.49,28.97,53.22,32.5,-1,-1
2300,-1,1181.19,614.47,27.36,63.7,25.1,-1,-1
2301,-1,1085.16,581.02,28.95,56.1,51.1,-1,-1
2302,-1,1085.25,581.22,28.62,55.68,47.7,-1,-1
2303,-1,1085.11,581.15,29.16,55.89,50.0,-1,-1
2304,-1,1084.92,581.05,29.26,55.77,53.0,-1,-1
2305,-1,1084.93,580.27,30.03,56.45,56.6,-1,-1
2306,-1,1084.73,581.43,29.6,55.25,61.4,-1,-1
2307,-1,1085.26,580.72,28.53,56.13,60.2,-1,-1
2308,-1,1084.55,580.82,28.45,56.56,65.2,-1,-1
2309,-1,1084.1,581.31,28.07,55.95,63.8,-1,-1
2310,-1,1084.03,581.38,28.49,55.22,59.1,-1,-1
2310,-1,1179.84,611.02,25.7,66.18,34.3,-1,-1
2311,-1,1083.64,581.77,29.02,55.13,60.0,-1,-1
2312,-1,1082.67,580.82,29.83,56.76,57.9,-1,-1
2313,-1,1082.74,580.94,29.39,56.44,56.2,-1,-1
2314,-1,1082.37,580.59,29.76,57.24,61.5,-1,-1
2315,-1,1081.62,580.73,29.95,58.04,61.0,-1,-1
2316,-1,1081.19,580.2,30.56,58.7,69.7,-1,-1
2317,-1,1080.96,580.84,30.47,57.81,65.5,-1,-1
2318,-1,1081.01,580.95,30.11,58.69,69.8,-1,-1
2319,-1,1080.71,580.79,30.35,57.83,70.8,-1,-1
2320,-1,1080.8,580.89,29.8,58.57,72.5,-1,-1
2321,-1,1080.57,581.28,29.79,58.35,70.6,-1,-1
2322,-1,1080.43,581.01,30.11,58.8,66.1,-1,-1
2323,-1,1080.74,581.93,29.48,58.06,69.3,-1,-1
2324,-1,1080.19,580.78,29.98,59.84,69.7,-1,-1
2325,-1,1080.28,581.53,29.83,58.69,66.8,-1,-1
2326,-1,1080.87,580.98,29.76,58.76,64.0,-1,-1
2327,-1,1080.84,582.14,29.3,56.82,41.5,-1,-1
2328,-1,1081.12,581.13,29.8,57.59,36.2,-1,-1
2329,-1,1081.23,581.32,29.01,57.87,48.7,-1,-1
2330,-1,1081.11,581.02,29.29,57.87,39.8,-1,-1
2331,-1,1080.72,581.63,29.89,57.44,28.4,-1,-1
2332,-1,1080.61,581.92,29.78,57.06,35.7,-1,-1
2333,-1,1080.4,581.83,29.44,57.15,40.7,-1,-1
2334,-1,1079.84,582.08,29.57,56.99,41.0,-1,-1
2335,-1,1079.66,582.15,29.67,57.35,35.1,-1,-1
2336,-1,1079.6,582.02,29.49,57.99,33.8,-1,-1
2337,-1,1079.86,581.83,29.17,57.75,36.3,-1,-1
2338,-1,1079.59,582.24,29.27,57.11,31.7,-1,-1
2346,-1,1175.46,611.81,25.95,64.67,29.1,-1,-1
2362,-1,1075.72,580.41,31.28,56.35,32.3,-1,-1
2363,-1,1075.53,581.36,31.62,55.19,26.5,-1,-1
2364,-1,1075.33,582.36,31.66,54.28,27.9,-1,-1
2365,-1,1075.39,581.65,31.36,54.65,30.5,-1,-1
2366,-1,1075.57,581.15,31.13,55.06,31.0,-1,-1
2367,-1,1075.16,581.49,31.42,55.72,39.6,-1,-1
2368,-1,1075.41,581.93,30.59,54.34,31.8,-1,-1
2369,-1,1075.22,580.63,30.65,56.33,40.3,-1,-1
2370,-1,1075.14,580.21,30.65,57.08,38.8,-1,-1
2370,-1,1166.59,609.6,29.06,66.92,27.4,-1,-1
2371,-1,1074.56,580.35,30.8,56.45,32.4,-1,-1
2372,-1,1074.82,580.34,30.71,57.52,41.0,-1,-1
2373,-1,1074.56,580.61,30.79,56.63,26.6,-1,-1
2374,-1,1074.42,580.0,30.73,57.3,27.5,-1,-1
2389,-1,1071.9,579.99,30.77,55.62,27.7,-1,-1
2390,-1,1072.13,579.98,30.08,56.05,33.8,-1,-1
2391,-1,1072.04,580.01,30.08,55.86,29.3,-1,-1
2392,-1,1072.12,579.81,30.5,56.29,40.7,-1,-1
2393,-1,1072.21,580.24,30.71,55.52,34.3,-1,-1
2394,-1,1072.25,580.58,30.59,55.01,39.0,-1,-1
2395,-1,1072.2,580.03,30.54,55.76,32.4,-1,-1
2396,-1,1071.7,580.71,30.34,54.44,32.7,-1,-1
2398,-1,1072.49,580.58,30.2,54.1,39.2,-1,-1
2401,-1,1072.79,581.4,29.33,52.52,26.2,-1,-1
2427,-1,1066.55,591.0,32.95,54.62,29.6,-1,-1
2429,-1,1157.82,619.15,32.2,74.48,26.2,-1,-1
2430,-1,1068.61,595.71,30.22,55.13,27.7,-1,-1
2430,-1,521.69,1009.34,35.67,69.52,26.9,-1,-1
2432,-1,1065.89,596.56,32.86,53.31,27.8,-1,-1
2433,-1,1066.9,595.66,31.51,56.32,26.7,-1,-1
2434,-1,1067.02,594.82,30.72,57.63,29.6,-1,-1
2435,-1,1156.69,627.3,31.06,68.16,32.2,-1,-1
2435,-1,1068.17,595.58,29.4,57.38,27.7,-1,-1
2436,-1,1154.04,626.84,33.84,69.78,49.0,-1,-1
2437,-1,1152.88,627.19,35.48,72.17,48.3,-1,-1
2438,-1,1155.31,628.18,32.34,72.64,30.8,-1,-1
2442,-1,1152.13,631.03,33.0,71.29,51.0,-1,-1
2443,-1,1154.55,632.29,30.91,69.67,35.5,-1,-1
2443,-1,1066.68,600.42,30.74,57.05,30.9,-1,-1
2444,-1,1155.56,632.82,30.61,69.66,28.7,-1,-1
2446,-1,1154.09,631.2,32.24,72.58,40.0,-1,-1
2447,-1,1154.22,632.17,32.27,72.14,46.6,-1,-1
2447,-1,1069.01,604.43,28.64,49.48,44.5,-1,-1
2448,-1,1154.39,633.25,30.37,70.62,39.6,-1,-1
2448,-1,1069.55,603.43,27.69,53.85,34.9,-1,-1
2450,-1,1069.24,607.81,28.03,50.52,26.9,-1,-1
2451,-1,1065.53,608.88,31.18,48.08,29.3,-1,-1
2462,-1,1154.48,640.23,27.92,66.75,27.4,-1,-1
2463,-1,1152.64,640.94,29.31,66.5,35.6,-1,-1
2464,-1,1152.21,642.96,29.45,65.23,35.4,-1,-1
2468,-1,1153.02,642.32,29.14,73.23,51.6,-1,-1
2469,-1,1151.45,641.81,29.8,70.84,51.9,-1,-1
2470,-1,1152.6,641.09,28.09,70.35,36.8,-1,-1
2516,-1,1139.06,640.15,30.47,74.6,25.7,-1,-1
2517,-1,1138.51,639.38,31.22,76.14,35.7,-1,-1
2518,-1,1139.21,639.63,29.94,75.21,42.3,-1,-1
2594,-1,1115.94,638.89,30.08,69.13,27.8,-1,-1
2609,-1,1116.58,641.57,28.99,72.0,25.6,-1,-1
2644,-1,1096.98,629.16,29.7,76.56,35.3,-1,-1
2645,-1,1095.17,629.15,29.21,76.8,33.8,-1,-1
2646,-1,1094.56,628.84,28.52,77.91,25.5,-1,-1
2652,-1,1091.59,628.42,28.16,76.18,28.8,-1,-1
2654,-1,1090.6,631.42,27.11,74.12,34.1,-1,-1
2655,-1,1092.68,628.64,25.77,75.92,27.3,-1,-1
2664,-1,1081.74,626.44,31.03,77.05,27.6,-1,-1
2665,-1,1081.13,624.17,31.51,78.96,29.7,-1,-1
2666,-1,1081.8,624.16,30.67,78.94,29.6,-1,-1
2667,-1,1081.72,623.79,30.66,80.05,30.0,-1,-1
2668,-1,1081.38,622.86,30.86,80.97,28.4,-1,-1
2669,-1,1080.8,621.7,31.14,82.53,29.3,-1,-1
2670,-1,1080.81,622.66,30.99,81.93,29.8,-1,-1
2679,-1,1077.75,624.88,31.27,76.65,25.7,-1,-1
2680,-1,1077.06,623.64,31.79,77.31,27.1,-1,-1
2690,-1,1074.29,630.25,32.03,72.91,35.1,-1,-1
2691,-1,1074.22,630.62,30.97,73.63,31.9,-1,-1
2692,-1,1075.37,629.7,29.76,72.06,49.1,-1,-1
2693,-1,1075.38,629.97,29.42,71.5,52.3,-1,-1
2694,-1,1075.08,628.45,29.66,73.18,35.1,-1,-1
2695,-1,1072.85,629.52,30.76,73.38,42.3,-1,-1
2696,-1,1071.52,629.13,31.8,72.16,46.7,-1,-1
2697,-1,1070.02,628.05,32.84,73.2,56.8,-1,-1
2698,-1,1069.54,628.78,33.1,72.59,56.5,-1,-1
2699,-1,1068.21,627.56,34.37,74.46,64.7,-1,-1
2700,-1,1067.76,626.78,35.15,74.81,73.9,-1,-1
2701,-1,1068.0,625.88,34.55,76.3,71.9,-1,-1
2702,-1,1068.27,626.38,34.14,75.77,72.6,-1,-1
2703,-1,1068.72,625.81,32.89,76.16,68.7,-1,-1
2704,-1,1068.42,627.06,32.37,75.25,67.4,-1,-1
2705,-1,1068.69,626.11,32.19,75.35,71.5,-1,-1
2706,-1,1067.31,627.82,33.31,73.55,70.6,-1,-1
2707,-1,1067.77,630.68,32.25,70.86,57.0,-1,-1
2708,-1,1067.1,631.32,32.13,70.56,50.1,-1,-1
2709,-1,1066.02,631.78,32.83,69.74,35.1,-1,-1
2710,-1,1066.36,631.25,32.06,70.54,41.2,-1,-1
2711,-1,1065.89,630.44,32.49,70.7,44.9,-1,-1
2712,-1,1065.17,630.1,33.07,70.79,45.1,-1,-1
2713,-1,1065.67,630.55,33.06,69.51,38.1,-1,-1
2714,-1,1064.8,629.49,33.63,70.35,51.5,-1,-1
2715,-1,1064.63,629.06,33.63,71.59,48.3,-1,-1
2716,-1,1064.38,628.99,33.31,71.8,44.4,-1,-1
2717,-1,1064.7,628.23,31.6,73.28,58.2,-1,-1
2718,-1,1063.54,627.23,32.06,74.5,64.1,-1,-1
2719,-1,1062.92,628.79,32.86,73.53,61.3,-1,-1
2720,-1,1062.41,629.68,33.39,72.9,52.8,-1,-1
2721,-1,1062.21,629.26,33.63,73.19,51.1,-1,-1
2722,-1,1061.78,629.42,33.68,72.75,54.4,-1,-1
2723,-1,1061.17,629.33,34.0,72.6,48.1,-1,-1
2724,-1,1060.91,630.01,33.78,72.37,37.9,-1,-1
2766,-1,1043.0,626.88,36.37,71.2,44.7,-1,-1
2780,-1,1037.43,625.45,36.22,70.45,41.3,-1,-1
2781,-1,1036.81,625.4,35.86,70.97,37.4,-1,-1
2782,-1,1037.0,624.93,34.89,72.33,43.9,-1,-1
2784,-1,1036.58,625.58,35.23,72.13,35.2,-1,-1
2786,-1,1035.26,626.26,36.28,71.31,29.9,-1,-1
2787,-1,1035.54,626.12,36.04,71.27,48.2,-1,-1
2788,-1,1035.65,625.52,35.56,72.81,45.8,-1,-1
2789,-1,1035.6,625.62,34.94,72.33,25.7,-1,-1
2790,-1,1035.03,624.76,34.38,73.45,25.7,-1,-1
2792,-1,1034.55,625.51,34.8,73.21,28.7,-1,-1
2793,-1,1034.42,625.23,35.52,72.95,51.4,-1,-1
2794,-1,1034.03,624.54,35.67,73.15,72.9,-1,-1
2795,-1,1033.08,625.64,36.49,72.05,66.9,-1,-1
2796,-1,1032.37,626.11,37.26,72.29,54.1,-1,-1
2797,-1,1031.37,626.7,37.61,72.16,47.2,-1,-1
2798,-1,1030.77,626.95,38.01,72.62,52.9,-1,-1
2799,-1,1030.33,626.04,38.41,73.71,41.6,-1,-1
2800,-1,1030.61,625.62,37.8,73.91,50.6,-1,-1
2801,-1,1030.65,625.4,37.61,74.29,52.6,-1,-1
2802,-1,1029.81,626.31,37.32,73.78,56.7,-1,-1
2808,-1,1029.15,627.75,34.54,70.11,38.2,-1,-1
2831,-1,1021.81,628.05,31.56,72.95,25.1,-1,-1
2832,-1,1353.3,614.68,26.12,60.49,40.3,-1,-1
2832,-1,1021.79,628.31,31.56,73.13,30.4,-1,-1
2833,-1,1352.66,614.19,26.18,60.48,35.0,-1,-1
2834,-1,1350.71,613.5,27.61,61.24,27.3,-1,-1
2835,-1,1349.65,613.34,28.36,61.42,30.5,-1,-1
2836,-1,1349.88,613.47,28.7,60.47,31.2,-1,-1
2837,-1,1019.73,627.29,31.57,72.05,28.5,-1,-1
2837,-1,1348.85,612.82,29.05,61.88,27.3,-1,-1
2843,-1,1016.41,627.47,33.51,69.83,35.9,-1,-1
2843,-1,1348.42,610.23,29.2,59.57,26.9,-1,-1
2844,-1,1016.17,626.31,33.04,70.83,51.0,-1,-1
2844,-1,1348.2,610.22,28.81,59.12,35.3,-1,-1
2845,-1,1016.68,624.75,31.79,73.13,55.9,-1,-1
2846,-1,1015.28,624.39,32.24,74.25,58.2,-1,-1
2847,-1,1015.8,625.01,31.87,74.3,40.5,-1,-1
2848,-1,1015.7,624.65,32.05,75.1,28.3,-1,-1
2886,-1,1000.16,620.09,31.92,72.76,28.0,-1,-1
2892,-1,997.43,619.08,33.38,74.24,29.8,-1,-1
2893,-1,996.77,619.74,33.93,73.84,33.0,-1,-1
2894,-1,996.65,619.38,33.5,73.96,44.6,-1,-1
2895,-1,997.84,619.37,31.72,73.47,36.7,-1,-1
2896,-1,997.28,619.41,32.09,73.24,41.1,-1,-1
2911,-1,989.03,616.81,33.09,74.53,28.7,-1,-1
2912,-1,988.44,616.43,33.64,74.64,42.5,-1,-1
2913,-1,987.59,616.86,34.78,73.24,37.9,-1,-1
2914,-1,986.69,617.78,35.57,72.36,41.2,-1,-1
2915,-1,987.46,617.9,35.15,72.66,27.6,-1,-1
2916,-1,988.01,618.12,34.52,71.97,40.9,-1,-1
2917,-1,988.11,618.46,33.88,70.44,36.6,-1,-1
2918,-1,987.01,618.47,34.02,70.39,34.7,-1,-1
2919,-1,987.69,618.3,33.45,71.36,33.0,-1,-1
3027,-1,942.47,607.2,37.24,75.12,27.4,-1,-1
3031,-1,942.99,611.02,36.23,72.3,34.5,-1,-1
3038,-1,939.35,607.42,35.75,74.7,30.5,-1,-1
3071,-1,1277.64,594.88,27.87,60.78,29.0,-1,-1
3072,-1,1276.78,594.4,28.45,61.29,33.5,-1,-1
3074,-1,1275.88,594.33,29.3,61.39,27.8,-1,-1
3122,-1,1265.4,591.72,24.09,64.56,25.6,-1,-1
3136,-1,1258.12,593.08,26.52,63.64,30.8,-1,-1
3139,-1,1257.1,592.6,26.2,64.38,29.3,-1,-1
3140,-1,1259.18,591.69,23.8,64.73,25.8,-1,-1
3146,-1,1253.43,595.92,28.06,59.87,28.4,-1,-1
3147,-1,1253.25,594.65,27.77,61.31,27.9,-1,-1
3153,-1,1250.19,592.57,29.36,63.78,32.6,-1,-1
3154,-1,1250.19,590.37,29.28,65.96,36.1,-1,-1
3155,-1,1251.47,591.66,27.52,64.22,27.7,-1,-1
3156,-1,1250.75,592.0,27.76,64.55,28.3,-1,-1
3158,-1,1250.94,590.92,26.36,64.74,34.1,-1,-1
3159,-1,1251.41,592.78,25.27,62.63,41.0,-1,-1
3160,-1,1250.94,592.62,25.68,63.44,42.7,-1,-1
3161,-1,1249.47,591.39,26.84,64.17,33.2,-1,-1
3162,-1,1248.04,593.15,27.82,62.67,29.2,-1,-1
3163,-1,1248.73,591.15,27.12,64.57,31.9,-1,-1
3164,-1,1249.21,592.43,26.4,62.9,28.9,-1,-1
3198,-1,1235.44,597.57,27.8,56.34,25.1,-1,-1
3199,-1,1235.96,597.5,27.24,56.51,26.0,-1,-1
3200,-1,1237.16,594.75,25.69,56.97,35.0,-1,-1
3201,-1,1237.14,594.42,25.01,57.25,30.3,-1,-1
3226,-1,1228.98,593.2,26.68,59.78,30.2,-1,-1
3229,-1,1229.4,591.0,23.97,60.22,26.1,-1,-1
3230,-1,1230.6,590.9,22.18,59.05,28.1,-1,-1
3266,-1,1215.66,593.3,26.9,62.51,31.0,-1,-1
3267,-1,1215.43,594.96,25.98,61.3,44.6,-1,-1
3268,-1,1215.24,596.07,25.13,60.46,44.5,-1,-1
3269,-1,1214.76,595.44,24.52,60.7,50.0,-1,-1
3270,-1,1214.19,595.82,24.83,59.65,50.8,-1,-1
3271,-1,1212.85,596.36,25.5,59.1,48.1,-1,-1
3272,-1,1213.29,597.19,25.28,58.16,37.2,-1,-1
3273,-1,1212.17,596.97,26.0,58.15,40.7,-1,-1
3274,-1,1212.7,596.9,25.69,58.3,46.2,-1,-1
3275,-1,1212.59,597.11,25.44,58.71,53.3,-1,-1
3276,-1,1213.63,596.83,24.78,58.75,47.3,-1,-1
3277,-1,1212.66,597.04,25.5,58.77,46.3,-1,-1
3278,-1,1212.54,597.17,25.25,58.56,36.5,-1,-1
3280,-1,1211.15,599.05,25.69,56.92,37.0,-1,-1
3281,-1,1211.68,598.59,24.43,57.21,46.9,-1,-1
3282,-1,1211.37,597.79,24.94,57.99,48.9,-1,-1
3283,-1,1211.16,598.38,25.07,57.43,51.1,-1,-1
3284,-1,1211.55,596.47,25.26,59.07,51.9,-1,-1
3285,-1,1212.37,597.19,23.23,57.81,54.4,-1,-1
3286,-1,1210.92,596.71,23.97,58.3,48.3,-1,-1
3287,-1,1210.72,596.96,23.78,57.79,48.4,-1,-1
3288,-1,1210.77,598.1,23.42,56.84,40.5,-1,-1
3289,-1,1209.1,598.65,24.32,56.07,35.9,-1,-1
3290,-1,1208.89,597.56,24.33,57.35,25.2,-1,-1
3291,-1,1209.33,599.6,24.35,56.07,40.8,-1,-1
3292,-1,1210.49,598.85,23.59,56.4,29.5,-1,-1
3293,-1,1208.37,597.98,25.18,57.18,30.7,-1,-1
3294,-1,1207.2,597.84,26.08,57.23,30.8,-1,-1
3295,-1,1207.77,598.53,25.06,56.43,31.1,-1,-1
3296,-1,1207.83,598.94,24.97,56.22,30.8,-1,-1
3297,-1,1207.42,599.38,24.7,55.41,34.5,-1,-1
3361,-1,810.91,564.64,31.7,90.85,32.8,-1,-1
3472,-1,793.17,600.67,22.09,48.12,28.7,-1,-1
3516,-1,780.52,601.56,20.73,49.16,27.8,-1,-1
3517,-1,780.4,601.51,19.88,48.33,25.2,-1,-1
3519,-1,777.64,601.49,20.9,48.32,28.5,-1,-1
3520,-1,775.52,601.79,22.16,48.52,27.6,-1,-1
3529,-1,26.79,978.82,31.42,48.11,25.7,-1,-1
3530,-1,26.33,978.51,30.48,48.21,33.7,-1,-1
3531,-1,25.45,977.34,30.54,48.36,33.0,-1,-1
3532,-1,25.29,976.87,30.63,48.16,31.7,-1,-1
3533,-1,25.85,977.24,30.56,49.68,30.9,-1,-1
3534,-1,24.84,976.49,30.13,48.83,31.2,-1,-1
3535,-1,24.82,976.28,31.38,48.02,26.1,-1,-1
3537,-1,24.72,976.49,32.37,48.1,26.4,-1,-1
3538,-1,24.46,977.6,32.13,48.16,29.6,-1,-1
3554,-1,25.98,974.25,32.08,49.49,31.6,-1,-1
3574,-1,25.24,969.6,30.34,50.83,30.4,-1,-1
3575,-1,25.11,969.18,29.73,51.08,39.3,-1,-1
3576,-1,24.78,968.9,30.07,50.89,34.0,-1,-1
3577,-1,24.78,968.47,29.4,51.57,34.6,-1,-1
3578,-1,24.3,968.53,29.24,48.86,40.8,-1,-1
3579,-1,24.46,969.32,30.08,51.11,31.5,-1,-1
3580,-1,24.86,968.74,29.64,50.98,33.5,-1,-1
3581,-1,24.44,968.22,29.8,48.65,44.5,-1,-1
3582,-1,24.72,968.48,30.75,51.14,32.6,-1,-1
3583,-1,24.97,968.13,30.39,51.4,28.6,-1,-1
3584,-1,24.81,967.83,30.51,51.27,27.2,-1,-1
3585,-1,24.79,967.4,30.44,51.95,32.0,-1,-1
3586,-1,24.71,967.76,31.7,51.19,43.3,-1,-1
3587,-1,24.98,967.31,32.18,51.01,33.5,-1,-1
3589,-1,24.83,967.18,31.99,50.17,28.3,-1,-1
3590,-1,25.13,968.1,31.79,49.3,38.2,-1,-1
3594,-1,26.02,964.85,29.96,52.31,33.3,-1,-1
3595,-1,26.13,964.1,29.87,52.38,28.1,-1,-1
3651,-1,736.98,594.63,26.17,35.76,25.8,-1,-1
3700,-1,1129.75,574.46,32.03,58.66,41.8,-1,-1
3701,-1,1130.38,575.65,32.41,57.28,55.2,-1,-1
3702,-1,1130.68,575.35,33.06,57.13,39.9,-1,-1
3808,-1,772.3,569.15,27.7,53.31,25.6,-1,-1
3820,-1,1221.41,558.79,38.48,76.22,26.5,-1,-1
3820,-1,769.57,566.98,29.74,57.24,25.2,-1,-1
3821,-1,771.77,565.49,28.37,58.22,33.6,-1,-1
3821,-1,1226.79,553.85,36.16,83.03,25.8,-1,-1
3822,-1,774.78,569.18,27.44,52.16,45.0,-1,-1
3823,-1,1229.53,556.48,37.62,79.12,37.2,-1,-1
3825,-1,1233.23,556.91,37.62,78.46,40.4,-1,-1
3826,-1,1232.9,553.36,40.53,82.29,55.7,-1,-1
3830,-1,774.13,564.57,29.54,62.2,37.0,-1,-1
3831,-1,774.68,564.46,28.76,61.76,43.9,-1,-1
3832,-1,774.21,563.29,29.33,62.85,54.1,-1,-1
3833,-1,773.6,563.08,29.5,62.9,60.1,-1,-1
3834,-1,774.91,563.96,28.24,61.49,58.0,-1,-1
3835,-1,774.75,563.91,28.35,62.1,48.9,-1,-1
3836,-1,772.92,563.87,31.21,63.96,44.4,-1,-1
3837,-1,772.01,564.08,32.39,64.52,42.7,-1,-1
3838,-1,772.64,564.21,33.03,64.18,35.9,-1,-1
3839,-1,771.82,563.56,33.39,63.56,28.8,-1,-1
3840,-1,771.6,564.36,33.79,62.54,26.7,-1,-1
3841,-1,1267.89,569.48,38.99,70.46,32.7,-1,-1
3842,-1,1268.64,556.37,44.13,83.85,52.6,-1,-1
3842,-1,772.39,564.86,32.36,63.05,28.2,-1,-1
3843,-1,1270.07,564.6,43.2,77.6,33.5,-1,-1
3843,-1,772.18,565.42,32.4,63.52,33.4,-1,-1
3844,-1,772.94,566.72,32.15,61.31,25.5,-1,-1
3845,-1,1283.05,568.46,35.55,70.83,26.9,-1,-1
3846,-1,775.73,566.49,29.43,61.98,35.0,-1,-1
3847,-1,777.26,566.62,28.34,61.73,30.8,-1,-1
3850,-1,776.03,564.77,30.39,65.82,34.6,-1,-1
3851,-1,638.52,595.62,34.79,64.2,39.9,-1,-1
3852,-1,636.73,599.49,36.14,60.23,36.4,-1,-1
3853,-1,636.01,599.18,36.3,61.27,53.5,-1,-1
3861,-1,772.76,562.34,36.89,67.83,26.7,-1,-1
3865,-1,634.48,596.19,33.49,67.41,31.0,-1,-1
3866,-1,636.24,596.4,31.64,68.63,30.9,-1,-1
3867,-1,633.02,596.08,33.82,66.77,59.3,-1,-1
3868,-1,632.12,595.51,34.35,67.29,64.5,-1,-1
3869,-1,632.06,595.2,34.43,68.02,65.1,-1,-1
3869,-1,776.64,563.0,35.6,67.26,30.6,-1,-1
3870,-1,625.93,592.36,41.16,72.33,59.9,-1,-1
3871,-1,627.23,595.01,38.12,69.66,70.4,-1,-1
3871,-1,777.23,562.23,35.64,68.8,37.8,-1,-1
3872,-1,626.3,594.53,38.74,70.17,70.3,-1,-1
3872,-1,777.05,563.36,36.13,66.76,43.3,-1,-1
3872,-1,1334.64,580.32,48.01,66.35,27.5,-1,-1
3873,-1,623.97,594.8,42.62,70.72,67.4,-1,-1
3873,-1,1337.65,580.18,45.77,68.16,31.5,-1,-1
3873,-1,776.8,562.94,36.28,68.55,27.2,-1,-1
3874,-1,622.96,596.12,42.53,71.15,68.1,-1,-1
3874,-1,777.2,563.87,35.98,68.76,26.0,-1,-1
3875,-1,623.64,595.46,42.11,72.16,72.7,-1,-1
3876,-1,623.26,595.26,42.72,72.06,67.9,-1,-1
3877,-1,623.7,594.75,42.22,72.48,62.0,-1,-1
3878,-1,624.5,594.6,41.74,72.64,61.8,-1,-1
3878,-1,777.55,564.68,36.97,67.97,31.9,-1,-1
3878,-1,1352.91,578.72,40.99,69.58,28.8,-1,-1
3879,-1,624.3,596.96,41.92,70.09,60.8,-1,-1
3880,-1,624.53,597.07,41.44,69.75,64.1,-1,-1
3881,-1,623.71,596.54,41.84,71.05,70.5,-1,-1
3882,-1,624.17,597.53,41.92,70.17,67.2,-1,-1
3883,-1,623.7,597.09,41.63,69.95,69.1,-1,-1
3883,-1,1358.86,578.53,43.98,68.97,46.3,-1,-1
3884,-1,622.15,593.71,43.9,72.48,69.9,-1,-1
3884,-1,1359.81,576.11,46.81,71.01,42.2,-1,-1
3885,-1,622.87,596.23,42.53,71.19,70.2,-1,-1
3886,-1,624.1,593.2,41.01,72.95,68.6,-1,-1
3886,-1,1366.01,576.42,43.55,69.67,34.3,-1,-1
3886,-1,779.38,568.03,39.58,62.94,25.1,-1,-1
3887,-1,622.72,593.15,43.24,73.43,62.5,-1,-1
3887,-1,779.47,569.17,40.16,62.25,35.3,-1,-1
3888,-1,634.15,592.87,32.68,69.51,67.9,-1,-1
3888,-1,621.73,595.13,43.65,67.37,28.6,-1,-1
3889,-1,633.24,592.37,34.35,69.47,73.3,-1,-1
3889,-1,782.66,566.81,37.19,63.25,25.8,-1,-1
3890,-1,633.91,591.42,34.33,70.4,75.2,-1,-1
3890,-1,781.24,567.84,39.55,62.15,43.7,-1,-1
3890,-1,1374.03,575.8,44.33,68.97,33.1,-1,-1
3891,-1,786.92,566.1,36.86,60.42,50.0,-1,-1
3891,-1,629.13,592.03,39.03,71.42,33.3,-1,-1
3892,-1,787.61,568.21,36.67,58.77,49.7,-1,-1
3893,-1,790.46,567.85,34.91,59.02,45.0,-1,-1
3894,-1,791.02,567.69,34.99,58.97,41.9,-1,-1
3895,-1,790.55,566.02,37.02,63.27,59.7,-1,-1
3895,-1,625.55,587.23,47.12,75.92,50.8,-1,-1
3896,-1,790.89,565.85,37.72,64.27,46.4,-1,-1
3896,-1,631.08,583.34,41.9,78.64,45.5,-1,-1
3897,-1,789.64,565.31,38.09,65.86,34.3,-1,-1
3898,-1,792.76,564.64,36.69,63.52,57.9,-1,-1
3899,-1,793.1,565.22,35.53,62.1,67.9,-1,-1
3900,-1,792.22,564.38,37.82,63.13,51.0,-1,-1
3901,-1,792.95,563.89,37.37,64.9,30.2,-1,-1
3902,-1,1383.6,570.62,46.65,72.71,47.3,-1,-1
3902,-1,792.83,562.29,38.81,65.76,28.1,-1,-1
3903,-1,1385.43,571.58,45.33,72.26,39.4,-1,-1
3903,-1,643.43,579.24,35.58,77.82,33.6,-1,-1
3904,-1,1385.75,573.21,45.22,69.23,40.1,-1,-1
3906,-1,799.8,555.02,34.69,64.36,40.7,-1,-1
3907,-1,800.62,556.45,33.43,63.21,29.1,-1,-1
3910,-1,635.72,576.48,45.79,80.0,47.1,-1,-1
3911,-1,638.9,573.2,41.82,82.19,38.7,-1,-1
3912,-1,801.87,557.1,35.71,62.19,37.6,-1,-1
3913,-1,800.29,554.85,36.42,63.63,44.1,-1,-1
3919,-1,1394.72,562.44,45.52,75.02,57.8,-1,-1
3920,-1,1399.12,565.05,41.53,72.56,74.0,-1,-1
3920,-1,804.96,553.33,34.86,63.29,50.9,-1,-1
3921,-1,803.32,553.34,37.52,62.13,73.7,-1,-1
3921,-1,1411.76,563.4,31.05,76.18,57.7,-1,-1
3922,-1,804.16,552.97,36.7,61.37,71.9,-1,-1
3923,-1,804.29,552.52,36.59,61.0,56.2,-1,-1
3924,-1,804.4,554.15,36.87,60.4,45.4,-1,-1
3925,-1,804.82,554.59,37.28,60.45,60.5,-1,-1
3925,-1,1401.61,554.83,45.4,80.12,29.5,-1,-1
3926,-1,805.01,554.68,37.76,60.51,62.4,-1,-1
3926,-1,1404.57,555.15,42.35,79.02,43.6,-1,-1
3927,-1,804.5,554.48,38.85,60.45,69.3,-1,-1
3928,-1,805.94,552.24,37.49,61.77,71.0,-1,-1
3929,-1,805.71,552.19,37.4,60.98,72.3,-1,-1
3930,-1,805.2,552.04,38.45,60.08,77.0,-1,-1
3931,-1,806.47,551.75,37.64,59.73,68.1,-1,-1
3932,-1,808.64,551.82,35.96,60.33,60.8,-1,-1
3933,-1,637.98,574.86,48.91,72.91,40.7,-1,-1
3933,-1,809.48,551.69,35.62,58.48,28.6,-1,-1
3934,-1,638.81,573.35,48.29,74.68,74.5,-1,-1
3934,-1,809.89,553.05,35.36,56.07,30.8,-1,-1
3934,-1,1404.92,558.7,52.62,74.9,26.4,-1,-1
3935,-1,642.29,573.96,45.11,73.94,72.3,-1,-1
3935,-1,1403.69,560.03,53.99,72.51,36.5,-1,-1
3936,-1,644.45,572.24,43.69,74.71,72.2,-1,-1
3936,-1,809.38,552.4,36.68,57.19,32.0,-1,-1
3937,-1,641.45,570.14,46.79,76.96,72.2,-1,-1
3937,-1,810.11,549.89,36.77,59.84,53.3,-1,-1
3937,-1,1407.18,556.57,42.52,75.53,45.6,-1,-1
3938,-1,811.18,547.69,36.09,61.61,57.9,-1,-1
3938,-1,1407.65,555.62,42.27,75.41,50.5,-1,-1
3938,-1,637.58,567.85,51.34,79.45,28.6,-1,-1
3939,-1,1407.43,555.65,43.84,76.2,55.2,-1,-1
3939,-1,813.47,546.18,34.25,62.33,48.3,-1,-1
3940,-1,1407.85,555.55,44.2,76.36,56.1,-1,-1
3940,-1,813.77,549.29,33.07,59.22,34.7,-1,-1
3941,-1,1410.88,558.48,44.04,72.96,46.7,-1,-1
3941,-1,815.83,548.73,31.74,59.43,29.3,-1,-1
3942,-1,1414.3,558.9,42.17,72.14,49.7,-1,-1
3942,-1,814.29,549.68,34.48,58.4,48.4,-1,-1
3942,-1,640.5,565.1,47.34,80.27,26.7,-1,-1
3943,-1,811.89,549.18,38.75,58.59,57.1,-1,-1
3943,-1,1423.21,557.43,35.63,73.75,39.4,-1,-1
3943,-1,640.87,567.73,46.59,77.87,38.1,-1,-1
3944,-1,810.75,549.12,39.99,59.48,67.3,-1,-1
3944,-1,642.88,566.01,46.08,78.71,52.5,-1,-1
3944,-1,1413.23,556.79,45.55,73.19,33.0,-1,-1
3945,-1,810.42,549.42,39.89,59.11,73.5,-1,-1
3945,-1,642.88,567.48,45.62,76.09,54.0,-1,-1
3945,-1,1418.13,556.17,42.19,73.95,52.4,-1,-1
3946,-1,809.41,548.54,40.01,60.09,77.2,-1,-1
3946,-1,643.69,565.39,44.26,79.22,39.4,-1,-1
3947,-1,809.15,547.57,40.92,60.76,77.3,-1,-1
3947,-1,1421.62,555.54,42.58,73.8,50.2,-1,-1
3947,-1,642.93,566.9,45.4,78.21,33.3,-1,-1
3948,-1,808.55,547.66,41.83,60.38,75.2,-1,-1
3949,-1,809.38,545.95,40.94,62.09,79.2,-1,-1
3949,-1,1421.48,557.41,43.94,70.04,41.0,-1,-1
3950,-1,810.38,545.93,40.43,62.39,79.8,-1,-1
3950,-1,1421.63,554.6,45.98,74.27,45.0,-1,-1
3950,-1,1896.11,887.51,23.7,60.25,36.3,-1,-1
3951,-1,809.65,545.97,40.92,62.48,79.0,-1,-1
3951,-1,1421.86,555.2,46.75,74.4,34.1,-1,-1
3952,-1,809.19,546.53,41.59,61.8,80.2,-1,-1
3952,-1,1424.07,555.29,51.5,75.67,41.8,-1,-1
3953,-1,809.7,546.03,41.54,62.92,78.6,-1,-1
3953,-1,1424.75,556.52,54.57,74.1,34.9,-1,-1
3954,-1,809.99,546.87,42.19,61.77,78.3,-1,-1
3954,-1,1429.04,554.56,49.35,77.09,45.6,-1,-1
3955,-1,809.42,548.13,43.23,60.32,76.0,-1,-1
3956,-1,809.65,548.9,43.92,59.46,66.9,-1,-1
3956,-1,633.47,572.31,52.94,73.74,33.7,-1,-1
3956,-1,1439.89,553.68,45.49,77.36,26.0,-1,-1
3957,-1,811.78,548.17,41.49,60.24,52.4,-1,-1
3957,-1,632.27,571.25,54.62,75.04,38.1,-1,-1
3957,-1,1443.36,553.05,45.53,77.06,28.7,-1,-1
3958,-1,812.14,547.67,41.45,61.0,58.6,-1,-1
3958,-1,632.94,561.55,52.42,86.97,31.8,-1,-1
3959,-1,811.27,547.37,41.96,61.56,56.7,-1,-1
3960,-1,810.47,547.77,44.14,60.71,58.7,-1,-1
3960,-1,1454.59,558.33,49.15,72.69,25.1,-1,-1
3961,-1,812.12,546.7,42.78,61.31,51.8,-1,-1
3961,-1,1458.88,554.91,47.04,75.65,39.2,-1,-1
3962,-1,813.74,545.58,42.24,62.19,59.5,-1,-1
3962,-1,1463.6,552.92,46.06,77.93,38.2,-1,-1
3963,-1,814.81,546.21,42.18,61.33,71.3,-1,-1
3964,-1,816.86,547.22,40.36,59.81,71.4,-1,-1
3964,-1,1466.78,556.22,50.93,76.18,32.4,-1,-1
3965,-1,817.35,547.56,40.71,58.52,69.9,-1,-1
3966,-1,815.64,548.07,42.34,59.28,56.5,-1,-1
3966,-1,1478.61,555.58,50.12,77.25,30.7,-1,-1
3967,-1,813.57,545.04,43.48,62.86,69.1,-1,-1
3968,-1,813.95,544.22,43.37,64.1,47.5,-1,-1
3969,-1,812.78,544.57,45.37,65.18,34.8,-1,-1
3970,-1,812.07,544.03,46.51,66.97,51.8,-1,-1
3970,-1,1502.07,554.69,51.57,81.84,51.5,-1,-1
3971,-1,819.13,542.2,39.86,68.75,66.3,-1,-1
3971,-1,1521.18,555.13,37.29,83.45,64.1,-1,-1
3971,-1,1507.33,553.34,50.32,81.93,25.2,-1,-1
3972,-1,631.17,569.9,39.97,82.0,77.6,-1,-1
3972,-1,822.97,542.48,37.36,68.98,76.6,-1,-1
3972,-1,1525.74,555.46,38.54,83.43,34.5,-1,-1
3973,-1,818.47,542.2,42.67,70.48,76.1,-1,-1
3973,-1,618.63,569.3,50.64,83.26,64.2,-1,-1
3974,-1,814.66,544.41,45.57,69.49,65.2,-1,-1
3974,-1,608.79,572.42,57.95,79.97,60.0,-1,-1
3974,-1,1522.51,555.67,55.35,86.68,37.2,-1,-1
3975,-1,812.92,544.06,47.66,70.14,63.3,-1,-1
3976,-1,814.84,545.6,45.51,66.58,46.6,-1,-1
3976,-1,606.23,573.4,58.29,83.06,39.6,-1,-1
3977,-1,816.98,543.83,44.65,72.4,70.4,-1,-1
3977,-1,603.8,574.83,58.76,82.13,58.7,-1,-1
3978,-1,815.84,542.38,45.04,75.07,74.1,-1,-1
3978,-1,1551.47,554.37,55.39,87.69,38.2,-1,-1
3979,-1,815.48,541.48,45.21,76.17,70.1,-1,-1
3979,-1,1557.08,556.28,61.41,88.18,25.7,-1,-1
3980,-1,812.97,543.5,47.89,73.88,66.3,-1,-1
3981,-1,814.18,544.05,48.06,75.98,67.2,-1,-1
3982,-1,814.61,543.35,48.4,77.06,66.7,-1,-1
3983,-1,601.88,573.22,51.12,91.69,67.0,-1,-1
3983,-1,811.89,544.99,51.24,75.57,66.9,-1,-1
3984,-1,809.2,545.1,54.03,77.73,72.4,-1,-1
3984,-1,590.5,571.49,58.32,94.62,71.4,-1,-1
3985,-1,589.77,572.8,57.45,95.0,64.7,-1,-1
3985,-1,812.55,544.71,50.88,80.5,64.0,-1,-1
3986,-1,590.02,578.28,55.31,91.01,78.6,-1,-1
3986,-1,812.12,546.41,52.66,79.79,60.0,-1,-1
3987,-1,594.33,577.51,49.42,92.83,66.6,-1,-1
3987,-1,816.45,546.51,48.63,79.19,41.4,-1,-1
3988,-1,813.14,546.23,52.4,79.13,57.4,-1,-1
3989,-1,813.02,545.87,53.79,82.2,70.8,-1,-1
3989,-1,581.17,580.08,59.78,90.72,66.8,-1,-1
3990,-1,579.23,580.03,61.01,95.44,72.2,-1,-1
3990,-1,816.41,547.88,52.39,79.91,58.6,-1,-1
3991,-1,576.21,579.61,63.54,94.0,44.4,-1,-1
3991,-1,817.84,550.05,51.79,78.09,34.3,-1,-1
3992,-1,825.98,546.88,45.31,79.06,38.3,-1,-1
3993,-1,825.95,544.24,44.9,83.77,79.6,-1,-1
3994,-1,822.85,548.82,51.45,78.8,76.8,-1,-1
3994,-1,564.63,581.18,72.33,96.0,73.2,-1,-1
3995,-1,830.09,547.47,46.08,81.3,78.1,-1,-1
3995,-1,566.52,577.57,67.85,101.25,41.7,-1,-1
3996,-1,821.09,549.73,56.81,80.73,69.4,-1,-1
3996,-1,559.72,577.79,73.9,104.32,49.6,-1,-1
3997,-1,822.03,549.97,55.57,82.08,81.0,-1,-1
3997,-1,560.72,580.64,69.84,101.25,64.4,-1,-1
3998,-1,820.23,547.97,59.37,83.35,82.2,-1,-1
3998,-1,565.92,579.06,64.1,103.39,74.6,-1,-1
3999,-1,820.92,549.97,58.98,81.79,80.5,-1,-1
3999,-1,590.06,579.03,37.28,104.84,44.8,-1,-1
4000,-1,820.38,546.56,61.32,86.76,83.9,-1,-1
4000,-1,549.17,581.27,76.3,106.54,69.2,-1,-1
4001,-1,821.49,546.44,61.63,87.41,81.0,-1,-1
4001,-1,580.43,581.94,45.52,107.79,72.6,-1,-1
4002,-1,822.75,545.08,62.93,89.69,85.9,-1,-1
4002,-1,550.1,581.93,74.42,108.47,61.9,-1,-1
4003,-1,820.16,547.31,65.55,89.44,85.4,-1,-1
4003,-1,572.53,583.34,51.31,108.75,60.3,-1,-1
4004,-1,829.12,547.6,60.35,90.06,85.4,-1,-1
4004,-1,545.57,578.99,77.36,115.14,82.7,-1,-1
4005,-1,820.57,545.33,70.25,92.24,86.3,-1,-1
4005,-1,540.8,585.12,81.49,111.09,29.7,-1,-1
4006,-1,822.01,549.64,69.83,90.98,87.0,-1,-1
4006,-1,1831.64,568.46,88.13,112.34,37.1,-1,-1
4007,-1,828.43,545.88,68.89,94.45,87.8,-1,-1
4007,-1,1843.28,566.31,76.53,115.52,61.0,-1,-1
4007,-1,535.81,585.46,87.23,113.15,26.6,-1,-1
4008,-1,824.5,545.0,73.62,99.06,85.9,-1,-1
4008,-1,1854.32,570.23,65.47,113.96,70.4,-1,-1
4008,-1,534.71,583.73,82.54,116.75,31.7,-1,-1
4009,-1,829.05,548.04,71.08,96.9,79.4,-1,-1
4009,-1,1869.34,593.76,50.51,90.31,51.1,-1,-1
4009,-1,535.42,588.41,79.68,113.17,37.6,-1,-1
4010,-1,532.03,585.25,82.22,116.23,74.0,-1,-1
4010,-1,836.34,546.97,68.4,96.89,71.3,-1,-1
4011,-1,828.97,547.88,76.35,99.86,60.5,-1,-1
4011,-1,529.46,578.21,86.64,124.98,48.2,-1,-1
4012,-1,833.36,550.11,74.71,96.46,84.2,-1,-1
4013,-1,836.22,547.05,75.35,100.55,82.7,-1,-1
4014,-1,837.5,542.6,73.94,105.16,82.3,-1,-1
4015,-1,838.63,544.03,72.72,104.33,69.0,-1,-1
4015,-1,528.4,588.74,84.95,119.28,27.2,-1,-1
4016,-1,842.42,544.97,71.97,105.64,78.8,-1,-1
4017,-1,840.94,548.59,78.53,103.11,81.3,-1,-1
4018,-1,843.55,545.88,79.39,104.51,67.2,-1,-1
4019,-1,844.12,546.55,80.9,103.57,76.9,-1,-1
4020,-1,848.37,542.1,79.89,107.78,68.0,-1,-1
4021,-1,850.41,545.93,79.15,104.85,80.8,-1,-1
4022,-1,851.83,544.23,80.86,105.23,69.6,-1,-1
4023,-1,854.28,547.43,80.48,103.87,79.7,-1,-1
4024,-1,859.3,546.8,77.59,105.23,82.5,-1,-1
4025,-1,863.04,543.86,75.21,109.93,75.1,-1,-1
4025,-1,514.31,589.5,98.49,130.21,54.3,-1,-1
4026,-1,865.28,545.9,77.27,109.16,75.0,-1,-1
4026,-1,513.68,587.68,100.4,128.85,38.2,-1,-1
4027,-1,865.12,544.72,81.83,108.82,63.4,-1,-1
4028,-1,864.18,544.33,84.96,110.57,84.4,-1,-1
4028,-1,515.03,592.52,96.07,126.75,51.8,-1,-1
4029,-1,867.63,547.9,83.51,107.85,83.3,-1,-1
4029,-1,515.66,588.3,95.05,132.63,47.0,-1,-1
4030,-1,869.27,545.26,86.26,110.86,78.5,-1,-1
4031,-1,872.97,544.57,85.53,112.21,72.4,-1,-1
4031,-1,513.23,586.47,100.29,136.82,67.3,-1,-1
4032,-1,876.81,542.32,83.41,114.02,73.8,-1,-1
4032,-1,518.07,590.41,95.31,130.68,65.2,-1,-1
4033,-1,876.44,545.59,85.23,110.45,75.3,-1,-1
4033,-1,517.3,591.65,97.94,130.64,64.9,-1,-1
4034,-1,879.91,547.41,83.02,108.82,66.8,-1,-1
4034,-1,513.12,585.9,101.17,138.87,51.9,-1,-1
4035,-1,882.22,542.09,86.9,114.0,70.2,-1,-1
4035,-1,554.8,592.82,62.04,130.49,44.9,-1,-1
4036,-1,884.45,546.0,86.65,110.56,55.3,-1,-1
4036,-1,528.1,593.57,86.31,129.49,31.3,-1,-1
4037,-1,888.85,543.2,84.38,113.62,66.7,-1,-1
4038,-1,888.04,545.12,91.33,112.19,73.0,-1,-1
4038,-1,521.71,592.36,96.61,133.97,40.7,-1,-1
4039,-1,889.41,544.11,92.75,112.62,79.2,-1,-1
4039,-1,518.26,592.9,102.0,132.92,27.0,-1,-1
4040,-1,893.65,546.74,91.34,109.75,70.4,-1,-1
4040,-1,521.33,594.03,101.84,130.85,44.8,-1,-1
4040,-1,926.79,544.74,57.21,108.43,35.4,-1,-1
4041,-1,896.92,543.28,89.19,113.52,55.7,-1,-1
4041,-1,924.95,541.65,61.46,111.87,35.1,-1,-1
4042,-1,898.42,543.45,89.79,113.65,58.9,-1,-1
4043,-1,929.5,544.26,64.52,112.79,42.7,-1,-1
4045,-1,552.5,591.78,73.32,134.94,37.9,-1,-1
4045,-1,524.32,589.63,99.89,139.22,35.9,-1,-1
4045,-1,948.26,539.55,50.56,118.16,29.2,-1,-1
4046,-1,546.55,592.2,81.88,132.89,33.6,-1,-1
4047,-1,912.17,539.74,93.53,119.13,63.1,-1,-1
4047,-1,527.22,588.26,99.94,139.46,53.3,-1,-1
4048,-1,915.01,537.04,92.18,121.3,69.3,-1,-1
4048,-1,530.78,590.88,98.36,138.04,30.7,-1,-1
4049,-1,929.45,535.81,80.22,123.26,69.6,-1,-1
4049,-1,533.15,591.56,97.17,137.64,45.0,-1,-1
4049,-1,572.02,594.64,59.35,132.36,37.6,-1,-1
4049,-1,956.38,537.84,53.87,118.38,28.0,-1,-1
4050,-1,920.47,538.49,91.02,119.27,57.6,-1,-1
4051,-1,522.45,587.27,110.33,144.8,49.6,-1,-1
4051,-1,922.21,540.11,92.19,118.34,29.4,-1,-1
4052,-1,524.52,583.49,110.42,148.1,68.0,-1,-1
4052,-1,924.75,534.89,93.92,123.66,44.8,-1,-1
4053,-1,590.8,584.22,43.76,143.55,34.3,-1,-1
4053,-1,927.68,537.29,93.89,121.09,30.0,-1,-1
4054,-1,528.35,581.25,109.53,151.84,47.4,-1,-1
4054,-1,575.32,583.17,63.88,150.17,33.1,-1,-1
4055,-1,932.71,533.44,98.86,125.46,35.6,-1,-1
4056,-1,936.08,534.75,97.72,123.86,70.1,-1,-1
4057,-1,939.02,533.7,95.93,122.3,28.6,-1,-1
4062,-1,545.62,581.67,107.23,151.54,48.4,-1,-1
4063,-1,565.7,583.55,88.45,148.97,30.2,-1,-1
4064,-1,544.8,580.03,111.29,150.21,42.4,-1,-1
4065,-1,547.23,582.41,109.57,145.74,63.2,-1,-1
4065,-1,960.53,526.29,98.77,127.93,29.8,-1,-1
4070,-1,975.52,523.73,99.34,131.06,30.7,-1,-1
4072,-1,982.49,520.0,97.06,134.93,35.7,-1,-1
4074,-1,579.97,581.63,96.24,144.94,48.2,-1,-1
4075,-1,986.7,522.24,100.39,133.03,35.5,-1,-1
4075,-1,591.93,581.91,85.89,143.47,26.6,-1,-1
4080,-1,1003.02,521.38,99.95,131.07,42.1,-1,-1
4081,-1,1006.37,518.93,98.51,131.52,33.9,-1,-1
4081,-1,576.74,571.8,113.12,155.3,26.3,-1,-1
4082,-1,1009.43,518.42,96.76,131.33,60.0,-1,-1
4082,-1,577.7,572.79,116.05,154.21,38.6,-1,-1
4083,-1,1010.22,518.65,98.51,131.98,74.9,-1,-1
4084,-1,1011.99,518.19,100.0,134.55,66.2,-1,-1
4084,-1,581.54,571.31,120.78,152.46,51.7,-1,-1
4085,-1,1014.48,517.79,99.55,132.82,63.1,-1,-1
4085,-1,584.52,572.71,117.19,150.21,61.2,-1,-1
4086,-1,1016.97,518.91,99.06,130.71,70.8,-1,-1
4086,-1,587.11,576.42,114.64,146.86,60.8,-1,-1
4087,-1,588.71,576.96,113.9,144.66,52.5,-1,-1
4087,-1,1018.42,517.45,98.46,132.56,49.5,-1,-1
4088,-1,591.98,573.04,111.29,148.12,60.3,-1,-1
4088,-1,1022.62,518.02,99.45,131.63,55.3,-1,-1
4089,-1,1026.29,518.16,99.68,131.66,77.4,-1,-1
4089,-1,594.95,574.77,111.51,145.6,66.8,-1,-1
4089,-1,477.0,429.25,43.5,125.64,29.2,-1,-1
4090,-1,1028.73,519.43,99.24,129.5,81.3,-1,-1
4091,-1,1030.52,518.47,100.39,128.7,81.2,-1,-1
4092,-1,1033.81,518.19,100.65,129.65,83.7,-1,-1
4092,-1,608.99,575.81,107.03,144.18,42.3,-1,-1
4093,-1,1035.65,519.6,102.54,128.33,74.3,-1,-1
4093,-1,603.53,574.36,114.08,145.58,52.9,-1,-1
4094,-1,1039.12,518.88,101.51,129.13,74.7,-1,-1
4094,-1,606.77,575.15,113.65,145.05,56.7,-1,-1
4095,-1,605.02,570.94,119.6,150.3,47.6,-1,-1
4095,-1,1042.11,517.83,102.64,128.75,33.4,-1,-1
4096,-1,609.69,575.94,115.14,143.12,37.9,-1,-1
4096,-1,1044.62,516.89,103.24,129.51,32.5,-1,-1
4097,-1,634.46,575.44,92.12,143.83,62.7,-1,-1
4097,-1,1046.5,516.26,101.9,129.91,59.5,-1,-1
4098,-1,1049.81,515.7,100.12,130.61,55.5,-1,-1
4098,-1,620.02,577.22,105.78,141.89,43.0,-1,-1
4099,-1,1051.04,515.66,100.99,131.35,75.1,-1,-1
4100,-1,1053.17,515.24,98.62,131.4,80.0,-1,-1
4100,-1,629.91,574.35,99.53,145.94,32.9,-1,-1
4101,-1,1053.24,516.03,100.63,130.76,83.7,-1,-1
4101,-1,663.86,575.0,69.61,145.54,41.6,-1,-1
4102,-1,1056.17,514.28,99.76,132.93,78.9,-1,-1
4102,-1,619.52,574.92,110.4,144.53,34.7,-1,-1
4103,-1,1058.99,513.66,98.75,133.41,77.1,-1,-1
4104,-1,1059.43,514.16,97.88,132.81,74.2,-1,-1
4105,-1,1060.1,514.84,96.84,131.73,70.1,-1,-1
4106,-1,1060.57,514.15,96.32,132.63,77.3,-1,-1
4107,-1,1059.83,513.9,97.33,133.21,76.4,-1,-1
4107,-1,635.24,575.22,96.68,143.82,57.7,-1,-1
4108,-1,1058.33,514.8,98.85,132.28,77.4,-1,-1
4108,-1,675.78,574.63,58.37,144.03,45.5,-1,-1
4108,-1,643.14,573.8,88.15,145.36,34.1,-1,-1
4109,-1,1058.45,514.9,97.29,132.25,82.1,-1,-1
4110,-1,1056.67,516.65,97.48,130.15,85.4,-1,-1
4110,-1,654.89,576.06,73.38,141.36,28.2,-1,-1
4111,-1,1054.82,515.95,99.24,131.24,83.7,-1,-1
4111,-1,683.33,574.41,44.0,143.7,31.2,-1,-1
4112,-1,1052.38,515.98,99.87,129.89,76.8,-1,-1
4113,-1,1052.15,515.24,98.04,130.37,61.9,-1,-1
4114,-1,1048.91,515.58,100.46,131.01,52.8,-1,-1
4119,-1,1039.05,514.61,101.99,134.33,70.6,-1,-1
4120,-1,1035.38,515.87,99.21,132.94,59.3,-1,-1
4121,-1,1030.11,515.18,99.93,133.34,72.7,-1,-1
4122,-1,1025.25,515.47,101.88,134.83,65.4,-1,-1
4124,-1,1016.0,519.79,97.6,130.25,70.3,-1,-1
4125,-1,1009.45,518.99,98.58,130.95,78.9,-1,-1
4126,-1,1000.8,519.23,101.76,132.05,27.6,-1,-1
4129,-1,982.66,520.37,99.64,133.44,31.8,-1,-1
4131,-1,969.96,519.95,101.12,135.49,35.5,-1,-1
4132,-1,973.53,523.02,89.16,132.84,48.4,-1,-1
4133,-1,970.18,521.48,89.01,135.22,27.0,-1,-1
4140,-1,912.86,529.25,98.22,131.82,43.2,-1,-1
4146,-1,872.87,536.45,101.62,129.98,25.8,-1,-1
4148,-1,859.67,537.95,100.27,129.67,48.0,-1,-1
4149,-1,852.61,539.68,102.13,129.39,35.5,-1,-1
4150,-1,843.46,541.6,101.21,129.0,49.9,-1,-1
4153,-1,823.58,544.86,100.26,127.58,48.9,-1,-1
4154,-1,829.64,544.63,85.58,128.18,25.1,-1,-1
4157,-1,789.63,547.16,100.76,128.61,33.2,-1,-1
4160,-1,778.29,550.49,89.38,129.02,32.0,-1,-1
4162,-1,747.26,546.28,106.72,134.0,40.2,-1,-1
4163,-1,740.15,552.21,100.95,128.62,50.6,-1,-1
4166,-1,715.79,555.93,101.86,130.85,47.7,-1,-1
4168,-1,702.44,555.4,95.44,131.62,47.2,-1,-1
4171,-1,678.79,559.37,95.95,132.95,47.8,-1,-1
4174,-1,650.08,562.22,99.66,133.25,65.5,-1,-1
4175,-1,639.79,561.41,102.91,134.04,64.5,-1,-1
4176,-1,633.22,562.5,101.01,134.96,27.7,-1,-1
4186,-1,550.54,571.22,100.27,131.23,39.5,-1,-1
4186,-1,0.15,462.43,14.62,105.69,25.9,-1,-1
4189,-1,54.06,632.12,118.79,155.88,41.8,-1,-1
4189,-1,545.88,572.68,86.4,129.62,29.2,-1,-1
4190,-1,529.99,571.52,95.95,128.85,27.6,-1,-1
4191,-1,45.19,630.46,124.8,153.64,33.0,-1,-1
4194,-1,513.78,572.07,95.4,125.72,57.5,-1,-1
4195,-1,1902.49,698.59,17.49,39.63,39.4,-1,-1
4198,-1,1849.71,623.31,70.14,115.49,69.4,-1,-1
4198,-1,497.24,575.19,88.05,121.98,40.6,-1,-1
4199,-1,1832.79,603.43,86.88,132.61,37.9,-1,-1
4199,-1,43.65,633.01,107.14,139.5,34.1,-1,-1
4200,-1,489.95,572.54,86.83,115.81,25.9,-1,-1
4201,-1,0.09,502.64,14.49,106.0,26.2,-1,-1
4201,-1,484.8,575.09,89.41,118.29,25.0,-1,-1
4202,-1,0.11,500.41,13.42,110.73,28.9,-1,-1
4204,-1,471.63,568.8,82.28,117.45,33.8,-1,-1
4208,-1,452.13,574.77,79.08,110.7,56.0,-1,-1
4209,-1,449.63,576.13,77.34,108.46,57.9,-1,-1
4210,-1,454.78,573.11,69.75,108.6,30.3,-1,-1
4211,-1,20.17,631.77,101.81,124.68,26.2,-1,-1
4212,-1,429.73,573.81,78.0,105.35,43.7,-1,-1
4213,-1,436.57,575.37,67.53,104.14,40.5,-1,-1
4214,-1,418.96,575.55,81.21,104.4,48.2,-1,-1
4215,-1,411.7,575.23,84.2,102.92,44.1,-1,-1
4216,-1,409.35,576.7,76.74,102.21,71.2,-1,-1
4217,-1,404.66,575.82,75.76,103.46,77.3,-1,-1
4218,-1,415.53,576.02,60.73,103.0,55.5,-1,-1
4219,-1,395.38,575.31,74.09,103.06,67.9,-1,-1
4220,-1,385.35,576.92,77.33,101.94,65.4,-1,-1
4221,-1,385.17,577.78,71.47,100.16,75.2,-1,-1
4222,-1,383.69,578.94,70.77,98.84,38.0,-1,-1
4222,-1,24.13,632.25,50.99,116.88,32.9,-1,-1
4225,-1,362.11,580.8,69.36,97.91,68.3,-1,-1
4226,-1,354.63,581.53,74.83,97.58,64.2,-1,-1
4227,-1,358.49,577.95,67.27,99.28,27.1,-1,-1
4228,-1,349.56,576.82,71.07,100.77,41.0,-1,-1
4228,-1,1.06,631.3,49.41,113.32,29.7,-1,-1
4229,-1,341.16,578.81,69.72,97.95,71.8,-1,-1
4229,-1,0.28,631.13,47.62,114.06,36.4,-1,-1
4230,-1,335.98,581.94,69.64,93.68,67.0,-1,-1
4230,-1,0.51,632.13,42.78,112.86,43.8,-1,-1
4231,-1,333.08,582.01,68.59,93.57,74.5,-1,-1
4231,-1,0.31,635.53,43.44,112.03,28.0,-1,-1
4232,-1,330.84,581.81,66.89,92.68,69.7,-1,-1
4233,-1,323.72,582.19,69.01,92.65,76.0,-1,-1
4233,-1,0.26,636.61,36.35,109.61,33.7,-1,-1
4234,-1,322.6,580.81,63.36,94.26,80.9,-1,-1
4234,-1,0.22,632.12,33.01,110.58,53.2,-1,-1
4235,-1,316.03,583.36,65.67,91.14,78.6,-1,-1
4235,-1,0.26,636.77,29.0,102.4,70.7,-1,-1
4236,-1,311.92,582.72,67.11,92.25,68.6,-1,-1
4236,-1,0.21,632.69,26.67,104.07,63.2,-1,-1
4237,-1,313.62,581.38,61.42,92.73,69.5,-1,-1
4237,-1,0.1,631.36,22.18,107.24,41.0,-1,-1
4238,-1,301.85,584.57,69.98,89.56,63.1,-1,-1
4238,-1,0.14,630.73,22.99,106.94,47.1,-1,-1
4239,-1,0.12,628.6,20.08,104.77,70.4,-1,-1
4239,-1,300.06,581.31,65.16,92.23,57.9,-1,-1
4240,-1,295.27,581.72,63.96,91.39,82.8,-1,-1
4240,-1,0.12,626.52,19.4,107.97,54.5,-1,-1
4241,-1,295.46,583.69,61.54,89.06,84.3,-1,-1
4241,-1,0.1,628.23,17.39,104.85,68.7,-1,-1
4242,-1,292.99,585.07,62.2,90.6,78.2,-1,-1
4242,-1,0.13,637.32,18.68,99.2,44.7,-1,-1
4243,-1,289.93,586.65,64.25,87.92,66.1,-1,-1
4243,-1,0.12,654.02,17.05,82.1,53.9,-1,-1
4244,-1,285.74,584.68,63.49,88.84,80.8,-1,-1
4245,-1,283.53,584.39,62.27,88.64,84.3,-1,-1
4246,-1,275.31,585.66,62.73,87.17,87.5,-1,-1
4247,-1,271.7,586.15,63.87,87.27,87.8,-1,-1
4248,-1,268.27,586.63,65.66,85.96,84.7,-1,-1
4249,-1,266.94,586.93,65.18,87.54,82.9,-1,-1
4250,-1,264.51,587.48,64.45,85.84,80.7,-1,-1
4250,-1,1202.5,593.99,66.89,94.26,25.3,-1,-1
4251,-1,261.31,589.5,65.63,83.77,79.9,-1,-1
4252,-1,259.0,589.23,64.39,84.72,71.6,-1,-1
4253,-1,257.85,588.56,64.44,83.86,83.1,-1,-1
4254,-1,255.78,587.24,62.98,86.03,81.8,-1,-1
4255,-1,252.36,587.29,60.34,85.05,86.8,-1,-1
4256,-1,250.66,588.73,60.39,83.57,85.2,-1,-1
4257,-1,246.93,591.08,60.7,81.23,84.0,-1,-1
4257,-1,1185.9,595.54,43.38,93.25,41.4,-1,-1
4258,-1,245.41,590.82,59.78,84.34,78.7,-1,-1
4259,-1,243.7,590.97,59.22,84.18,83.2,-1,-1
4260,-1,242.28,589.21,57.88,84.72,83.4,-1,-1
4261,-1,238.94,590.74,56.67,82.51,81.3,-1,-1
4262,-1,233.57,592.16,58.35,82.69,74.6,-1,-1
4263,-1,230.45,594.06,58.43,79.22,75.7,-1,-1
4264,-1,223.78,594.37,61.97,79.5,83.2,-1,-1
4264,-1,1136.74,596.05,60.36,96.48,38.2,-1,-1
4265,-1,222.08,595.08,61.83,79.04,85.3,-1,-1
4265,-1,1136.16,597.67,60.46,93.17,28.0,-1,-1
4266,-1,222.54,595.77,60.85,77.87,84.2,-1,-1
4267,-1,223.14,594.18,59.31,81.18,86.3,-1,-1
4267,-1,0.09,525.72,25.3,71.37,27.0,-1,-1
4268,-1,221.63,594.28,58.81,82.26,84.2,-1,-1
4268,-1,0.08,524.77,22.97,71.68,45.5,-1,-1
4269,-1,219.63,594.51,60.28,82.08,82.6,-1,-1
4269,-1,0.06,526.67,22.46,69.18,51.3,-1,-1
4269,-1,1144.8,600.64,49.03,95.76,26.5,-1,-1
4270,-1,217.14,595.71,62.52,80.57,79.6,-1,-1
4270,-1,1133.89,601.13,59.41,95.91,48.3,-1,-1
4270,-1,0.0,523.98,19.48,72.5,26.9,-1,-1
4271,-1,216.98,596.09,61.09,81.09,80.7,-1,-1
4271,-1,1130.73,600.35,62.02,95.69,67.5,-1,-1
4271,-1,0.0,515.08,17.28,80.14,36.2,-1,-1
4272,-1,213.64,595.75,64.25,81.96,80.5,-1,-1
4272,-1,1128.05,599.23,63.16,96.33,54.4,-1,-1
4272,-1,0.0,517.25,16.52,79.56,44.3,-1,-1
4273,-1,218.85,597.81,58.44,79.1,65.4,-1,-1
4273,-1,1128.3,600.98,62.04,93.09,56.7,-1,-1
4273,-1,0.11,520.29,15.5,77.04,49.5,-1,-1
4274,-1,214.12,597.61,60.8,80.22,65.3,-1,-1
4274,-1,1130.19,602.01,60.89,92.54,53.4,-1,-1
4274,-1,0.1,522.25,16.64,75.63,51.7,-1,-1
4275,-1,212.94,597.16,61.47,81.65,63.4,-1,-1
4275,-1,1131.39,603.34,59.91,90.8,51.4,-1,-1
4275,-1,0.07,522.85,16.95,75.56,51.0,-1,-1
4276,-1,213.18,597.41,61.22,81.64,67.2,-1,-1
4276,-1,1138.04,605.3,53.02,90.62,49.1,-1,-1
4276,-1,0.06,521.84,16.72,79.28,48.0,-1,-1
4277,-1,215.18,596.61,59.06,81.01,77.3,-1,-1
4277,-1,0.08,522.07,17.13,79.39,56.1,-1,-1
4277,-1,1132.1,604.91,58.05,90.05,56.0,-1,-1
4278,-1,210.73,598.36,62.03,80.51,81.1,-1,-1
4278,-1,0.1,523.97,15.77,75.12,65.1,-1,-1
4278,-1,1130.2,605.48,59.96,91.65,44.2,-1,-1
4279,-1,210.87,598.37,58.87,81.0,82.7,-1,-1
4279,-1,1129.47,604.71,60.18,90.99,56.8,-1,-1
4279,-1,0.08,531.85,14.01,67.18,37.6,-1,-1
4280,-1,207.9,598.41,60.86,80.16,74.0,-1,-1
4280,-1,1131.1,606.18,59.17,90.03,40.1,-1,-1
4281,-1,207.15,599.84,58.17,79.4,64.4,-1,-1
4281,-1,1137.74,607.76,56.4,93.37,45.5,-1,-1
4282,-1,201.71,599.87,62.78,81.73,88.0,-1,-1
4283,-1,198.73,599.64,62.34,82.7,88.4,-1,-1
4284,-1,199.45,601.44,59.86,84.09,87.0,-1,-1
4285,-1,194.71,601.16,63.31,85.04,82.7,-1,-1
4286,-1,188.99,601.63,65.43,88.15,65.8,-1,-1
4286,-1,1132.97,610.04,65.5,94.8,48.3,-1,-1
4287,-1,191.48,603.86,63.65,84.59,64.1,-1,-1
4287,-1,1139.13,609.29,61.18,95.14,45.0,-1,-1
4288,-1,190.25,605.02,62.78,87.77,61.5,-1,-1
4289,-1,1141.96,608.7,64.18,96.45,40.5,-1,-1
4289,-1,185.47,606.68,63.1,86.09,26.2,-1,-1
4290,-1,186.59,605.8,60.09,89.1,71.4,-1,-1
4291,-1,180.31,607.0,63.92,88.97,47.4,-1,-1
4291,-1,1142.02,615.57,73.77,96.25,29.9,-1,-1
4292,-1,180.25,608.65,61.73,89.19,51.8,-1,-1
4292,-1,1154.9,610.01,56.04,99.85,25.7,-1,-1
4293,-1,179.2,610.79,63.05,86.77,74.5,-1,-1
4294,-1,178.16,610.78,60.85,88.46,76.3,-1,-1
4295,-1,175.73,611.67,64.24,85.79,83.1,-1,-1
4295,-1,1157.7,619.2,66.78,98.8,26.8,-1,-1
4296,-1,174.17,612.99,63.24,85.1,82.7,-1,-1
4297,-1,174.97,613.54,61.62,86.51,67.5,-1,-1
4298,-1,171.59,613.18,65.5,88.74,86.9,-1,-1
4299,-1,178.76,615.61,59.13,87.35,78.9,-1,-1
4300,-1,168.11,614.51,67.6,89.74,46.3,-1,-1
4301,-1,163.55,615.7,72.57,87.46,54.6,-1,-1
4302,-1,164.25,615.59,72.14,92.28,31.4,-1,-1
4303,-1,164.09,619.35,73.21,92.06,73.9,-1,-1
4304,-1,164.7,619.24,70.99,94.21,84.2,-1,-1
4305,-1,1203.26,631.69,75.28,98.89,27.0,-1,-1
4306,-1,162.8,620.57,72.67,96.25,72.2,-1,-1
4308,-1,163.92,623.39,70.54,94.45,59.6,-1,-1
4308,-1,1220.72,633.59,74.52,101.71,45.7,-1,-1
4309,-1,160.91,626.05,72.49,97.0,57.4,-1,-1
4311,-1,161.91,626.51,70.63,98.5,70.3,-1,-1
4315,-1,178.26,628.12,54.07,98.6,32.7,-1,-1
4317,-1,173.72,632.97,55.21,102.0,37.6,-1,-1
4318,-1,149.97,636.41,77.43,99.99,45.8,-1,-1
4319,-1,147.22,636.45,73.29,101.58,74.5,-1,-1
4320,-1,141.29,638.99,79.67,103.85,76.6,-1,-1
4321,-1,139.27,639.22,77.08,105.27,29.9,-1,-1
4322,-1,135.21,639.55,81.8,104.36,49.5,-1,-1
4323,-1,131.28,637.98,83.2,107.64,38.1,-1,-1
4324,-1,137.69,642.88,75.84,102.81,29.5,-1,-1
4326,-1,118.84,644.5,88.35,107.75,37.1,-1,-1
4327,-1,120.54,645.49,82.3,107.87,27.0,-1,-1
4328,-1,112.21,647.33,84.83,110.32,57.5,-1,-1
4329,-1,108.16,647.83,86.54,109.98,66.5,-1,-1
4332,-1,97.43,649.91,86.57,120.93,50.0,-1,-1
4335,-1,76.11,653.86,95.7,120.02,25.8,-1,-1
4339,-1,1481.8,680.81,99.55,128.85,40.3,-1,-1
4340,-1,1549.51,681.53,41.13,126.25,28.6,-1,-1
4343,-1,1555.54,687.95,75.75,131.71,29.5,-1,-1
4344,-1,1599.85,691.59,43.41,129.79,39.1,-1,-1
4352,-1,1696.56,704.2,49.75,144.03,32.9,-1,-1
4354,-1,0.24,667.53,33.71,148.11,53.9,-1,-1
4355,-1,0.06,681.4,18.54,134.54,66.1,-1,-1
4355,-1,1661.66,708.63,127.58,150.26,33.4,-1,-1
4356,-1,0.09,746.87,14.97,76.49,25.6,-1,-1
4379,-1,1470.68,584.38,63.33,94.51,57.9,-1,-1
4404,-1,1216.16,528.16,55.02,81.96,57.2,-1,-1
4405,-1,1217.62,526.93,55.96,87.53,74.2,-1,-1
4408,-1,1224.69,531.52,60.51,88.18,52.8,-1,-1
4411,-1,1227.91,533.53,63.98,90.3,55.7,-1,-1
4413,-1,1233.19,534.38,60.79,91.65,49.6,-1,-1
4414,-1,1234.17,535.05,62.99,93.18,72.4,-1,-1
4420,-1,1256.65,541.49,59.62,96.13,42.3,-1,-1
4421,-1,1247.39,540.35,72.18,102.37,30.1,-1,-1
4422,-1,825.29,581.77,73.14,118.23,28.4,-1,-1
4423,-1,816.74,580.43,75.93,120.05,64.1,-1,-1
4423,-1,1256.83,544.38,78.12,102.59,33.2,-1,-1
4427,-1,1869.05,491.17,50.62,109.67,46.9,-1,-1
4429,-1,794.46,593.83,93.92,129.87,45.9,-1,-1
4429,-1,1902.03,555.15,17.9,49.34,41.7,-1,-1
4464,-1,692.87,717.36,184.13,238.63,59.5,-1,-1
4468,-1,1758.15,617.63,161.51,246.43,44.3,-1,-1
4470,-1,1782.66,630.61,137.25,239.23,81.1,-1,-1
4471,-1,1783.12,629.02,136.67,242.01,81.2,-1,-1
4472,-1,1786.5,625.16,133.19,249.05,86.9,-1,-1
4473,-1,1791.86,631.66,127.83,241.63,82.3,-1,-1
4474,-1,1794.76,639.14,124.93,235.55,83.2,-1,-1
4475,-1,1796.75,655.41,122.88,218.38,86.3,-1,-1
4475,-1,728.47,422.04,153.99,222.22,28.8,-1,-1
4476,-1,1800.25,659.02,119.3,214.52,82.2,-1,-1
4477,-1,1803.84,662.77,115.76,214.89,85.7,-1,-1
4478,-1,1802.8,674.28,116.82,202.97,86.9,-1,-1
4479,-1,1806.11,681.99,113.54,195.48,84.1,-1,-1
4480,-1,1808.62,686.33,111.04,192.74,83.9,-1,-1
4480,-1,685.86,746.44,182.16,255.78,28.6,-1,-1
4481,-1,1814.33,691.34,105.44,188.34,83.1,-1,-1
4482,-1,1816.62,696.33,103.19,184.21,83.5,-1,-1
4483,-1,1817.84,696.41,101.98,185.83,82.3,-1,-1
4484,-1,1819.5,701.62,100.33,181.19,78.4,-1,-1
4485,-1,1820.64,712.39,99.16,170.13,82.0,-1,-1
4485,-1,685.05,749.83,216.95,255.25,32.1,-1,-1
4486,-1,1823.08,717.97,96.92,165.95,79.1,-1,-1
4486,-1,689.43,751.5,208.72,252.68,67.6,-1,-1
4487,-1,1827.45,721.78,92.55,160.47,81.1,-1,-1
4487,-1,694.64,751.59,203.08,252.62,39.4,-1,-1
4488,-1,1828.95,727.19,90.49,155.45,84.7,-1,-1
4489,-1,1831.27,730.52,88.28,151.97,82.0,-1,-1
4490,-1,1831.4,736.53,88.6,144.05,75.2,-1,-1
4491,-1,1835.59,743.44,84.27,136.76,67.7,-1,-1
4491,-1,700.64,748.31,176.24,254.97,33.6,-1,-1
4492,-1,1839.59,744.44,80.33,136.6,72.9,-1,-1
4492,-1,703.48,748.03,177.2,257.47,60.8,-1,-1
4493,-1,1838.2,747.37,81.78,133.97,75.5,-1,-1
4493,-1,698.32,750.6,188.67,254.77,65.2,-1,-1
4494,-1,1839.57,735.54,80.24,145.61,79.6,-1,-1
4494,-1,701.09,748.26,188.02,256.4,37.5,-1,-1
4495,-1,1839.12,730.62,80.77,151.35,76.2,-1,-1
4495,-1,703.1,746.89,190.64,257.05,31.2,-1,-1
4496,-1,1836.59,721.86,83.41,157.01,77.3,-1,-1
4496,-1,713.58,744.96,170.88,255.95,70.6,-1,-1
4497,-1,1836.8,728.88,83.2,148.19,72.1,-1,-1
4497,-1,707.74,743.59,175.68,252.76,57.5,-1,-1
4498,-1,1831.34,717.3,88.66,158.72,76.0,-1,-1
4498,-1,712.13,744.16,173.63,250.57,37.9,-1,-1
4499,-1,1832.81,722.85,87.02,150.36,82.1,-1,-1
4499,-1,716.75,742.32,179.5,247.13,27.3,-1,-1
4500,-1,1832.1,718.68,87.9,151.57,86.0,-1,-1
4500,-1,717.09,742.15,158.25,246.61,51.5,-1,-1
4501,-1,1829.71,720.75,90.1,149.97,83.7,-1,-1
4502,-1,1830.73,719.6,89.27,145.28,84.9,-1,-1
4502,-1,797.95,418.2,125.47,208.97,34.4,-1,-1
4503,-1,1830.1,718.7,89.83,144.66,83.3,-1,-1
4504,-1,1830.23,713.48,89.61,146.96,82.7,-1,-1
4505,-1,1828.25,699.31,91.75,158.23,77.4,-1,-1
4506,-1,1829.13,699.54,90.43,158.87,85.9,-1,-1
4507,-1,1830.29,703.26,89.3,152.32,84.1,-1,-1
4508,-1,1823.15,700.57,96.84,152.95,80.3,-1,-1
4509,-1,1826.84,694.39,93.15,156.63,78.6,-1,-1
4510,-1,1827.28,690.19,92.68,159.41,72.7,-1,-1
4511,-1,1830.12,693.54,89.38,153.8,81.1,-1,-1
4512,-1,1830.31,687.61,89.22,160.74,81.5,-1,-1
4512,-1,751.33,717.52,180.11,237.16,31.0,-1,-1
4513,-1,1829.11,684.84,90.85,161.72,79.1,-1,-1
4514,-1,1827.53,684.69,92.47,156.92,80.3,-1,-1
4514,-1,834.77,413.75,139.82,200.45,30.1,-1,-1
4515,-1,1830.77,689.1,88.63,148.86,79.6,-1,-1
4516,-1,1830.49,677.82,89.51,158.01,84.3,-1,-1
4516,-1,769.27,707.7,157.3,233.75,45.1,-1,-1
4517,-1,1831.42,682.36,88.1,151.28,81.5,-1,-1
4517,-1,767.68,709.63,163.29,231.52,42.1,-1,-1
4518,-1,1829.34,678.45,90.66,154.71,85.9,-1,-1
4519,-1,1827.08,676.49,92.52,157.03,84.1,-1,-1
4520,-1,1829.66,675.27,90.04,155.26,87.1,-1,-1
4520,-1,778.26,703.0,178.1,229.25,38.8,-1,-1
4521,-1,1827.39,670.18,92.43,155.22,85.3,-1,-1
4522,-1,1824.76,666.03,95.24,156.02,79.5,-1,-1
4523,-1,1827.38,662.56,92.41,158.38,84.7,-1,-1
4524,-1,1827.39,660.0,92.48,156.15,82.7,-1,-1
4524,-1,890.68,408.04,111.4,194.81,30.9,-1,-1
4524,-1,938.71,407.77,65.76,195.08,29.2,-1,-1
4525,-1,1830.44,658.39,89.45,154.17,83.0,-1,-1
4526,-1,1827.84,654.74,92.05,156.53,82.0,-1,-1
4527,-1,1829.24,654.42,90.35,154.47,82.5,-1,-1
4528,-1,1828.08,653.3,91.92,155.68,80.7,-1,-1
4529,-1,1827.82,643.46,92.18,161.47,82.5,-1,-1
4530,-1,1830.5,649.65,89.13,154.63,84.9,-1,-1
4530,-1,814.13,674.01,170.94,227.86,30.3,-1,-1
4531,-1,1831.09,650.38,88.9,153.02,85.1,-1,-1
4532,-1,1831.89,644.24,88.11,153.61,87.4,-1,-1
4532,-1,824.1,678.93,166.91,217.6,26.1,-1,-1
4533,-1,1834.98,649.92,84.28,147.29,80.1,-1,-1
4534,-1,1837.06,660.12,82.86,135.81,85.3,-1,-1
4535,-1,1841.71,659.05,78.07,133.8,82.2,-1,-1
4535,-1,925.34,400.06,124.25,185.33,31.3,-1,-1
4536,-1,1840.79,664.37,79.06,128.03,59.2,-1,-1
4537,-1,1847.52,654.33,72.32,137.18,72.3,-1,-1
4538,-1,1851.03,670.15,68.7,118.83,81.5,-1,-1
4539,-1,1854.22,674.63,65.69,114.11,83.2,-1,-1
4539,-1,956.85,393.66,109.29,183.77,27.2,-1,-1
4540,-1,1858.8,677.65,61.08,110.04,79.8,-1,-1
4541,-1,1861.3,679.17,58.47,108.3,79.3,-1,-1
4542,-1,1864.0,685.22,55.75,98.84,75.1,-1,-1
4543,-1,1871.57,687.4,48.43,96.82,73.1,-1,-1
4544,-1,1875.86,698.71,44.14,84.93,66.0,-1,-1
4544,-1,975.24,393.89,123.24,182.07,31.8,-1,-1
4545,-1,1881.78,713.4,38.22,65.63,61.6,-1,-1
4546,-1,1888.51,727.33,31.41,50.5,56.8,-1,-1
4547,-1,1895.3,733.04,24.58,43.46,40.4,-1,-1
4548,-1,1900.23,730.15,19.65,45.76,47.9,-1,-1
4562,-1,1148.27,379.56,43.77,178.95,25.1,-1,-1
4563,-1,962.54,647.28,168.2,214.43,29.7,-1,-1
4563,-1,1101.81,378.6,95.37,180.93,25.7,-1,-1
4566,-1,967.51,641.41,170.72,221.2,40.6,-1,-1
4566,-1,1168.13,373.13,40.34,185.24,29.6,-1,-1
4567,-1,973.62,640.49,161.82,222.42,69.3,-1,-1
4568,-1,974.45,638.6,160.85,223.08,32.8,-1,-1
4570,-1,1104.39,371.67,114.5,185.74,26.2,-1,-1
4575,-1,1168.82,372.28,54.9,186.0,41.8,-1,-1
4582,-1,1167.79,366.01,50.42,187.59,25.4,-1,-1
4587,-1,1151.81,367.86,68.41,185.86,38.1,-1,-1
4588,-1,1156.4,367.12,64.71,186.02,64.8,-1,-1
4589,-1,1164.92,365.71,58.39,187.05,66.6,-1,-1
4590,-1,1165.44,364.73,54.22,188.12,31.6,-1,-1
4596,-1,1146.19,362.1,52.41,191.93,31.2,-1,-1
4597,-1,1136.52,362.56,58.58,189.52,34.5,-1,-1
4599,-1,1148.14,364.02,51.89,187.23,46.6,-1,-1
4600,-1,1128.7,362.12,73.32,189.64,57.2,-1,-1
4600,-1,1070.36,362.45,127.57,188.55,39.8,-1,-1
4601,-1,1089.06,361.12,109.43,189.77,35.2,-1,-1
4602,-1,918.86,632.26,169.6,223.52,36.7,-1,-1
4603,-1,1123.3,360.63,74.58,190.77,36.5,-1,-1
4604,-1,1102.54,360.89,90.5,190.92,33.7,-1,-1
4605,-1,1096.81,361.36,96.61,191.13,43.8,-1,-1
4605,-1,915.08,630.41,173.38,227.06,25.1,-1,-1
4606,-1,1096.43,360.89,95.24,192.6,35.5,-1,-1
4607,-1,1114.75,360.77,80.68,192.56,33.2,-1,-1
4607,-1,1080.68,361.26,113.03,191.51,31.5,-1,-1
4625,-1,889.03,630.9,163.16,223.19,29.8,-1,-1
4628,-1,884.64,631.47,157.65,222.12,35.3,-1,-1
4628,-1,1068.84,357.76,141.47,193.62,31.5,-1,-1
4629,-1,1073.36,355.57,120.99,194.45,28.5,-1,-1
4629,-1,883.97,633.54,161.23,221.3,27.3,-1,-1
4643,-1,878.1,630.83,167.29,221.97,33.0,-1,-1
4646,-1,877.31,629.41,163.27,224.3,38.3,-1,-1
4647,-1,877.03,628.16,162.02,225.1,56.0,-1,-1
4648,-1,874.17,626.97,164.26,226.16,75.6,-1,-1
4648,-1,1097.72,351.48,101.4,192.33,27.3,-1,-1
4649,-1,874.91,629.08,165.03,223.16,49.3,-1,-1
4654,-1,1096.47,347.63,107.31,192.44,32.4,-1,-1
4655,-1,1098.26,349.56,106.76,190.92,37.1,-1,-1
4656,-1,1116.38,349.15,83.16,193.65,39.8,-1,-1
4657,-1,1097.53,348.8,98.01,193.5,46.9,-1,-1
4658,-1,1118.34,348.62,78.86,194.14,28.7,-1,-1
4659,-1,1110.61,346.75,85.15,195.01,27.5,-1,-1
4660,-1,1153.84,346.69,46.26,194.31,32.8,-1,-1
4661,-1,1138.76,346.1,61.04,189.91,37.2,-1,-1
4661,-1,1108.37,346.44,89.88,189.52,26.8,-1,-1
4661,-1,1490.06,335.72,67.79,177.21,25.1,-1,-1
4662,-1,1139.11,347.22,63.82,185.18,36.0,-1,-1
4662,-1,1486.83,335.32,71.62,177.72,25.8,-1,-1
4663,-1,1114.71,346.89,89.16,186.61,43.1,-1,-1
4664,-1,1092.11,346.61,109.99,188.53,49.3,-1,-1
4665,-1,1091.69,346.9,116.83,187.24,35.3,-1,-1
4666,-1,1097.44,347.66,101.0,185.43,51.2,-1,-1
4667,-1,1116.22,346.41,83.89,184.69,38.8,-1,-1
4668,-1,1158.77,344.78,54.5,186.04,43.7,-1,-1
4668,-1,864.11,625.24,162.98,220.86,28.7,-1,-1
4669,-1,863.73,626.01,165.14,219.77,25.2,-1,-1
4672,-1,862.57,620.31,160.26,223.16,50.6,-1,-1
4673,-1,1098.28,339.9,121.98,190.16,41.0,-1,-1
4674,-1,1111.85,340.65,111.29,190.32,60.6,-1,-1
4676,-1,880.66,620.42,142.1,219.99,29.6,-1,-1
4679,-1,1166.89,338.22,63.52,189.96,57.6,-1,-1
4681,-1,1162.81,336.65,53.18,187.69,30.2,-1,-1
4683,-1,850.98,617.62,162.93,218.9,46.3,-1,-1
4684,-1,858.85,617.25,153.1,219.21,25.3,-1,-1
4696,-1,1168.16,329.26,58.91,193.67,25.3,-1,-1
