1,-1,911.97,387.35,319.33,483.8,91.9,-1,-1
1,-1,739.98,340.33,159.95,258.77,90.0,-1,-1
1,-1,197.47,373.04,254.03,415.61,90.0,-1,-1
1,-1,1044.69,323.73,109.98,204.77,79.6,-1,-1
1,-1,1174.85,312.58,77.55,152.53,79.4,-1,-1
1,-1,1219.84,308.28,56.47,98.82,60.5,-1,-1
1,-1,1107.98,307.28,69.79,141.08,56.1,-1,-1
1,-1,1115.22,311.1,73.18,152.56,41.2,-1,-1
2,-1,911.47,387.43,320.99,482.91,91.9,-1,-1
2,-1,739.71,341.77,156.96,257.5,90.6,-1,-1
2,-1,197.12,373.39,255.23,414.91,90.1,-1,-1
2,-1,1175.48,312.81,77.16,152.23,80.9,-1,-1
2,-1,1044.35,322.51,109.43,204.94,78.0,-1,-1
2,-1,1220.86,308.06,57.61,100.37,60.1,-1,-1
2,-1,1107.95,307.02,69.87,141.25,56.5,-1,-1
2,-1,1115.36,311.05,72.59,152.42,41.9,-1,-1
3,-1,913.24,387.14,318.9,483.04,91.6,-1,-1
3,-1,197.48,372.1,257.12,416.09,90.1,-1,-1
3,-1,740.45,341.07,158.69,256.2,89.9,-1,-1
3,-1,1176.49,312.8,76.33,152.19,79.8,-1,-1
3,-1,1040.14,317.44,109.02,209.61,77.1,-1,-1
3,-1,1220.96,308.22,58.22,100.72,61.9,-1,-1
3,-1,1110.81,307.82,69.27,145.41,60.5,-1,-1
4,-1,913.49,387.48,317.33,482.23,91.9,-1,-1
4,-1,197.08,373.27,256.87,416.12,89.9,-1,-1
4,-1,740.88,342.85,159.17,253.82,89.5,-1,-1
4,-1,1177.41,312.82,75.41,152.1,78.4,-1,-1
4,-1,1040.76,317.49,108.52,210.17,75.5,-1,-1
4,-1,1219.91,308.14,57.5,98.55,60.6,-1,-1
4,-1,1110.72,307.99,67.06,143.88,60.4,-1,-1
5,-1,915.69,388.0,316.3,482.65,92.4,-1,-1
5,-1,742.38,344.28,159.66,251.82,89.5,-1,-1
5,-1,196.06,376.24,258.42,413.17,88.7,-1,-1
5,-1,1178.65,312.77,74.86,152.17,79.5,-1,-1
5,-1,1039.98,317.46,109.16,210.43,75.9,-1,-1
5,-1,1221.08,308.38,58.76,101.26,60.9,-1,-1
5,-1,1114.05,308.62,70.82,148.72,59.7,-1,-1
5,-1,1110.03,308.12,59.28,134.51,31.8,-1,-1
6,-1,915.66,387.95,316.28,482.71,92.3,-1,-1
6,-1,742.44,344.13,159.81,251.94,89.5,-1,-1
6,-1,196.08,376.4,258.41,412.95,88.7,-1,-1
6,-1,1178.6,312.78,74.93,152.14,79.6,-1,-1
6,-1,1039.48,317.56,109.52,210.29,76.0,-1,-1
6,-1,1221.12,308.44,58.78,101.21,61.0,-1,-1
6,-1,1113.99,308.46,70.85,148.82,59.7,-1,-1
6,-1,1110.07,308.04,59.55,134.66,33.6,-1,-1
7,-1,917.03,387.95,318.03,483.56,92.7,-1,-1
7,-1,743.06,343.8,160.46,251.95,89.6,-1,-1
7,-1,194.91,376.4,257.28,412.65,89.0,-1,-1
7,-1,1178.12,312.68,75.41,152.51,80.7,-1,-1
7,-1,1038.95,318.12,111.87,209.98,77.1,-1,-1
7,-1,1220.8,307.96,57.86,101.15,61.1,-1,-1
7,-1,1114.45,308.93,71.15,149.68,61.0,-1,-1
7,-1,1110.09,308.15,59.76,136.31,34.6,-1,-1
8,-1,917.89,387.6,316.57,482.81,92.6,-1,-1
8,-1,744.5,343.65,160.29,251.63,89.6,-1,-1
8,-1,194.97,377.6,255.66,410.61,87.6,-1,-1
8,-1,1178.75,312.73,74.63,152.06,80.6,-1,-1
8,-1,1040.56,317.94,110.56,208.61,76.7,-1,-1
8,-1,1115.27,308.99,70.59,148.95,62.3,-1,-1
8,-1,1222.17,308.29,56.81,100.82,61.6,-1,-1
8,-1,1110.95,308.04,58.53,134.98,36.6,-1,-1
9,-1,921.01,387.54,313.94,481.08,92.0,-1,-1
9,-1,746.53,342.53,161.52,252.93,89.8,-1,-1
9,-1,193.13,375.36,255.87,411.27,86.0,-1,-1
9,-1,1178.89,313.05,74.89,151.5,82.4,-1,-1
9,-1,1045.7,325.36,109.41,200.29,76.0,-1,-1
9,-1,1115.62,308.94,69.11,147.21,64.8,-1,-1
9,-1,1222.06,308.28,56.37,99.86,61.0,-1,-1
9,-1,1111.94,307.99,58.31,134.05,40.7,-1,-1
9,-1,466.37,369.2,76.07,236.01,31.5,-1,-1
10,-1,920.47,386.9,311.82,481.84,91.8,-1,-1
10,-1,747.0,343.13,161.76,252.2,89.6,-1,-1
10,-1,193.09,377.66,255.7,408.49,86.6,-1,-1
10,-1,1177.89,312.81,75.78,150.81,82.5,-1,-1
10,-1,1045.29,317.55,106.84,207.3,75.9,-1,-1
10,-1,1115.92,308.29,67.0,145.13,68.8,-1,-1
10,-1,1220.66,307.88,56.44,99.21,58.4,-1,-1
10,-1,1112.42,307.44,57.31,130.78,53.0,-1,-1
11,-1,922.05,386.75,313.37,482.32,92.2,-1,-1
11,-1,747.62,343.41,161.24,250.97,89.9,-1,-1
11,-1,195.2,378.57,254.82,406.57,87.5,-1,-1
11,-1,1177.33,312.68,75.89,150.96,80.8,-1,-1
11,-1,1045.58,317.45,103.96,206.63,74.0,-1,-1
11,-1,1115.77,307.75,65.91,144.75,70.6,-1,-1
11,-1,1220.48,307.99,55.11,97.04,58.4,-1,-1
12,-1,922.37,387.04,313.06,481.81,92.2,-1,-1
12,-1,747.81,343.4,161.07,250.5,90.0,-1,-1
12,-1,195.16,378.96,254.77,406.5,88.0,-1,-1
12,-1,1177.79,312.85,75.65,151.02,81.9,-1,-1
12,-1,1046.11,317.68,103.88,206.63,74.0,-1,-1
12,-1,1115.93,307.66,65.5,144.83,71.1,-1,-1
12,-1,1220.07,308.09,57.55,99.42,58.9,-1,-1
13,-1,923.72,387.59,311.48,480.35,91.9,-1,-1
13,-1,748.33,344.16,161.73,249.35,90.2,-1,-1
13,-1,193.62,378.28,254.61,406.41,87.1,-1,-1
13,-1,1178.56,312.8,75.11,151.4,83.5,-1,-1
13,-1,1048.94,318.35,106.25,206.36,74.6,-1,-1
13,-1,1116.47,307.84,66.64,145.54,71.3,-1,-1
13,-1,1220.04,308.15,59.97,100.2,62.8,-1,-1
14,-1,925.23,386.63,310.56,479.69,91.9,-1,-1
14,-1,747.88,344.59,162.9,249.36,90.2,-1,-1
14,-1,193.76,377.88,255.08,407.03,87.0,-1,-1
14,-1,1177.93,312.86,75.44,150.7,85.7,-1,-1
14,-1,1049.89,317.35,105.81,206.19,74.7,-1,-1
14,-1,1116.97,307.83,67.01,145.5,70.9,-1,-1
14,-1,1219.7,307.99,59.75,99.46,63.5,-1,-1
15,-1,926.08,386.92,308.47,479.2,91.7,-1,-1
15,-1,748.89,344.79,162.69,249.16,89.9,-1,-1
15,-1,192.21,379.5,254.42,405.19,86.4,-1,-1
15,-1,1178.37,313.03,75.05,150.45,86.0,-1,-1
15,-1,1049.77,317.26,107.54,206.44,75.3,-1,-1
15,-1,1117.99,308.29,65.73,145.47,72.2,-1,-1
15,-1,1219.8,308.4,61.0,99.42,65.3,-1,-1
16,-1,928.48,386.23,303.8,478.52,91.3,-1,-1
16,-1,749.99,343.88,161.58,250.24,89.8,-1,-1
16,-1,1178.24,313.16,74.9,149.96,86.5,-1,-1
16,-1,191.91,378.93,255.37,406.37,86.0,-1,-1
16,-1,1050.09,316.22,106.05,206.35,75.0,-1,-1
16,-1,1119.0,308.23,66.05,144.6,70.8,-1,-1
16,-1,1220.4,308.22,59.57,98.66,63.9,-1,-1
17,-1,931.03,388.92,302.65,475.75,91.1,-1,-1
17,-1,751.15,343.9,161.35,250.33,89.8,-1,-1
17,-1,191.98,378.22,255.97,406.97,86.6,-1,-1
17,-1,1177.56,313.35,74.44,148.67,84.9,-1,-1
17,-1,1051.11,316.82,104.32,205.29,74.6,-1,-1
17,-1,1119.82,308.56,65.87,145.01,68.5,-1,-1
17,-1,1220.85,308.28,58.77,97.76,63.0,-1,-1
18,-1,930.58,389.07,303.05,475.56,91.1,-1,-1
18,-1,751.14,343.94,161.51,250.34,89.7,-1,-1
18,-1,192.0,378.31,256.55,407.14,86.7,-1,-1
18,-1,1177.8,313.34,74.32,148.64,84.7,-1,-1
18,-1,1051.25,317.03,104.61,205.14,74.5,-1,-1
18,-1,1119.8,308.61,66.17,145.19,69.3,-1,-1
18,-1,1221.03,308.45,58.89,97.76,63.1,-1,-1
19,-1,933.12,386.99,302.89,476.58,90.8,-1,-1
19,-1,750.59,343.87,162.37,249.4,89.9,-1,-1
19,-1,192.13,378.25,258.12,407.75,87.7,-1,-1
19,-1,1177.48,313.12,74.06,148.91,83.9,-1,-1
19,-1,1051.53,316.1,104.34,205.03,76.5,-1,-1
19,-1,1120.3,308.45,65.66,145.15,65.0,-1,-1
19,-1,1221.44,308.41,58.76,97.99,63.2,-1,-1
19,-1,1116.65,307.13,58.1,130.06,42.6,-1,-1
20,-1,935.32,387.07,299.71,475.87,90.4,-1,-1
20,-1,751.39,344.06,162.4,249.03,90.1,-1,-1
20,-1,192.06,381.7,260.52,408.2,86.6,-1,-1
20,-1,1177.04,312.73,74.34,148.56,81.7,-1,-1
20,-1,1053.24,316.5,103.51,203.71,77.0,-1,-1
20,-1,1120.79,308.51,63.13,142.85,67.0,-1,-1
20,-1,1219.97,308.36,55.4,96.01,59.8,-1,-1
21,-1,936.8,388.33,299.01,475.17,90.3,-1,-1
21,-1,751.92,342.96,162.65,249.96,90.1,-1,-1
21,-1,191.83,381.22,260.34,406.34,87.4,-1,-1
21,-1,1176.33,312.53,74.85,148.22,79.5,-1,-1
21,-1,1052.41,315.68,103.9,204.23,77.3,-1,-1
21,-1,1118.66,307.63,65.56,138.66,66.4,-1,-1
21,-1,1219.88,308.39,55.83,96.24,59.0,-1,-1
22,-1,936.07,389.66,296.11,472.0,89.8,-1,-1
22,-1,752.75,343.17,162.48,249.6,89.7,-1,-1
22,-1,191.46,381.66,260.64,405.51,87.1,-1,-1
22,-1,1176.16,312.6,74.93,148.41,79.5,-1,-1
22,-1,1051.27,315.54,105.35,204.36,77.6,-1,-1
22,-1,1118.83,308.57,65.17,141.43,67.3,-1,-1
22,-1,1220.02,308.5,54.84,96.01,58.1,-1,-1
23,-1,935.6,390.44,298.67,470.45,89.9,-1,-1
23,-1,752.31,343.76,162.76,249.05,89.5,-1,-1
23,-1,190.95,381.79,260.43,405.75,86.5,-1,-1
23,-1,1175.64,312.45,75.87,147.92,79.4,-1,-1
23,-1,1049.83,314.92,106.16,204.45,78.4,-1,-1
23,-1,1117.98,307.98,66.07,140.81,70.9,-1,-1
23,-1,1220.81,307.7,57.2,98.03,59.7,-1,-1
24,-1,935.88,390.61,298.05,470.29,89.9,-1,-1
24,-1,752.69,344.0,162.45,248.8,89.6,-1,-1
24,-1,190.98,381.6,260.71,405.87,86.5,-1,-1
24,-1,1175.66,312.44,75.81,148.09,79.1,-1,-1
24,-1,1050.27,315.08,105.95,204.35,78.5,-1,-1
24,-1,1117.87,308.04,66.33,140.94,70.0,-1,-1
24,-1,1220.78,307.84,57.53,98.44,59.8,-1,-1
25,-1,935.82,390.76,299.37,469.12,90.1,-1,-1
25,-1,752.54,344.88,162.35,248.23,89.1,-1,-1
25,-1,192.14,384.89,264.35,402.14,88.1,-1,-1
25,-1,1176.03,312.29,75.89,148.32,79.2,-1,-1
25,-1,1049.59,315.59,106.06,203.08,78.1,-1,-1
25,-1,1117.72,307.88,65.68,140.43,71.3,-1,-1
25,-1,1219.2,307.9,60.67,99.04,62.1,-1,-1
26,-1,939.38,388.05,300.8,473.36,89.4,-1,-1
26,-1,753.8,345.26,162.15,248.25,89.0,-1,-1
26,-1,191.96,385.32,260.52,404.77,86.2,-1,-1
26,-1,1176.59,312.47,75.92,148.74,78.8,-1,-1
26,-1,1051.28,317.63,105.08,201.05,78.4,-1,-1
26,-1,1118.77,308.03,65.89,141.3,68.1,-1,-1
26,-1,1219.58,308.1,60.68,99.55,63.7,-1,-1
27,-1,940.93,388.92,301.83,468.21,91.5,-1,-1
27,-1,754.09,345.71,162.42,247.62,88.6,-1,-1
27,-1,192.41,385.11,263.22,402.56,87.9,-1,-1
27,-1,1178.51,312.6,74.25,148.56,80.9,-1,-1
27,-1,1049.9,318.43,106.83,199.83,78.3,-1,-1
27,-1,1118.88,308.07,67.1,137.76,69.0,-1,-1
27,-1,1219.99,307.97,62.67,99.36,66.4,-1,-1
28,-1,943.17,390.24,298.39,467.84,91.7,-1,-1
28,-1,754.6,345.52,163.03,247.96,88.7,-1,-1
28,-1,191.85,383.43,263.83,404.67,87.0,-1,-1
28,-1,1178.24,312.81,75.13,148.21,80.5,-1,-1
28,-1,1050.66,319.1,107.71,199.05,78.3,-1,-1
28,-1,1119.08,308.12,66.8,138.26,68.6,-1,-1
28,-1,1220.22,308.02,62.73,99.58,67.9,-1,-1
29,-1,945.9,389.71,294.69,469.22,90.3,-1,-1
29,-1,755.52,342.57,163.1,250.1,89.2,-1,-1
29,-1,191.98,383.29,264.41,404.37,87.5,-1,-1
29,-1,1179.05,312.74,74.58,147.92,80.8,-1,-1
29,-1,1052.38,319.74,106.87,197.36,78.6,-1,-1
29,-1,1220.76,307.85,62.38,99.92,69.7,-1,-1
29,-1,1119.31,308.73,67.51,138.68,66.3,-1,-1
30,-1,946.0,389.72,294.74,469.19,90.3,-1,-1
30,-1,755.61,342.58,163.09,250.06,89.1,-1,-1
30,-1,191.95,383.51,264.45,404.21,87.5,-1,-1
30,-1,1179.03,312.73,74.49,148.04,80.5,-1,-1
30,-1,1053.04,318.4,107.32,197.67,78.5,-1,-1
30,-1,1220.64,307.85,62.62,99.96,69.8,-1,-1
30,-1,1119.23,308.77,67.84,139.0,65.4,-1,-1
31,-1,946.97,388.9,295.97,467.78,91.7,-1,-1
31,-1,758.3,343.2,160.93,248.99,89.9,-1,-1
31,-1,191.57,383.06,265.11,403.54,87.2,-1,-1
31,-1,1179.44,312.79,74.75,147.71,81.9,-1,-1
31,-1,1053.45,317.4,106.98,198.2,79.4,-1,-1
31,-1,1221.26,307.89,62.04,99.36,70.5,-1,-1
31,-1,1119.73,308.75,67.15,138.19,67.4,-1,-1
32,-1,947.43,388.14,296.59,467.94,90.9,-1,-1
32,-1,758.69,343.38,161.66,248.74,89.7,-1,-1
32,-1,192.65,384.06,266.45,402.63,87.0,-1,-1
32,-1,1180.26,312.76,74.15,147.25,81.8,-1,-1
32,-1,1054.38,317.17,106.73,196.74,80.0,-1,-1
32,-1,1221.58,307.51,61.38,99.33,70.4,-1,-1
32,-1,1119.95,308.8,66.78,137.17,69.0,-1,-1
33,-1,948.73,388.36,293.35,467.23,91.0,-1,-1
33,-1,758.57,343.56,162.01,249.42,89.4,-1,-1
33,-1,193.51,385.59,265.9,400.88,87.9,-1,-1
33,-1,1180.44,312.67,74.59,147.61,82.5,-1,-1
33,-1,1055.25,317.88,107.85,196.83,82.1,-1,-1
33,-1,1223.29,307.47,59.13,99.44,70.4,-1,-1
33,-1,1119.2,308.45,67.92,137.7,68.9,-1,-1
34,-1,949.38,388.6,293.97,466.33,90.7,-1,-1
34,-1,759.04,344.91,162.1,247.73,89.1,-1,-1
34,-1,193.78,387.49,266.16,400.19,87.9,-1,-1
34,-1,1056.28,319.44,108.36,197.33,81.9,-1,-1
34,-1,1179.97,312.61,75.27,147.63,81.6,-1,-1
34,-1,1221.68,307.35,60.37,100.31,68.9,-1,-1
34,-1,1119.03,308.77,68.67,138.48,67.7,-1,-1
35,-1,951.3,390.02,294.51,465.49,91.0,-1,-1
35,-1,758.43,342.73,164.08,248.0,88.7,-1,-1
35,-1,194.92,388.09,265.3,399.76,88.4,-1,-1
35,-1,1056.69,319.09,109.59,196.9,81.7,-1,-1
35,-1,1180.15,312.4,74.86,147.98,80.7,-1,-1
35,-1,1118.56,308.5,69.27,137.49,68.3,-1,-1
35,-1,1222.77,307.22,58.6,101.11,66.8,-1,-1
36,-1,951.3,389.93,294.48,465.45,90.7,-1,-1
36,-1,758.48,342.72,164.17,247.97,88.7,-1,-1
36,-1,194.65,388.22,265.05,400.11,88.0,-1,-1
36,-1,1056.7,318.89,109.24,196.97,82.5,-1,-1
36,-1,1180.24,312.4,74.83,147.95,81.2,-1,-1
36,-1,1118.74,308.8,69.33,136.83,68.7,-1,-1
36,-1,1223.16,307.11,57.86,100.7,66.5,-1,-1
37,-1,954.1,386.6,289.82,468.46,90.4,-1,-1
37,-1,758.86,342.11,164.17,248.25,88.5,-1,-1
37,-1,194.44,389.56,265.58,398.56,88.4,-1,-1
37,-1,1180.41,312.21,75.11,147.78,81.3,-1,-1
37,-1,1057.98,318.36,109.63,196.43,78.8,-1,-1
37,-1,1118.66,308.54,69.12,135.57,70.8,-1,-1
37,-1,1221.47,307.52,61.04,100.37,67.8,-1,-1
38,-1,955.92,389.32,289.47,464.01,91.1,-1,-1
38,-1,759.23,342.32,163.65,246.57,88.4,-1,-1
38,-1,194.03,391.21,265.05,396.57,86.8,-1,-1
38,-1,1181.14,312.09,74.65,148.19,79.7,-1,-1
38,-1,1057.89,318.5,109.33,197.45,77.4,-1,-1
38,-1,1220.53,307.95,62.24,99.83,68.2,-1,-1
38,-1,1120.12,309.35,68.48,137.15,66.6,-1,-1
38,-1,1051.06,317.69,85.98,200.8,56.9,-1,-1
39,-1,954.9,389.33,292.36,463.67,91.5,-1,-1
39,-1,759.41,342.12,163.62,247.09,88.3,-1,-1
39,-1,194.5,391.16,262.99,396.01,86.5,-1,-1
39,-1,1181.3,312.13,74.21,147.98,79.7,-1,-1
39,-1,1058.07,319.05,108.65,196.95,72.8,-1,-1
39,-1,1220.64,308.01,62.31,100.37,67.8,-1,-1
39,-1,1120.11,309.44,67.98,136.31,65.6,-1,-1
39,-1,1051.15,318.49,80.52,200.0,57.4,-1,-1
40,-1,959.06,387.53,291.4,466.93,91.5,-1,-1
40,-1,760.6,341.73,163.9,247.28,88.4,-1,-1
40,-1,195.79,390.35,260.41,393.75,87.1,-1,-1
40,-1,1182.35,312.33,74.38,147.34,78.5,-1,-1
40,-1,1058.98,318.89,109.05,196.65,74.1,-1,-1
40,-1,1120.9,309.26,68.37,136.9,68.8,-1,-1
40,-1,1220.76,308.09,62.23,100.68,67.2,-1,-1
40,-1,1053.47,318.96,80.65,198.48,54.8,-1,-1
41,-1,958.89,386.91,291.69,468.79,90.8,-1,-1
41,-1,196.44,389.46,259.53,395.14,88.0,-1,-1
41,-1,760.52,341.6,163.92,246.84,87.9,-1,-1
41,-1,1182.3,312.32,74.16,147.32,79.7,-1,-1
41,-1,1058.29,318.23,110.65,196.72,73.8,-1,-1
41,-1,1120.46,308.76,68.72,136.08,69.3,-1,-1
41,-1,1221.23,308.24,61.68,100.45,67.6,-1,-1
41,-1,1053.25,317.9,82.57,199.24,53.6,-1,-1
42,-1,958.45,386.93,291.91,468.94,90.6,-1,-1
42,-1,760.32,341.54,164.21,246.97,87.9,-1,-1
42,-1,196.45,389.52,258.6,394.82,87.5,-1,-1
42,-1,1181.94,312.35,74.39,147.36,79.6,-1,-1
42,-1,1058.28,318.11,110.66,196.36,72.8,-1,-1
42,-1,1120.48,308.59,68.53,136.11,68.9,-1,-1
42,-1,1221.13,308.22,61.89,100.48,67.9,-1,-1
42,-1,1053.08,317.84,81.27,198.95,53.8,-1,-1
43,-1,959.34,388.58,294.53,469.43,90.2,-1,-1
43,-1,195.82,388.93,257.4,397.19,88.0,-1,-1
43,-1,762.03,343.04,163.69,246.85,87.5,-1,-1
43,-1,1184.06,312.93,74.21,147.57,79.7,-1,-1
43,-1,1121.63,309.32,67.69,136.36,75.8,-1,-1
43,-1,1059.16,320.43,111.02,195.02,72.0,-1,-1
43,-1,1223.19,308.77,60.34,99.74,69.0,-1,-1
43,-1,1054.19,319.25,84.15,198.07,52.6,-1,-1
44,-1,959.56,389.83,297.02,468.36,90.6,-1,-1
44,-1,763.99,343.54,163.27,247.18,88.4,-1,-1
44,-1,197.57,387.7,256.75,397.42,87.6,-1,-1
44,-1,1183.52,313.21,74.46,147.27,79.0,-1,-1
44,-1,1121.0,309.58,68.1,135.77,74.6,-1,-1
44,-1,1057.92,319.99,109.31,195.77,70.9,-1,-1
44,-1,1222.22,309.15,61.79,100.7,67.4,-1,-1
45,-1,959.93,392.23,298.91,465.51,91.1,-1,-1
45,-1,766.88,342.89,162.81,247.62,89.0,-1,-1
45,-1,201.23,385.18,255.41,399.25,88.5,-1,-1
45,-1,1121.89,310.03,68.51,136.67,79.2,-1,-1
45,-1,1184.93,314.22,74.07,146.41,76.8,-1,-1
45,-1,1063.48,323.74,110.17,194.38,72.7,-1,-1
45,-1,1222.4,310.01,60.75,99.56,66.5,-1,-1
46,-1,963.34,394.16,296.52,461.35,91.6,-1,-1
46,-1,769.12,343.41,163.13,245.87,90.7,-1,-1
46,-1,200.47,385.48,255.5,400.82,88.0,-1,-1
46,-1,1121.42,310.07,69.76,136.17,78.1,-1,-1
46,-1,1185.64,314.77,74.44,146.17,76.3,-1,-1
46,-1,1062.67,324.06,111.58,193.0,74.4,-1,-1
46,-1,1224.16,310.37,59.97,99.8,65.7,-1,-1
47,-1,963.73,394.63,298.83,460.56,91.9,-1,-1
47,-1,769.6,343.41,163.01,246.02,90.6,-1,-1
47,-1,199.09,386.36,257.21,401.19,87.8,-1,-1
47,-1,1120.15,309.94,71.68,135.84,77.2,-1,-1
47,-1,1058.76,321.81,116.42,194.73,75.0,-1,-1
47,-1,1185.6,314.39,74.34,146.38,74.8,-1,-1
47,-1,1223.92,310.75,60.47,99.75,65.7,-1,-1
48,-1,963.57,394.54,298.86,460.81,91.7,-1,-1
48,-1,769.41,343.35,162.62,245.89,90.6,-1,-1
48,-1,199.33,386.44,256.82,401.52,87.6,-1,-1
48,-1,1120.24,309.97,71.64,135.78,77.8,-1,-1
48,-1,1185.66,314.47,74.4,146.16,75.2,-1,-1
48,-1,1060.61,322.43,113.33,195.24,74.8,-1,-1
48,-1,1224.35,310.72,59.79,99.38,65.4,-1,-1
49,-1,961.14,395.9,295.93,456.65,91.0,-1,-1
49,-1,770.37,345.15,162.11,245.2,88.1,-1,-1
49,-1,199.46,387.2,259.1,403.83,87.7,-1,-1
49,-1,1120.12,309.4,71.41,135.6,77.9,-1,-1
49,-1,1185.1,313.75,75.01,145.8,74.9,-1,-1
49,-1,1059.62,321.55,114.27,195.44,73.9,-1,-1
49,-1,1223.37,310.07,59.55,100.06,64.6,-1,-1
50,-1,775.53,344.73,161.9,245.81,89.4,-1,-1
50,-1,966.03,398.98,279.64,435.73,89.3,-1,-1
50,-1,200.3,388.01,261.37,403.98,89.1,-1,-1
50,-1,1121.39,309.51,72.09,137.78,79.3,-1,-1
50,-1,1188.69,311.8,74.63,148.43,78.9,-1,-1
50,-1,1064.03,322.27,111.57,196.45,70.9,-1,-1
50,-1,1225.19,309.87,58.43,100.91,60.6,-1,-1
51,-1,777.51,342.86,161.88,247.63,90.0,-1,-1
51,-1,972.46,396.92,288.93,450.22,88.8,-1,-1
51,-1,201.37,388.68,262.64,404.47,87.9,-1,-1
51,-1,1123.55,310.51,70.37,138.71,79.5,-1,-1
51,-1,1190.83,311.78,72.7,148.69,79.3,-1,-1
51,-1,1061.78,322.15,109.47,194.37,71.8,-1,-1
51,-1,1224.57,309.87,59.96,100.68,60.5,-1,-1
52,-1,780.16,343.13,160.09,247.39,90.1,-1,-1
52,-1,201.33,390.11,265.59,401.69,89.3,-1,-1
52,-1,972.31,392.84,285.13,444.18,88.9,-1,-1
52,-1,1123.28,310.31,69.89,136.53,80.6,-1,-1
52,-1,1191.61,311.48,71.76,148.53,79.5,-1,-1
52,-1,1063.72,321.32,103.08,194.37,71.6,-1,-1
52,-1,1225.39,309.58,58.69,99.83,60.8,-1,-1
53,-1,782.07,343.02,159.42,246.94,90.6,-1,-1
53,-1,973.6,394.75,294.39,451.01,89.2,-1,-1
53,-1,203.51,389.67,260.02,401.45,88.6,-1,-1
53,-1,1124.36,310.55,68.41,134.9,79.8,-1,-1
53,-1,1192.23,311.31,71.57,148.62,78.5,-1,-1
53,-1,1065.13,321.42,100.36,194.51,71.1,-1,-1
53,-1,1231.24,309.87,55.73,99.42,60.3,-1,-1
54,-1,782.03,342.97,159.51,246.96,90.6,-1,-1
54,-1,973.65,394.82,294.26,450.69,89.1,-1,-1
54,-1,203.56,389.69,260.22,401.42,88.6,-1,-1
54,-1,1124.4,310.61,68.38,134.84,79.6,-1,-1
54,-1,1192.28,311.3,71.45,148.65,78.5,-1,-1
54,-1,1065.18,321.47,100.06,194.38,71.3,-1,-1
54,-1,1231.19,309.86,55.79,99.37,60.3,-1,-1
55,-1,783.82,343.92,158.14,246.17,90.7,-1,-1
55,-1,204.47,389.0,259.06,399.9,88.6,-1,-1
55,-1,973.94,395.57,292.74,441.26,88.1,-1,-1
55,-1,1124.82,310.43,67.56,135.46,80.0,-1,-1
55,-1,1192.51,311.73,71.33,148.54,76.5,-1,-1
55,-1,1064.92,322.1,102.51,193.44,71.6,-1,-1
55,-1,1234.67,310.4,52.28,99.05,60.9,-1,-1
56,-1,785.09,343.3,158.14,247.38,91.2,-1,-1
56,-1,974.91,396.15,294.45,441.46,88.0,-1,-1
56,-1,204.72,390.68,262.83,396.97,87.6,-1,-1
56,-1,1125.54,310.4,66.05,134.7,79.0,-1,-1
56,-1,1192.78,311.56,70.6,147.95,76.0,-1,-1
56,-1,1064.37,321.12,108.95,193.33,74.3,-1,-1
56,-1,1233.85,310.29,52.9,98.07,60.8,-1,-1
56,-1,1225.65,309.42,49.96,96.06,27.0,-1,-1
57,-1,786.69,343.68,158.54,246.44,90.9,-1,-1
57,-1,978.22,397.48,294.39,445.75,88.6,-1,-1
57,-1,204.39,389.93,266.45,396.5,88.5,-1,-1
57,-1,1191.76,311.83,72.07,148.03,76.3,-1,-1
57,-1,1065.28,321.55,109.26,192.71,73.5,-1,-1
57,-1,1126.52,311.23,65.32,134.44,72.9,-1,-1
57,-1,1233.91,310.38,53.02,98.91,61.8,-1,-1
57,-1,1086.44,334.14,96.93,179.07,33.9,-1,-1
57,-1,1226.25,309.47,49.72,96.94,26.6,-1,-1
58,-1,789.61,344.07,156.08,244.94,90.3,-1,-1
58,-1,205.09,391.01,268.34,396.68,88.7,-1,-1
58,-1,980.22,396.17,292.03,441.36,87.8,-1,-1
58,-1,1191.48,311.43,72.28,148.21,76.7,-1,-1
58,-1,1125.59,311.21,66.54,133.92,71.4,-1,-1
58,-1,1065.9,321.89,105.25,192.9,68.8,-1,-1
58,-1,1228.6,310.24,56.77,98.83,60.7,-1,-1
58,-1,1087.96,334.64,95.72,179.24,42.6,-1,-1
59,-1,789.15,343.76,154.83,243.8,90.7,-1,-1
59,-1,204.99,391.63,268.78,395.63,88.2,-1,-1
59,-1,982.83,394.4,291.21,434.44,86.5,-1,-1
59,-1,1078.04,325.51,103.99,188.55,77.1,-1,-1
59,-1,1191.21,312.24,73.74,147.12,76.9,-1,-1
59,-1,1126.14,310.11,64.65,131.63,69.9,-1,-1
59,-1,1231.38,309.8,56.96,99.21,64.7,-1,-1
59,-1,1067.7,322.65,92.89,196.2,48.8,-1,-1
60,-1,789.64,343.93,154.63,244.24,90.7,-1,-1
60,-1,205.07,391.89,267.94,395.94,88.4,-1,-1
60,-1,983.13,394.59,290.85,434.27,86.5,-1,-1
60,-1,1078.35,325.94,103.72,188.03,77.6,-1,-1
60,-1,1191.51,312.38,73.01,146.96,77.2,-1,-1
60,-1,1126.35,310.18,64.07,131.28,70.5,-1,-1
60,-1,1231.11,309.86,57.44,99.25,64.3,-1,-1
60,-1,1067.79,322.9,93.12,196.25,43.9,-1,-1
61,-1,790.53,343.79,155.74,244.35,90.3,-1,-1
61,-1,206.49,392.35,267.93,395.62,89.0,-1,-1
61,-1,984.56,392.7,291.61,433.06,86.5,-1,-1
61,-1,1079.6,327.17,103.35,186.27,82.4,-1,-1
61,-1,1190.98,314.06,75.23,145.47,76.2,-1,-1
61,-1,1125.79,310.82,62.78,131.55,69.6,-1,-1
61,-1,1232.73,309.8,55.48,98.9,64.7,-1,-1
61,-1,1067.55,320.89,94.3,191.34,42.9,-1,-1
62,-1,986.93,396.74,293.02,450.0,91.0,-1,-1
62,-1,791.29,344.22,156.32,243.44,90.3,-1,-1
62,-1,206.61,392.28,266.96,394.41,88.3,-1,-1
62,-1,1079.51,327.08,103.54,186.72,83.3,-1,-1
62,-1,1192.01,313.87,74.18,146.01,77.3,-1,-1
62,-1,1126.43,310.79,63.43,131.91,71.8,-1,-1
62,-1,1234.16,310.03,54.04,99.05,62.8,-1,-1
63,-1,793.46,346.01,156.57,243.63,90.3,-1,-1
63,-1,206.91,394.37,269.05,395.84,89.5,-1,-1
63,-1,986.17,392.15,290.7,460.22,89.4,-1,-1
63,-1,1080.48,328.64,103.26,187.3,80.5,-1,-1
63,-1,1193.23,313.78,72.53,147.57,75.7,-1,-1
63,-1,1127.6,311.11,62.61,132.87,72.6,-1,-1
63,-1,1235.17,310.37,53.74,99.19,62.9,-1,-1
63,-1,1068.57,323.14,94.29,191.77,42.0,-1,-1
64,-1,795.01,346.28,156.2,242.93,90.7,-1,-1
64,-1,988.75,391.14,294.58,461.28,89.4,-1,-1
64,-1,207.59,394.93,262.77,395.01,88.1,-1,-1
64,-1,1081.8,327.24,102.7,189.51,79.6,-1,-1
64,-1,1196.85,312.97,69.15,147.03,76.4,-1,-1
64,-1,1133.52,308.29,59.29,138.37,75.2,-1,-1
64,-1,1236.64,310.76,52.44,98.37,62.1,-1,-1
64,-1,1069.46,321.72,90.06,190.84,45.1,-1,-1
65,-1,994.02,401.31,293.23,442.39,91.8,-1,-1
65,-1,799.73,346.69,152.27,243.05,90.5,-1,-1
65,-1,209.18,397.47,261.97,394.34,87.1,-1,-1
65,-1,1080.18,327.09,104.94,190.44,84.2,-1,-1
65,-1,1196.92,312.98,70.31,147.02,77.4,-1,-1
65,-1,1132.82,308.56,60.77,138.86,76.4,-1,-1
65,-1,1237.12,311.2,52.48,98.63,61.4,-1,-1
66,-1,993.97,401.26,293.07,442.24,91.8,-1,-1
66,-1,799.62,346.74,152.47,242.89,90.6,-1,-1
66,-1,209.19,397.32,262.15,394.26,87.4,-1,-1
66,-1,1080.32,327.22,104.84,190.51,84.3,-1,-1
66,-1,1196.98,313.03,70.23,146.94,77.5,-1,-1
66,-1,1132.98,308.58,60.59,138.7,76.2,-1,-1
66,-1,1237.25,311.26,52.39,98.6,61.5,-1,-1
67,-1,996.48,400.47,291.81,441.52,91.9,-1,-1
67,-1,800.17,346.33,153.34,243.28,90.8,-1,-1
67,-1,208.69,398.05,260.58,394.9,88.0,-1,-1
67,-1,1081.08,326.62,104.45,189.71,85.7,-1,-1
67,-1,1197.7,312.87,70.31,147.24,78.5,-1,-1
67,-1,1133.42,308.39,60.49,138.5,74.3,-1,-1
67,-1,1237.67,311.12,52.05,98.42,62.0,-1,-1
68,-1,998.71,398.56,290.63,447.03,92.2,-1,-1
68,-1,800.89,346.48,153.16,242.92,91.0,-1,-1
68,-1,208.13,395.7,262.95,395.92,87.4,-1,-1
68,-1,1082.15,326.61,103.8,188.99,85.7,-1,-1
68,-1,1196.07,312.01,73.54,149.97,79.6,-1,-1
68,-1,1134.4,309.23,59.59,137.29,73.3,-1,-1
68,-1,1237.49,311.06,52.83,98.58,62.6,-1,-1
69,-1,1001.11,397.82,288.64,446.67,92.2,-1,-1
69,-1,803.67,346.0,151.61,243.09,90.9,-1,-1
69,-1,208.46,395.61,265.95,392.06,87.4,-1,-1
69,-1,1083.87,325.95,102.09,189.39,83.2,-1,-1
69,-1,1197.01,312.02,72.67,149.56,80.3,-1,-1
69,-1,1134.82,308.54,57.88,136.76,72.0,-1,-1
69,-1,1238.36,311.18,51.66,97.14,63.8,-1,-1
70,-1,1002.84,397.15,288.58,446.99,91.9,-1,-1
70,-1,804.44,345.85,152.02,243.25,90.7,-1,-1
70,-1,208.02,395.77,262.27,392.59,87.8,-1,-1
70,-1,1197.34,312.08,73.19,149.49,81.6,-1,-1
70,-1,1081.7,323.37,103.14,191.65,79.3,-1,-1
70,-1,1135.79,309.89,56.73,135.51,69.4,-1,-1
70,-1,1237.71,311.38,52.95,96.42,63.9,-1,-1
71,-1,1004.47,397.33,288.58,446.98,92.5,-1,-1
71,-1,805.57,347.08,151.44,241.53,90.9,-1,-1
71,-1,208.76,395.84,260.97,391.86,88.1,-1,-1
71,-1,1199.43,312.02,71.37,149.35,83.3,-1,-1
71,-1,1081.45,321.66,102.52,192.72,79.0,-1,-1
71,-1,1135.55,309.67,58.58,136.51,72.1,-1,-1
71,-1,1238.38,311.24,53.98,95.95,62.1,-1,-1
72,-1,1004.44,397.26,288.97,446.8,92.5,-1,-1
72,-1,805.66,347.05,151.42,241.27,91.0,-1,-1
72,-1,208.59,395.57,261.26,392.5,88.1,-1,-1
72,-1,1199.28,312.02,71.44,149.33,83.7,-1,-1
72,-1,1081.57,321.66,102.45,192.67,79.2,-1,-1
72,-1,1135.85,309.63,58.16,136.29,72.6,-1,-1
72,-1,1238.96,311.08,53.22,96.07,62.6,-1,-1
73,-1,1006.61,397.35,285.55,447.18,91.5,-1,-1
73,-1,806.15,347.85,153.48,239.93,90.6,-1,-1
73,-1,209.32,396.28,261.81,391.62,89.2,-1,-1
73,-1,1199.49,312.05,71.51,149.27,85.2,-1,-1
73,-1,1083.58,321.72,99.84,191.86,77.0,-1,-1
73,-1,1135.49,309.53,58.73,135.52,70.6,-1,-1
73,-1,1238.75,310.92,53.59,96.1,63.8,-1,-1
74,-1,807.51,346.8,153.82,239.56,90.9,-1,-1
74,-1,1010.79,398.92,283.02,446.78,90.7,-1,-1
74,-1,209.73,394.28,261.4,393.48,88.8,-1,-1
74,-1,1200.87,312.33,70.34,147.93,82.5,-1,-1
74,-1,1084.74,322.05,100.28,191.61,72.5,-1,-1
74,-1,1133.62,311.02,62.04,134.69,70.0,-1,-1
74,-1,1238.42,311.12,53.89,95.45,66.6,-1,-1
74,-1,1110.41,325.55,81.69,188.12,37.2,-1,-1
75,-1,1011.93,401.52,287.75,448.2,91.2,-1,-1
75,-1,808.54,346.32,153.52,240.82,90.5,-1,-1
75,-1,209.45,394.18,261.35,396.36,89.0,-1,-1
75,-1,1200.53,312.31,70.98,147.51,84.7,-1,-1
75,-1,1082.8,321.84,102.7,190.57,82.6,-1,-1
75,-1,1134.14,311.54,61.96,135.42,69.0,-1,-1
75,-1,1239.24,311.08,53.81,94.52,66.1,-1,-1
76,-1,1013.88,403.72,287.52,447.3,90.8,-1,-1
76,-1,211.86,394.61,265.2,398.76,90.5,-1,-1
76,-1,808.98,347.87,152.94,238.86,90.1,-1,-1
76,-1,1199.89,312.3,71.62,147.0,83.5,-1,-1
76,-1,1082.12,322.04,104.2,190.18,80.5,-1,-1
76,-1,1238.76,311.13,54.12,94.41,66.3,-1,-1
76,-1,1134.0,312.33,64.79,133.04,65.0,-1,-1
76,-1,1015.22,404.21,231.55,369.43,25.2,-1,-1
77,-1,810.91,347.08,151.53,239.09,90.6,-1,-1
77,-1,212.16,395.15,265.83,400.31,90.6,-1,-1
77,-1,1016.48,404.96,286.17,446.06,89.9,-1,-1
77,-1,1201.67,312.62,70.43,146.09,81.3,-1,-1
77,-1,1084.01,322.65,104.07,190.09,77.8,-1,-1
77,-1,1240.47,311.17,54.5,95.14,65.7,-1,-1
77,-1,1135.19,312.47,64.27,133.14,65.3,-1,-1
77,-1,1017.92,405.47,230.94,367.22,49.8,-1,-1
78,-1,811.09,347.24,151.44,238.89,91.0,-1,-1
78,-1,212.53,395.13,265.52,400.25,90.6,-1,-1
78,-1,1016.57,405.04,286.26,446.21,90.0,-1,-1
78,-1,1201.61,312.63,70.37,146.13,80.0,-1,-1
78,-1,1084.26,322.24,104.0,190.55,77.2,-1,-1
78,-1,1240.39,311.26,54.66,94.98,65.2,-1,-1
78,-1,1135.14,312.44,64.36,132.98,64.7,-1,-1
78,-1,1018.05,405.56,231.16,366.55,49.4,-1,-1
79,-1,811.86,346.5,151.99,239.45,92.2,-1,-1
79,-1,213.24,396.32,265.09,398.91,90.9,-1,-1
79,-1,1019.54,405.34,285.7,444.35,89.7,-1,-1
79,-1,1204.61,315.85,68.28,141.61,80.5,-1,-1
79,-1,1084.56,322.48,104.91,189.28,76.4,-1,-1
79,-1,1239.03,312.37,55.46,94.34,66.1,-1,-1
79,-1,1136.14,312.53,64.29,132.23,64.6,-1,-1
79,-1,1020.08,405.87,233.87,376.16,50.0,-1,-1
80,-1,814.21,346.53,149.89,238.86,92.3,-1,-1
80,-1,214.03,397.51,265.07,397.43,90.7,-1,-1
80,-1,1023.63,403.65,284.03,449.99,90.6,-1,-1
80,-1,1205.25,316.25,67.84,140.91,80.5,-1,-1
80,-1,1084.55,322.25,105.43,189.6,75.4,-1,-1
80,-1,1238.55,310.57,58.02,95.32,67.3,-1,-1
80,-1,1138.17,312.67,62.39,131.66,65.4,-1,-1
81,-1,215.56,397.46,265.75,399.38,90.6,-1,-1
81,-1,814.69,345.99,150.01,240.75,90.2,-1,-1
81,-1,1025.78,401.75,282.58,451.03,88.8,-1,-1
81,-1,1205.37,316.7,68.28,140.37,82.1,-1,-1
81,-1,1085.87,322.84,103.59,189.13,69.7,-1,-1
81,-1,1137.75,312.63,63.25,130.8,68.7,-1,-1
81,-1,1238.21,310.38,59.06,95.27,68.2,-1,-1
81,-1,1110.99,327.68,85.54,185.49,42.5,-1,-1
82,-1,216.94,396.74,265.84,400.57,90.7,-1,-1
82,-1,815.51,346.24,150.69,241.2,90.2,-1,-1
82,-1,1024.91,402.9,283.83,446.61,88.9,-1,-1
82,-1,1205.5,316.84,68.25,140.27,82.9,-1,-1
82,-1,1139.77,312.78,60.28,130.46,70.7,-1,-1
82,-1,1237.59,310.05,59.62,95.18,69.4,-1,-1
82,-1,1083.7,325.15,101.7,188.16,64.4,-1,-1
82,-1,1112.5,329.25,84.69,184.07,42.7,-1,-1
83,-1,816.98,346.56,149.28,241.22,91.2,-1,-1
83,-1,216.96,395.28,267.43,402.18,90.2,-1,-1
83,-1,1027.87,399.26,283.85,451.53,89.9,-1,-1
83,-1,1204.91,317.91,69.43,139.78,85.0,-1,-1
83,-1,1141.31,313.74,58.99,128.66,70.0,-1,-1
83,-1,1238.81,310.51,58.31,94.99,69.3,-1,-1
83,-1,1083.79,326.89,76.35,184.0,61.2,-1,-1
83,-1,1108.41,331.02,88.37,182.69,55.8,-1,-1
84,-1,816.89,346.35,149.52,241.65,91.1,-1,-1
84,-1,216.87,395.55,267.77,401.93,90.2,-1,-1
84,-1,1028.0,399.52,283.33,451.0,89.9,-1,-1
84,-1,1205.14,317.82,69.14,139.81,85.0,-1,-1
84,-1,1238.64,310.56,59.0,94.94,70.1,-1,-1
84,-1,1141.6,313.97,58.74,128.97,69.2,-1,-1
84,-1,1083.86,326.76,76.19,184.23,61.7,-1,-1
84,-1,1108.47,331.1,88.41,182.72,55.6,-1,-1
85,-1,819.56,345.85,148.23,240.11,91.1,-1,-1
85,-1,1030.06,402.26,282.19,448.29,91.1,-1,-1
85,-1,217.35,396.46,267.17,401.34,89.9,-1,-1
85,-1,1205.43,317.2,68.92,140.8,84.7,-1,-1
85,-1,1143.12,313.45,56.06,128.2,69.0,-1,-1
85,-1,1239.63,310.55,58.28,95.16,68.8,-1,-1
85,-1,1084.47,326.29,76.86,186.03,65.6,-1,-1
85,-1,1102.42,331.7,95.47,182.16,52.1,-1,-1
86,-1,817.72,345.51,150.3,242.04,91.2,-1,-1
86,-1,1031.11,403.21,282.73,446.63,90.9,-1,-1
86,-1,218.68,396.76,265.7,400.05,89.9,-1,-1
86,-1,1205.52,316.88,69.36,140.97,85.4,-1,-1
86,-1,1143.23,313.26,56.01,127.86,70.0,-1,-1
86,-1,1085.66,325.88,97.37,187.51,68.1,-1,-1
86,-1,1239.38,310.54,58.43,95.72,67.4,-1,-1
86,-1,1114.66,339.55,84.64,172.69,42.0,-1,-1
87,-1,820.27,345.41,151.22,241.29,92.0,-1,-1
87,-1,1032.66,404.88,276.98,440.24,90.6,-1,-1
87,-1,218.88,395.95,263.93,399.97,89.9,-1,-1
87,-1,1206.44,317.06,68.32,140.19,84.5,-1,-1
87,-1,1142.8,312.5,56.77,125.3,70.8,-1,-1
87,-1,1241.65,312.56,59.01,94.09,66.6,-1,-1
87,-1,1084.95,324.31,94.65,185.25,63.0,-1,-1
87,-1,1098.19,328.13,101.71,183.99,55.0,-1,-1
88,-1,1034.13,405.66,277.85,441.34,91.3,-1,-1
88,-1,219.62,395.09,263.18,399.97,90.1,-1,-1
88,-1,821.12,344.41,150.6,242.79,89.7,-1,-1
88,-1,1206.33,317.15,68.67,140.41,84.7,-1,-1
88,-1,1142.49,312.43,57.04,122.48,71.6,-1,-1
88,-1,1242.13,313.06,58.28,93.85,65.2,-1,-1
88,-1,1084.91,324.82,88.92,184.42,62.3,-1,-1
88,-1,1116.22,337.04,84.12,175.28,57.0,-1,-1
89,-1,1034.56,406.57,279.19,439.57,90.5,-1,-1
89,-1,818.86,345.97,152.41,241.76,90.0,-1,-1
89,-1,217.74,395.84,265.43,398.9,89.8,-1,-1
89,-1,1205.96,317.4,68.23,139.19,83.7,-1,-1
89,-1,1141.11,312.7,58.09,123.53,66.8,-1,-1
89,-1,1240.13,312.19,57.02,92.63,64.7,-1,-1
89,-1,1090.35,320.14,107.31,191.25,61.1,-1,-1
89,-1,1114.88,339.07,84.63,171.96,58.9,-1,-1
89,-1,1081.06,325.37,86.21,184.44,55.7,-1,-1
90,-1,1034.62,406.45,278.96,439.42,90.5,-1,-1
90,-1,818.77,346.01,152.49,241.63,90.0,-1,-1
90,-1,217.41,395.67,265.5,399.06,89.7,-1,-1
90,-1,1206.05,317.52,68.11,139.08,83.7,-1,-1
90,-1,1141.22,312.66,57.13,122.56,66.5,-1,-1
90,-1,1240.32,312.38,56.81,92.4,64.6,-1,-1
90,-1,1090.44,320.29,107.25,190.8,60.6,-1,-1
90,-1,1114.85,339.54,84.76,171.4,59.5,-1,-1
90,-1,1084.48,324.72,87.89,183.15,59.1,-1,-1
91,-1,818.41,345.79,151.78,241.64,90.8,-1,-1
91,-1,1034.69,406.14,275.9,435.2,90.0,-1,-1
91,-1,215.89,397.61,263.56,397.17,89.3,-1,-1
91,-1,1206.15,317.09,66.19,138.51,77.5,-1,-1
91,-1,1137.01,312.64,61.32,126.67,65.1,-1,-1
91,-1,1089.32,320.25,106.62,190.36,63.2,-1,-1
91,-1,1242.19,314.07,53.06,91.76,62.9,-1,-1
91,-1,1114.29,336.74,83.81,174.14,52.5,-1,-1
92,-1,817.38,345.7,152.65,242.26,91.7,-1,-1
92,-1,214.82,395.01,265.94,401.73,90.6,-1,-1
92,-1,1035.2,406.72,281.44,434.27,89.7,-1,-1
92,-1,1203.44,312.96,67.45,143.53,79.8,-1,-1
92,-1,1089.79,321.5,104.93,190.55,62.2,-1,-1
92,-1,1135.46,313.23,64.58,128.71,61.9,-1,-1
92,-1,1242.3,314.98,50.05,92.05,57.2,-1,-1
92,-1,1114.22,338.01,82.02,173.61,51.0,-1,-1
93,-1,817.13,346.31,152.27,241.55,91.9,-1,-1
93,-1,211.8,394.51,267.38,406.04,90.9,-1,-1
93,-1,1035.38,407.59,281.82,433.3,89.1,-1,-1
93,-1,1201.91,313.37,67.87,143.87,84.7,-1,-1
93,-1,1088.91,322.01,105.49,190.88,65.9,-1,-1
93,-1,1128.33,313.59,66.31,122.4,57.5,-1,-1
93,-1,1114.26,336.2,81.51,175.63,45.5,-1,-1
93,-1,1238.21,313.26,54.8,94.88,42.6,-1,-1
93,-1,1143.43,316.17,55.07,134.96,36.0,-1,-1
93,-1,1216.95,312.27,51.49,87.8,29.1,-1,-1
94,-1,1035.79,407.1,278.99,432.69,91.0,-1,-1
94,-1,209.59,395.04,270.07,409.19,90.6,-1,-1
94,-1,816.97,344.75,151.31,241.6,89.8,-1,-1
94,-1,1196.82,315.4,70.97,141.62,85.2,-1,-1
94,-1,1082.75,324.43,95.31,183.87,65.0,-1,-1
94,-1,1127.92,314.75,64.26,124.03,56.3,-1,-1
94,-1,1098.6,329.57,95.29,183.5,56.1,-1,-1
94,-1,1218.4,312.1,43.37,89.61,33.8,-1,-1
94,-1,1239.65,317.53,52.99,92.47,30.7,-1,-1
94,-1,1230.55,314.06,51.87,92.47,26.6,-1,-1
95,-1,1036.39,406.76,276.09,434.1,91.1,-1,-1
95,-1,815.4,345.35,152.29,242.43,90.7,-1,-1
95,-1,206.9,392.36,273.59,415.16,89.8,-1,-1
95,-1,1195.33,315.39,68.68,141.58,83.5,-1,-1
95,-1,1081.14,324.72,89.63,182.65,62.9,-1,-1
95,-1,1126.63,314.75,68.01,130.38,59.3,-1,-1
95,-1,1100.24,329.02,91.47,184.41,46.5,-1,-1
95,-1,1230.38,312.14,50.93,95.25,40.4,-1,-1
95,-1,1221.31,311.12,42.79,93.19,39.5,-1,-1
96,-1,815.5,345.28,152.1,242.3,91.3,-1,-1
96,-1,1036.42,406.73,276.2,434.33,91.1,-1,-1
96,-1,206.93,392.53,273.91,415.37,89.9,-1,-1
96,-1,1195.3,315.48,68.65,141.56,83.3,-1,-1
96,-1,1080.97,324.77,87.83,182.46,62.5,-1,-1
96,-1,1126.63,314.55,67.77,130.37,60.8,-1,-1
96,-1,1101.19,328.84,90.51,184.52,46.6,-1,-1
96,-1,1230.28,312.11,51.04,95.19,40.7,-1,-1
96,-1,1221.31,311.14,43.07,93.13,39.9,-1,-1
97,-1,205.95,394.45,273.31,417.03,90.9,-1,-1
97,-1,1036.58,405.52,276.73,435.55,90.4,-1,-1
97,-1,815.72,344.79,149.68,240.67,89.9,-1,-1
97,-1,1192.96,316.58,70.48,139.58,80.0,-1,-1
97,-1,1081.84,324.96,92.96,183.31,68.9,-1,-1
97,-1,1123.06,312.62,66.42,130.36,62.1,-1,-1
97,-1,1227.03,312.77,53.74,93.58,43.9,-1,-1
97,-1,1218.78,311.08,44.13,93.1,42.4,-1,-1
97,-1,1097.93,330.74,91.37,182.8,41.4,-1,-1
98,-1,1035.34,406.11,277.85,434.54,90.1,-1,-1
98,-1,813.89,346.79,151.69,238.88,90.0,-1,-1
98,-1,202.63,392.59,267.96,417.07,88.7,-1,-1
98,-1,1193.59,313.42,68.07,142.61,83.5,-1,-1
98,-1,1081.56,323.48,89.12,185.3,68.8,-1,-1
98,-1,1124.3,313.86,61.92,124.62,54.3,-1,-1
98,-1,1217.26,310.38,49.78,91.68,51.5,-1,-1
98,-1,1096.8,330.93,91.6,183.16,41.0,-1,-1
99,-1,1036.35,406.37,279.21,435.75,90.2,-1,-1
99,-1,813.39,346.69,151.17,238.96,90.0,-1,-1
99,-1,200.28,392.56,266.83,417.71,88.0,-1,-1
99,-1,1193.74,314.31,68.0,141.68,80.5,-1,-1
99,-1,1082.12,324.78,95.76,184.75,64.0,-1,-1
99,-1,1122.68,312.8,62.78,129.25,57.1,-1,-1
99,-1,1220.53,312.75,58.46,91.49,43.1,-1,-1
99,-1,1216.62,311.18,46.61,90.9,42.7,-1,-1
100,-1,1037.75,405.79,282.55,436.2,90.5,-1,-1
100,-1,813.42,346.8,151.15,238.76,90.0,-1,-1
100,-1,198.68,394.62,259.66,413.36,88.6,-1,-1
100,-1,1192.13,313.89,68.35,141.85,81.6,-1,-1
100,-1,1081.56,326.02,98.36,183.39,66.2,-1,-1
100,-1,1120.38,314.79,65.14,128.9,52.1,-1,-1
100,-1,1220.36,314.08,60.05,90.17,48.9,-1,-1
101,-1,1039.47,407.81,287.15,439.69,91.3,-1,-1
101,-1,813.31,346.79,152.19,238.63,90.0,-1,-1
101,-1,197.01,395.03,259.42,411.41,88.7,-1,-1
101,-1,1188.79,313.86,69.21,141.42,77.7,-1,-1
101,-1,1079.72,326.21,100.04,180.51,65.0,-1,-1
101,-1,1120.38,314.89,63.36,127.62,51.8,-1,-1
101,-1,1219.63,313.35,61.22,92.05,49.3,-1,-1
102,-1,1039.62,407.77,287.1,439.67,91.3,-1,-1
102,-1,813.37,346.73,152.14,238.75,90.1,-1,-1
102,-1,197.05,395.03,259.32,411.34,88.8,-1,-1
102,-1,1188.65,313.96,69.31,141.3,77.4,-1,-1
102,-1,1079.65,326.23,99.93,180.43,64.7,-1,-1
102,-1,1120.47,314.9,63.12,127.53,51.8,-1,-1
102,-1,1219.65,313.37,61.24,92.06,49.2,-1,-1
103,-1,1041.91,407.22,286.24,440.61,91.4,-1,-1
103,-1,813.53,346.48,153.5,239.69,90.0,-1,-1
103,-1,197.04,393.9,262.42,411.04,88.8,-1,-1
103,-1,1185.98,316.02,69.65,139.45,75.9,-1,-1
103,-1,1082.15,326.88,98.3,178.62,69.1,-1,-1
103,-1,1218.77,312.72,60.39,92.26,52.6,-1,-1
103,-1,1120.95,313.96,61.27,127.79,49.8,-1,-1
104,-1,1045.43,407.44,284.12,439.43,93.0,-1,-1
104,-1,814.52,346.19,153.68,240.07,89.8,-1,-1
104,-1,197.11,393.73,259.07,412.17,89.0,-1,-1
104,-1,1188.41,314.31,69.11,140.92,76.6,-1,-1
104,-1,1083.55,326.28,99.11,179.5,76.2,-1,-1
104,-1,1219.46,312.75,60.21,92.22,54.4,-1,-1
104,-1,1123.42,314.74,62.16,124.01,49.9,-1,-1
105,-1,1046.41,406.3,285.96,440.89,92.8,-1,-1
105,-1,815.23,346.62,153.53,238.77,90.7,-1,-1
105,-1,197.19,394.14,257.47,409.46,88.6,-1,-1
105,-1,1084.16,326.24,99.51,180.05,78.1,-1,-1
105,-1,1188.11,313.41,69.27,141.29,76.4,-1,-1
105,-1,1219.51,312.79,60.64,92.12,53.7,-1,-1
105,-1,1124.08,314.62,59.6,120.21,44.2,-1,-1
106,-1,1046.88,406.19,285.39,440.59,92.8,-1,-1
106,-1,815.43,346.54,154.94,238.82,91.6,-1,-1
106,-1,196.57,394.49,264.12,412.5,89.2,-1,-1
106,-1,1187.47,313.15,69.87,141.61,78.2,-1,-1
106,-1,1083.36,324.57,99.59,183.03,77.3,-1,-1
106,-1,1219.63,312.71,60.41,92.78,49.7,-1,-1
106,-1,1123.17,314.18,60.69,122.18,40.9,-1,-1
107,-1,1047.51,406.98,287.46,438.55,92.8,-1,-1
107,-1,815.88,345.97,155.69,238.49,91.8,-1,-1
107,-1,195.19,393.61,265.28,413.17,88.0,-1,-1
107,-1,1187.09,313.9,70.0,140.81,77.5,-1,-1
107,-1,1082.43,325.82,97.93,179.94,75.7,-1,-1
107,-1,1220.62,313.12,58.58,92.26,51.4,-1,-1
107,-1,1123.54,315.88,58.97,119.87,35.1,-1,-1
107,-1,1077.8,327.88,72.6,187.2,30.9,-1,-1
108,-1,1047.51,407.23,287.36,438.1,92.8,-1,-1
108,-1,815.98,346.12,155.65,238.31,91.8,-1,-1
108,-1,195.1,393.91,266.19,413.05,87.9,-1,-1
108,-1,1187.09,313.9,70.21,140.81,77.7,-1,-1
108,-1,1082.37,325.71,97.96,180.04,75.9,-1,-1
108,-1,1221.23,313.2,57.98,92.3,51.0,-1,-1
108,-1,1123.6,315.79,58.68,119.35,34.1,-1,-1
108,-1,1077.63,327.83,71.79,187.02,32.4,-1,-1
109,-1,817.32,346.01,154.24,238.78,91.5,-1,-1
109,-1,1047.44,405.78,289.0,438.74,91.5,-1,-1
109,-1,193.68,393.99,269.56,413.1,87.7,-1,-1
109,-1,1186.85,313.83,69.59,140.63,77.2,-1,-1
109,-1,1081.65,325.23,97.64,179.5,76.5,-1,-1
109,-1,1220.25,313.08,59.46,91.93,52.4,-1,-1
109,-1,1122.88,315.99,60.49,121.12,33.2,-1,-1
109,-1,1077.24,327.67,76.2,194.59,28.7,-1,-1
110,-1,1052.32,399.64,284.88,442.06,92.3,-1,-1
110,-1,819.45,345.72,154.81,238.48,91.9,-1,-1
110,-1,193.6,395.64,270.03,412.52,88.6,-1,-1
110,-1,1184.98,315.31,70.42,138.92,79.1,-1,-1
110,-1,1081.0,325.01,97.65,178.29,75.2,-1,-1
110,-1,1218.18,311.86,60.52,91.37,53.2,-1,-1
110,-1,1122.66,315.39,60.49,122.22,39.3,-1,-1
111,-1,1053.81,399.99,284.8,442.26,92.2,-1,-1
111,-1,819.72,346.07,154.83,238.12,91.8,-1,-1
111,-1,191.13,397.29,269.5,411.21,88.4,-1,-1
111,-1,1184.78,315.32,70.7,138.91,79.0,-1,-1
111,-1,1077.08,325.06,97.37,179.45,72.8,-1,-1
111,-1,1217.93,311.75,59.6,91.39,52.2,-1,-1
111,-1,1122.19,315.74,60.6,121.73,40.5,-1,-1
112,-1,1057.51,400.9,287.13,439.34,92.3,-1,-1
112,-1,821.23,346.28,154.38,237.49,91.8,-1,-1
112,-1,190.67,396.78,269.81,411.46,87.6,-1,-1
112,-1,1185.16,315.28,70.7,139.2,78.4,-1,-1
112,-1,1080.28,324.41,98.69,180.23,71.7,-1,-1
112,-1,1218.71,311.9,58.2,91.21,51.9,-1,-1
112,-1,1122.61,316.34,60.72,122.79,34.2,-1,-1
113,-1,822.14,346.45,153.89,236.06,92.2,-1,-1
113,-1,1058.83,401.02,286.6,440.92,91.8,-1,-1
113,-1,191.09,398.41,270.77,410.93,87.3,-1,-1
113,-1,1186.17,313.54,69.84,140.6,78.3,-1,-1
113,-1,1079.37,325.94,96.5,176.94,74.5,-1,-1
113,-1,1218.92,311.73,57.26,90.95,50.4,-1,-1
113,-1,1122.62,316.86,61.8,123.25,36.7,-1,-1
114,-1,822.13,346.28,153.89,236.15,92.5,-1,-1
114,-1,1058.3,401.12,286.4,440.8,91.9,-1,-1
114,-1,191.37,398.7,270.25,411.09,87.6,-1,-1
114,-1,1186.07,313.43,69.82,140.69,78.3,-1,-1
114,-1,1079.55,325.91,96.21,176.96,74.5,-1,-1
114,-1,1218.77,311.56,57.35,90.96,50.1,-1,-1
114,-1,1122.55,316.77,61.87,123.33,38.0,-1,-1
115,-1,1060.55,402.08,288.04,437.04,92.4,-1,-1
115,-1,822.13,345.86,154.3,236.98,92.3,-1,-1
115,-1,190.48,398.31,275.38,413.17,87.4,-1,-1
115,-1,1186.75,314.13,69.2,139.74,79.4,-1,-1
115,-1,1079.98,326.21,98.46,175.13,75.1,-1,-1
115,-1,1221.26,312.67,56.3,89.31,55.3,-1,-1
115,-1,1121.16,317.42,64.96,123.83,43.7,-1,-1
116,-1,823.65,346.26,153.27,237.82,92.6,-1,-1
116,-1,1063.33,403.91,285.78,435.92,92.1,-1,-1
116,-1,191.56,398.58,274.13,412.96,87.7,-1,-1
116,-1,1186.55,314.86,69.73,139.13,81.8,-1,-1
116,-1,1080.84,327.07,98.79,176.42,79.2,-1,-1
116,-1,1223.01,313.79,55.59,87.55,52.7,-1,-1
116,-1,1119.63,318.49,67.66,119.8,46.3,-1,-1
116,-1,1217.45,310.76,46.96,88.11,40.9,-1,-1
117,-1,824.96,345.81,153.46,238.66,92.8,-1,-1
117,-1,1066.38,403.17,283.06,433.93,92.0,-1,-1
117,-1,191.21,398.19,275.58,412.51,87.6,-1,-1
117,-1,1187.42,314.81,68.9,138.85,83.9,-1,-1
117,-1,1082.75,326.69,99.98,178.54,79.5,-1,-1
117,-1,1225.06,314.19,53.7,87.94,55.4,-1,-1
117,-1,1119.14,318.78,69.75,124.13,43.2,-1,-1
117,-1,1218.01,310.69,46.18,89.22,40.3,-1,-1
118,-1,824.86,345.49,154.15,238.79,92.8,-1,-1
118,-1,1067.39,402.21,284.59,436.47,92.0,-1,-1
118,-1,191.58,402.05,276.03,406.58,87.8,-1,-1
118,-1,1186.55,314.13,70.23,139.59,85.4,-1,-1
118,-1,1088.03,326.93,98.69,176.3,75.8,-1,-1
118,-1,1223.69,313.07,54.52,88.74,54.0,-1,-1
118,-1,1117.32,318.26,70.66,123.66,49.9,-1,-1
118,-1,1218.34,310.42,47.15,89.03,38.2,-1,-1
119,-1,826.71,345.89,153.23,238.6,92.9,-1,-1
119,-1,1068.99,399.46,285.38,437.73,90.5,-1,-1
119,-1,191.35,402.65,276.48,404.94,87.4,-1,-1
119,-1,1185.43,313.95,71.02,139.26,84.9,-1,-1
119,-1,1087.21,326.73,95.09,176.04,70.1,-1,-1
119,-1,1113.59,318.4,71.44,127.2,54.5,-1,-1
119,-1,1221.77,312.08,54.68,90.36,54.3,-1,-1
120,-1,826.27,345.82,153.74,238.36,92.8,-1,-1
120,-1,1069.15,399.19,284.74,437.62,90.7,-1,-1
120,-1,191.47,403.05,276.84,404.75,87.3,-1,-1
120,-1,1186.24,314.35,70.1,138.76,84.9,-1,-1
120,-1,1090.42,325.86,96.51,176.95,70.2,-1,-1
120,-1,1113.66,318.67,71.79,127.03,56.4,-1,-1
120,-1,1222.3,312.34,54.36,90.09,54.3,-1,-1
121,-1,1071.07,396.13,279.97,432.53,90.8,-1,-1
121,-1,827.88,346.67,154.29,236.97,90.6,-1,-1
121,-1,192.78,402.5,274.51,405.2,86.5,-1,-1
121,-1,1185.92,313.93,70.33,139.16,83.1,-1,-1
121,-1,1088.62,328.46,90.76,173.75,67.6,-1,-1
121,-1,1114.51,319.66,73.43,122.84,63.1,-1,-1
121,-1,1220.04,311.26,55.61,90.95,55.5,-1,-1
121,-1,1102.21,323.25,84.43,155.73,40.0,-1,-1
122,-1,1078.34,390.95,283.5,447.93,91.9,-1,-1
122,-1,828.27,347.8,154.5,235.91,90.7,-1,-1
122,-1,194.3,401.16,269.56,406.04,87.0,-1,-1
122,-1,1185.46,313.76,70.16,138.39,83.9,-1,-1
122,-1,1113.53,317.97,71.85,119.7,66.4,-1,-1
122,-1,1088.69,328.38,84.82,169.3,65.2,-1,-1
122,-1,1220.78,311.28,53.54,89.93,55.1,-1,-1
122,-1,1104.74,322.3,82.77,152.58,39.7,-1,-1
123,-1,1081.79,388.98,283.17,453.25,91.0,-1,-1
123,-1,828.6,347.59,154.53,235.56,90.4,-1,-1
123,-1,195.05,403.38,268.94,405.15,87.2,-1,-1
123,-1,1184.36,313.66,70.32,137.8,79.8,-1,-1
123,-1,1112.81,317.02,70.99,121.51,69.5,-1,-1
123,-1,1222.94,311.74,51.77,90.56,57.4,-1,-1
123,-1,1088.87,328.39,73.17,168.96,56.5,-1,-1
124,-1,1085.42,387.03,281.92,453.98,91.1,-1,-1
124,-1,829.6,347.51,153.77,235.68,91.0,-1,-1
124,-1,195.62,403.87,264.43,405.36,87.8,-1,-1
124,-1,1184.62,313.9,69.66,136.57,79.7,-1,-1
124,-1,1112.42,316.81,72.35,122.03,71.5,-1,-1
124,-1,1088.78,327.96,78.41,169.27,60.6,-1,-1
124,-1,1223.89,311.68,50.06,90.61,58.2,-1,-1
124,-1,1096.02,327.07,89.84,149.2,37.3,-1,-1
125,-1,831.15,347.79,153.24,235.27,91.0,-1,-1
125,-1,1084.41,391.02,279.87,451.55,90.3,-1,-1
125,-1,198.49,408.88,257.12,397.32,86.2,-1,-1
125,-1,1183.51,314.83,70.9,136.16,77.7,-1,-1
125,-1,1104.83,319.85,78.44,119.95,63.7,-1,-1
125,-1,1220.47,310.77,50.56,91.95,54.5,-1,-1
125,-1,1089.34,327.26,68.12,164.19,50.8,-1,-1
125,-1,1094.42,328.06,90.09,141.07,44.4,-1,-1
125,-1,1086.72,326.85,91.62,178.53,25.7,-1,-1
126,-1,831.18,347.79,153.25,235.28,91.0,-1,-1
126,-1,1084.57,390.92,279.73,451.74,90.3,-1,-1
126,-1,198.49,408.88,257.27,397.18,86.3,-1,-1
126,-1,1183.54,314.87,70.89,136.14,77.7,-1,-1
126,-1,1104.78,319.89,78.57,120.04,63.5,-1,-1
126,-1,1223.11,311.62,49.52,90.89,54.8,-1,-1
126,-1,1089.27,327.27,68.19,164.23,50.8,-1,-1
126,-1,1094.36,328.05,90.24,141.31,44.3,-1,-1
126,-1,1086.53,326.88,91.82,178.39,25.7,-1,-1
127,-1,834.91,347.42,150.64,236.41,92.2,-1,-1
127,-1,1090.82,389.41,278.41,449.46,91.4,-1,-1
127,-1,197.21,406.07,263.03,401.03,86.5,-1,-1
127,-1,1184.09,314.96,70.66,136.6,79.5,-1,-1
127,-1,1103.12,321.34,81.74,120.87,67.7,-1,-1
127,-1,1224.37,311.57,47.29,91.61,57.3,-1,-1
127,-1,1092.15,328.99,93.81,134.77,49.7,-1,-1
127,-1,1089.84,328.48,75.97,158.73,40.0,-1,-1
128,-1,836.16,347.54,150.26,236.67,92.5,-1,-1
128,-1,1092.74,386.14,279.43,453.5,90.9,-1,-1
128,-1,198.85,410.78,250.25,393.36,85.9,-1,-1
128,-1,1183.54,315.36,71.49,136.37,79.5,-1,-1
128,-1,1103.67,320.97,82.12,124.81,67.0,-1,-1
128,-1,1225.64,312.09,45.43,91.84,53.5,-1,-1
128,-1,1087.96,328.81,69.72,155.02,25.7,-1,-1
129,-1,837.52,348.04,150.25,235.92,92.6,-1,-1
129,-1,1095.21,383.94,281.54,454.52,91.5,-1,-1
129,-1,198.56,407.0,272.15,402.06,88.3,-1,-1
129,-1,1183.86,315.63,71.27,135.94,79.2,-1,-1
129,-1,1103.16,321.4,82.58,124.84,59.2,-1,-1
129,-1,1222.3,311.73,47.24,91.82,52.0,-1,-1
130,-1,838.38,348.17,149.13,235.97,92.5,-1,-1
130,-1,1095.6,386.64,282.25,451.95,91.1,-1,-1
130,-1,200.01,404.75,273.39,407.86,89.0,-1,-1
130,-1,1182.9,315.43,72.41,136.08,79.8,-1,-1
130,-1,1221.75,311.58,47.69,91.9,48.7,-1,-1
130,-1,1112.69,319.25,75.35,125.72,42.5,-1,-1
130,-1,1073.31,335.97,94.88,141.92,28.4,-1,-1
130,-1,1081.98,326.61,65.86,139.87,27.9,-1,-1
130,-1,1110.63,316.79,63.66,112.93,26.9,-1,-1
130,-1,1090.93,328.17,95.61,127.29,25.4,-1,-1
131,-1,839.68,348.77,147.98,234.72,92.2,-1,-1
131,-1,1098.56,376.84,282.03,455.92,91.1,-1,-1
131,-1,199.71,405.99,276.2,406.67,89.0,-1,-1
131,-1,1182.0,315.21,72.54,135.58,80.3,-1,-1
131,-1,1224.72,312.08,45.08,90.65,49.0,-1,-1
131,-1,1113.05,317.49,69.49,124.39,43.0,-1,-1
131,-1,1077.49,325.71,65.52,130.27,37.3,-1,-1
132,-1,839.58,348.84,148.05,234.59,92.3,-1,-1
132,-1,1098.48,377.01,282.23,455.79,91.1,-1,-1
132,-1,199.9,405.38,275.88,407.0,88.2,-1,-1
132,-1,1182.09,315.28,72.47,135.72,80.6,-1,-1
132,-1,1224.85,312.09,45.26,90.51,50.7,-1,-1
132,-1,1112.64,317.81,71.21,124.64,44.8,-1,-1
132,-1,1077.04,326.31,66.17,129.81,37.1,-1,-1
133,-1,839.59,348.7,147.94,235.09,92.0,-1,-1
133,-1,1101.97,381.23,281.67,452.46,91.6,-1,-1
133,-1,200.19,404.17,276.71,408.51,89.6,-1,-1
133,-1,1182.82,315.81,71.98,135.94,81.3,-1,-1
133,-1,1225.3,312.2,44.23,90.54,50.7,-1,-1
133,-1,1075.81,329.24,72.27,119.14,45.3,-1,-1
133,-1,1112.78,318.16,65.84,123.06,42.7,-1,-1
133,-1,1218.38,308.6,46.19,87.83,28.5,-1,-1
134,-1,202.89,403.36,278.53,409.22,91.8,-1,-1
134,-1,841.82,348.37,146.32,236.54,91.6,-1,-1
134,-1,1105.69,389.45,279.88,447.94,91.5,-1,-1
134,-1,1182.59,316.04,72.47,135.98,82.3,-1,-1
134,-1,1226.27,312.11,44.48,90.63,56.0,-1,-1
134,-1,1113.01,317.94,63.96,124.36,45.7,-1,-1
134,-1,1078.12,330.14,73.76,122.87,39.1,-1,-1
134,-1,1219.09,308.38,46.57,88.6,31.0,-1,-1
135,-1,1109.27,389.06,279.35,443.64,91.5,-1,-1
135,-1,842.33,348.53,146.61,235.68,91.5,-1,-1
135,-1,204.2,403.72,280.98,408.32,90.9,-1,-1
135,-1,1182.63,316.54,72.48,135.24,82.0,-1,-1
135,-1,1227.44,312.51,43.26,90.29,56.9,-1,-1
135,-1,1114.98,319.54,58.36,118.43,39.0,-1,-1
135,-1,1094.89,331.64,85.58,122.15,33.0,-1,-1
135,-1,1078.7,330.33,75.36,124.75,30.9,-1,-1
136,-1,1112.45,389.42,275.03,448.07,91.7,-1,-1
136,-1,843.91,346.02,149.36,238.31,90.9,-1,-1
136,-1,205.01,403.25,281.92,405.08,90.4,-1,-1
136,-1,1181.85,316.94,73.31,134.34,80.4,-1,-1
136,-1,1224.43,312.18,44.6,89.86,50.0,-1,-1
136,-1,1116.17,322.6,51.88,106.04,35.3,-1,-1
136,-1,1078.72,333.39,86.33,121.51,33.8,-1,-1
136,-1,1089.8,337.44,104.78,134.05,33.6,-1,-1
136,-1,1101.95,332.5,81.51,116.79,33.0,-1,-1
136,-1,1082.51,345.08,125.2,179.12,31.3,-1,-1
137,-1,1114.99,388.01,275.79,449.2,92.0,-1,-1
137,-1,206.59,403.32,281.43,407.7,91.3,-1,-1
137,-1,845.46,346.65,148.97,237.23,90.9,-1,-1
137,-1,1181.77,317.68,73.17,132.65,80.8,-1,-1
137,-1,1225.18,312.73,43.48,88.84,48.1,-1,-1
137,-1,1082.87,346.44,130.97,177.94,37.2,-1,-1
137,-1,1115.14,322.18,53.29,105.46,35.9,-1,-1
137,-1,1075.99,332.27,80.98,127.33,31.7,-1,-1
137,-1,1087.03,337.21,113.45,133.34,28.3,-1,-1
137,-1,1102.04,332.47,81.91,117.27,26.4,-1,-1
138,-1,1115.14,387.41,275.75,449.39,92.1,-1,-1
138,-1,206.67,403.51,281.25,407.39,91.1,-1,-1
138,-1,845.54,346.93,148.94,236.99,90.9,-1,-1
138,-1,1182.08,317.67,73.12,132.68,81.4,-1,-1
138,-1,1222.52,311.52,45.38,89.57,47.9,-1,-1
138,-1,1116.19,322.15,49.9,102.96,35.6,-1,-1
138,-1,1083.57,345.48,131.93,179.35,34.4,-1,-1
138,-1,1076.09,332.5,79.34,119.33,33.4,-1,-1
138,-1,1087.97,337.27,112.23,133.65,26.9,-1,-1
139,-1,1118.5,387.88,277.78,444.7,91.5,-1,-1
139,-1,844.85,350.67,151.4,233.55,90.8,-1,-1
139,-1,208.02,402.36,279.56,409.1,90.7,-1,-1
139,-1,1183.48,317.33,72.14,132.8,80.6,-1,-1
139,-1,1221.35,309.73,44.69,91.66,49.6,-1,-1
139,-1,1113.55,322.27,62.91,108.79,46.3,-1,-1
139,-1,1114.11,317.57,46.46,110.1,41.4,-1,-1
139,-1,1075.47,331.34,56.24,117.78,26.6,-1,-1
140,-1,845.31,349.26,150.9,233.86,90.8,-1,-1
140,-1,208.37,404.74,279.78,407.18,90.8,-1,-1
140,-1,1122.01,385.64,275.88,452.6,90.7,-1,-1
140,-1,1181.93,317.05,72.66,133.43,80.5,-1,-1
140,-1,1114.06,319.78,48.24,102.9,50.5,-1,-1
140,-1,1220.48,309.71,45.58,92.0,49.6,-1,-1
140,-1,1076.17,330.16,66.78,110.73,31.9,-1,-1
140,-1,1103.39,324.2,65.7,102.77,25.1,-1,-1
141,-1,848.08,348.81,150.58,234.68,91.0,-1,-1
141,-1,1124.33,381.36,274.19,456.29,90.9,-1,-1
141,-1,212.54,402.9,275.08,407.54,90.2,-1,-1
141,-1,1182.38,316.37,72.17,131.44,78.3,-1,-1
141,-1,1116.65,317.68,45.77,109.43,54.8,-1,-1
141,-1,1220.78,309.52,45.29,91.38,47.1,-1,-1
141,-1,1075.65,329.26,58.56,111.72,39.3,-1,-1
142,-1,1127.95,383.12,272.57,453.2,91.2,-1,-1
142,-1,848.9,350.3,151.22,233.7,91.1,-1,-1
142,-1,214.95,403.2,274.86,406.87,90.5,-1,-1
142,-1,1180.46,315.44,73.54,131.12,78.9,-1,-1
142,-1,1115.96,315.23,43.54,106.04,52.2,-1,-1
142,-1,1219.27,309.35,46.83,92.05,43.8,-1,-1
142,-1,1084.81,327.04,49.72,140.26,40.7,-1,-1
143,-1,1132.62,388.18,269.13,449.33,91.6,-1,-1
143,-1,849.68,350.78,151.83,233.96,91.1,-1,-1
143,-1,216.32,403.5,270.11,405.42,90.7,-1,-1
143,-1,1179.68,313.61,70.99,129.56,79.0,-1,-1
143,-1,1113.96,314.83,42.4,98.03,61.6,-1,-1
143,-1,1219.03,309.08,45.86,92.04,44.6,-1,-1
143,-1,1088.98,324.62,48.43,156.99,35.0,-1,-1
144,-1,1132.92,388.26,268.98,449.34,91.7,-1,-1
144,-1,849.87,350.82,151.91,233.85,91.1,-1,-1
144,-1,216.5,403.53,270.2,405.43,90.7,-1,-1
144,-1,1180.28,314.6,72.47,132.48,79.0,-1,-1
144,-1,1114.09,314.93,42.78,98.56,60.6,-1,-1
144,-1,1219.09,309.07,45.88,92.3,44.9,-1,-1
144,-1,1089.63,324.1,47.68,159.77,36.3,-1,-1
145,-1,850.88,350.07,152.66,233.8,91.1,-1,-1
145,-1,1137.81,387.17,268.56,451.36,90.7,-1,-1
145,-1,219.37,404.58,264.98,405.92,89.6,-1,-1
145,-1,1179.85,313.28,71.08,129.85,78.9,-1,-1
145,-1,1114.55,316.71,42.99,95.15,61.2,-1,-1
145,-1,1218.39,308.63,46.24,92.15,48.2,-1,-1
145,-1,1087.92,327.07,52.23,156.04,46.6,-1,-1
146,-1,850.78,348.86,152.43,235.25,91.2,-1,-1
146,-1,1142.09,388.58,266.89,451.87,90.9,-1,-1
146,-1,219.8,403.67,267.19,407.04,89.1,-1,-1
146,-1,1181.37,314.69,71.57,132.37,81.6,-1,-1
146,-1,1087.66,326.16,52.91,162.07,64.6,-1,-1
146,-1,1111.85,315.32,42.4,95.98,56.0,-1,-1
146,-1,1217.41,308.25,48.18,91.37,52.6,-1,-1
147,-1,848.26,349.4,152.04,234.78,91.0,-1,-1
147,-1,1142.93,389.03,267.56,451.34,90.9,-1,-1
147,-1,216.97,404.38,268.11,404.87,90.0,-1,-1
147,-1,1180.59,317.36,69.86,129.84,80.6,-1,-1
147,-1,1083.33,329.74,56.14,157.56,71.2,-1,-1
147,-1,1110.24,315.48,42.75,94.04,59.5,-1,-1
147,-1,1216.18,309.03,46.73,89.87,53.1,-1,-1
147,-1,1197.66,310.72,61.1,100.98,32.3,-1,-1
148,-1,846.63,346.5,150.9,237.08,91.3,-1,-1
148,-1,1142.0,389.11,269.18,452.25,90.9,-1,-1
148,-1,213.75,402.66,264.5,408.53,86.6,-1,-1
148,-1,1176.71,316.46,71.82,132.08,82.0,-1,-1
148,-1,1082.02,327.16,56.54,162.41,76.5,-1,-1
148,-1,1213.61,309.81,49.02,89.08,59.8,-1,-1
148,-1,1107.88,313.62,41.71,90.47,46.0,-1,-1
148,-1,1192.32,310.25,63.97,104.61,27.4,-1,-1
149,-1,844.94,346.26,150.24,238.8,91.1,-1,-1
149,-1,1141.34,390.12,266.94,447.31,90.7,-1,-1
149,-1,207.81,403.27,277.13,410.52,90.1,-1,-1
149,-1,1173.03,314.96,69.6,133.69,80.4,-1,-1
149,-1,1075.23,325.89,63.05,153.56,66.9,-1,-1
149,-1,1205.29,310.37,52.72,88.06,53.6,-1,-1
149,-1,1193.45,311.44,57.31,91.49,38.2,-1,-1
149,-1,1104.45,315.62,36.87,93.41,37.9,-1,-1
149,-1,1085.04,323.88,54.85,117.79,28.6,-1,-1
150,-1,844.93,346.29,150.26,238.82,91.1,-1,-1
150,-1,1141.35,390.12,266.96,447.39,90.6,-1,-1
150,-1,208.02,403.28,276.91,410.59,90.0,-1,-1
150,-1,1173.07,314.97,69.53,133.75,80.4,-1,-1
150,-1,1075.25,325.92,63.02,153.56,66.9,-1,-1
150,-1,1205.28,310.37,52.73,88.07,53.7,-1,-1
150,-1,1193.48,311.44,57.31,91.5,38.3,-1,-1
150,-1,1104.44,315.64,36.85,93.31,38.1,-1,-1
150,-1,1085.11,323.9,54.75,117.67,28.6,-1,-1
151,-1,842.85,345.33,150.77,239.24,91.3,-1,-1
151,-1,1140.87,391.57,268.18,447.58,91.1,-1,-1
151,-1,206.1,397.62,278.34,416.99,89.4,-1,-1
151,-1,1169.8,313.49,70.41,135.25,85.0,-1,-1
151,-1,1068.2,323.93,71.15,159.11,73.1,-1,-1
151,-1,1191.88,310.8,53.56,80.5,44.5,-1,-1
151,-1,1100.57,312.48,37.95,103.13,31.3,-1,-1
151,-1,1079.2,320.73,61.11,122.15,26.4,-1,-1
152,-1,842.15,346.06,147.62,239.16,91.9,-1,-1
152,-1,1138.23,391.02,270.27,447.76,90.4,-1,-1
152,-1,204.48,399.31,273.33,412.51,90.3,-1,-1
152,-1,1169.38,313.62,66.08,134.36,80.7,-1,-1
152,-1,1061.38,323.67,78.45,161.62,75.4,-1,-1
152,-1,1188.65,310.63,55.22,90.83,49.9,-1,-1
153,-1,841.05,345.36,148.47,240.17,92.4,-1,-1
153,-1,1139.68,394.15,269.88,442.81,90.3,-1,-1
153,-1,202.66,399.62,275.47,411.62,89.3,-1,-1
153,-1,1071.17,322.82,67.97,163.93,82.1,-1,-1
153,-1,1164.78,312.19,69.49,137.76,79.1,-1,-1
153,-1,1191.89,308.7,50.05,90.81,57.5,-1,-1
153,-1,1176.06,309.95,63.75,108.08,44.5,-1,-1
154,-1,840.21,345.15,149.49,240.73,92.8,-1,-1
154,-1,1141.07,393.63,266.18,438.48,89.9,-1,-1
154,-1,201.31,397.13,277.84,415.69,88.6,-1,-1
154,-1,1074.39,320.18,64.91,168.49,87.5,-1,-1
154,-1,1160.05,313.24,72.57,132.43,77.8,-1,-1
154,-1,1190.1,309.53,51.18,89.81,58.0,-1,-1
154,-1,1176.13,310.69,63.13,98.02,52.0,-1,-1
155,-1,837.16,341.74,151.65,244.9,93.2,-1,-1
155,-1,1141.2,393.95,264.32,437.77,90.2,-1,-1
155,-1,198.65,397.04,262.77,417.6,86.6,-1,-1
155,-1,1068.75,321.74,70.04,166.29,86.6,-1,-1
155,-1,1158.14,314.94,75.49,132.22,75.9,-1,-1
155,-1,1191.06,310.07,47.59,86.99,57.0,-1,-1
155,-1,1174.07,311.4,63.28,95.25,40.8,-1,-1
156,-1,837.26,341.49,151.62,244.76,93.2,-1,-1
156,-1,1141.12,393.78,264.75,437.57,90.2,-1,-1
156,-1,198.59,396.79,263.89,418.32,87.5,-1,-1
156,-1,1068.83,321.58,69.9,166.35,86.6,-1,-1
156,-1,1158.02,315.02,75.65,132.27,76.2,-1,-1
156,-1,1191.17,310.09,47.63,87.17,57.1,-1,-1
156,-1,1174.24,311.44,63.19,94.8,41.5,-1,-1
157,-1,835.67,343.26,151.64,242.28,93.1,-1,-1
157,-1,1140.2,391.37,263.48,440.52,90.5,-1,-1
157,-1,195.54,399.95,261.46,415.34,85.8,-1,-1
157,-1,1068.06,318.1,69.09,168.48,84.7,-1,-1
157,-1,1152.88,316.06,78.15,127.34,77.6,-1,-1
157,-1,1184.57,311.25,51.72,84.91,56.7,-1,-1
158,-1,834.31,342.46,151.45,243.85,92.9,-1,-1
158,-1,1139.7,391.41,263.12,441.15,90.4,-1,-1
158,-1,193.99,399.16,260.31,417.13,87.0,-1,-1
158,-1,1069.84,315.36,68.66,173.01,86.6,-1,-1
158,-1,1152.87,315.21,77.73,129.56,78.6,-1,-1
158,-1,1180.29,310.76,56.24,86.92,67.2,-1,-1
158,-1,1159.35,312.94,75.2,102.81,26.7,-1,-1
159,-1,832.18,342.7,152.62,243.39,92.5,-1,-1
159,-1,1141.03,390.67,264.36,435.46,90.3,-1,-1
159,-1,1069.3,317.28,70.01,170.71,87.9,-1,-1
159,-1,192.23,400.21,258.71,417.08,85.8,-1,-1
159,-1,1153.85,314.73,72.56,131.12,73.1,-1,-1
159,-1,1175.63,310.39,57.92,89.19,66.9,-1,-1
159,-1,1163.28,312.28,68.33,98.7,30.0,-1,-1
160,-1,831.53,342.48,152.65,243.21,92.5,-1,-1
160,-1,1142.64,388.92,267.71,435.97,90.3,-1,-1
160,-1,1069.78,317.39,69.94,172.1,88.3,-1,-1
160,-1,191.91,399.73,258.71,417.02,83.0,-1,-1
160,-1,1150.06,314.85,75.21,131.42,66.8,-1,-1
160,-1,1173.09,310.2,58.25,86.5,65.1,-1,-1
161,-1,832.4,343.2,152.47,241.43,92.5,-1,-1
161,-1,1144.56,387.72,268.16,442.26,90.0,-1,-1
161,-1,1069.12,318.43,71.39,170.25,88.2,-1,-1
161,-1,190.78,398.84,258.75,419.48,87.6,-1,-1
161,-1,1174.19,310.25,54.31,85.74,62.6,-1,-1
161,-1,1148.84,313.69,71.96,132.86,37.7,-1,-1
161,-1,1146.11,311.51,57.0,125.37,31.7,-1,-1
162,-1,832.48,343.16,152.27,241.57,92.5,-1,-1
162,-1,1144.7,388.06,268.07,442.0,90.2,-1,-1
162,-1,1069.36,318.57,71.25,170.21,88.1,-1,-1
162,-1,190.91,398.85,259.16,419.37,87.6,-1,-1
162,-1,1174.64,310.28,54.2,85.98,62.5,-1,-1
162,-1,1148.74,313.77,72.89,133.16,38.5,-1,-1
162,-1,1146.07,311.57,58.13,125.29,30.4,-1,-1
163,-1,1145.63,384.29,270.7,444.37,92.6,-1,-1
163,-1,831.74,342.52,153.61,242.67,92.4,-1,-1
163,-1,1068.08,317.64,73.45,171.41,89.1,-1,-1
163,-1,191.85,397.77,262.35,422.13,88.6,-1,-1
163,-1,1174.07,310.22,54.25,85.67,66.0,-1,-1
163,-1,1144.87,312.64,48.89,126.92,37.9,-1,-1
164,-1,833.04,343.17,152.65,241.58,92.7,-1,-1
164,-1,1148.15,382.48,271.52,445.72,92.5,-1,-1
164,-1,1069.43,317.85,75.92,170.43,87.8,-1,-1
164,-1,193.83,398.04,263.84,422.03,87.4,-1,-1
164,-1,1173.9,310.17,54.8,85.45,65.7,-1,-1
164,-1,1146.96,310.72,50.57,129.8,40.4,-1,-1
165,-1,835.08,343.24,151.49,240.82,93.0,-1,-1
165,-1,1148.88,383.79,275.26,445.49,91.3,-1,-1
165,-1,1069.94,316.93,76.84,170.25,87.6,-1,-1
165,-1,195.85,397.0,266.56,426.01,86.5,-1,-1
165,-1,1174.32,310.09,51.27,84.99,59.5,-1,-1
165,-1,1159.95,310.72,60.56,95.44,31.1,-1,-1
166,-1,835.25,342.47,152.02,241.36,93.0,-1,-1
166,-1,1150.59,384.39,275.87,443.98,92.0,-1,-1
166,-1,196.47,396.24,266.67,426.87,89.1,-1,-1
166,-1,1069.73,315.51,78.58,170.66,87.2,-1,-1
166,-1,1173.6,309.73,51.67,84.91,61.0,-1,-1
166,-1,1161.92,308.95,55.97,88.56,33.7,-1,-1
167,-1,836.28,342.3,151.15,240.79,93.0,-1,-1
167,-1,1155.54,385.0,272.85,443.72,91.7,-1,-1
167,-1,196.98,397.08,271.61,423.69,88.3,-1,-1
167,-1,1068.78,314.41,84.59,170.74,86.6,-1,-1
167,-1,1173.97,309.86,50.21,84.08,58.4,-1,-1
167,-1,1160.67,309.05,54.78,89.94,32.9,-1,-1
168,-1,836.38,342.33,151.18,240.68,93.1,-1,-1
168,-1,1155.58,384.64,272.94,444.07,91.6,-1,-1
168,-1,1069.18,314.23,84.29,171.01,88.3,-1,-1
168,-1,196.7,397.19,272.07,424.0,88.3,-1,-1
168,-1,1174.41,309.92,50.1,84.23,58.2,-1,-1
168,-1,1160.93,309.09,54.8,90.31,32.0,-1,-1
169,-1,836.97,341.19,152.6,242.18,92.9,-1,-1
169,-1,1159.82,388.78,268.3,440.0,92.0,-1,-1
169,-1,1069.91,313.16,84.71,171.47,88.2,-1,-1
169,-1,196.67,396.64,277.19,426.55,87.2,-1,-1
169,-1,1172.06,309.86,51.54,85.36,58.7,-1,-1
169,-1,1161.17,308.8,55.5,92.14,40.5,-1,-1
170,-1,838.13,341.32,152.65,242.26,92.3,-1,-1
170,-1,1159.78,390.1,270.42,438.11,91.9,-1,-1
170,-1,198.89,398.1,273.84,424.53,87.5,-1,-1
170,-1,1070.57,312.91,88.77,175.09,87.0,-1,-1
170,-1,1170.07,309.84,51.43,88.97,55.7,-1,-1
170,-1,1157.26,310.41,50.1,98.38,28.2,-1,-1
171,-1,1165.85,389.52,266.23,437.97,92.2,-1,-1
171,-1,840.61,341.54,151.55,241.26,91.8,-1,-1
171,-1,199.52,398.41,285.91,426.61,89.2,-1,-1
171,-1,1070.97,312.45,89.04,173.8,88.0,-1,-1
171,-1,1170.87,309.44,49.73,87.06,49.8,-1,-1
171,-1,1161.33,308.5,48.12,94.46,42.9,-1,-1
172,-1,1167.06,392.33,269.48,434.08,91.4,-1,-1
172,-1,842.56,342.53,150.84,240.74,91.4,-1,-1
172,-1,201.41,399.39,286.89,426.15,89.5,-1,-1
172,-1,1070.7,312.55,90.64,173.55,87.9,-1,-1
172,-1,1170.62,309.1,52.88,86.9,55.7,-1,-1
172,-1,1162.76,308.21,50.81,92.26,45.7,-1,-1
173,-1,843.84,344.2,151.09,239.51,91.1,-1,-1
173,-1,1169.8,391.35,268.86,434.95,90.3,-1,-1
173,-1,202.58,399.7,288.42,425.56,89.4,-1,-1
173,-1,1071.25,312.15,90.68,173.89,88.8,-1,-1
173,-1,1169.83,309.34,53.28,88.46,55.1,-1,-1
173,-1,1162.02,308.34,48.54,95.13,44.7,-1,-1
173,-1,203.65,401.61,200.12,357.98,26.2,-1,-1
174,-1,843.97,344.24,150.95,239.45,91.1,-1,-1
174,-1,1169.89,391.3,268.65,434.99,90.3,-1,-1
174,-1,202.59,399.67,288.28,425.59,89.4,-1,-1
174,-1,1071.22,312.14,90.68,173.87,88.7,-1,-1
174,-1,1169.85,309.35,53.37,88.5,55.1,-1,-1
174,-1,1162.1,308.34,48.59,95.26,44.7,-1,-1
174,-1,203.68,401.56,200.02,357.84,26.9,-1,-1
175,-1,845.15,345.07,150.99,238.74,90.9,-1,-1
175,-1,1173.55,389.37,271.09,436.84,90.4,-1,-1
175,-1,1071.59,312.01,92.5,174.21,90.1,-1,-1
175,-1,202.63,398.87,286.4,424.28,90.0,-1,-1
175,-1,1168.98,309.64,52.2,88.51,45.0,-1,-1
175,-1,1160.58,308.6,48.86,94.15,43.8,-1,-1
176,-1,846.3,344.93,150.97,237.93,91.0,-1,-1
176,-1,1175.49,385.58,269.11,439.09,90.3,-1,-1
176,-1,1069.76,312.0,96.06,173.76,89.6,-1,-1
176,-1,203.36,399.5,288.18,424.37,89.5,-1,-1
176,-1,1159.3,308.47,47.74,95.77,40.6,-1,-1
176,-1,1170.14,309.2,52.19,86.33,35.4,-1,-1
177,-1,847.96,345.04,150.17,236.5,91.1,-1,-1
177,-1,1181.97,382.85,269.07,440.22,89.9,-1,-1
177,-1,205.02,401.92,286.04,422.39,89.4,-1,-1
177,-1,1070.95,311.81,97.12,174.51,89.4,-1,-1
177,-1,1170.73,309.6,49.99,85.62,46.7,-1,-1
177,-1,1160.34,308.97,44.62,97.03,40.8,-1,-1
178,-1,1184.79,377.06,269.18,444.71,91.6,-1,-1
178,-1,848.74,344.31,152.24,237.43,91.1,-1,-1
178,-1,206.87,407.7,287.0,417.72,88.7,-1,-1
178,-1,1073.42,311.88,94.02,174.15,88.5,-1,-1
178,-1,1172.04,309.6,46.61,87.1,52.0,-1,-1
178,-1,1163.07,308.96,41.53,99.23,41.3,-1,-1
179,-1,1185.45,377.65,271.54,440.72,91.9,-1,-1
179,-1,850.1,344.07,152.8,237.02,91.1,-1,-1
179,-1,207.54,403.98,285.74,421.5,89.8,-1,-1
179,-1,1073.05,311.85,95.13,173.77,85.9,-1,-1
179,-1,1173.99,309.03,43.44,81.67,51.8,-1,-1
179,-1,1162.81,308.51,40.73,96.41,38.5,-1,-1
179,-1,1147.15,311.14,38.19,109.99,25.1,-1,-1
180,-1,1185.57,377.34,271.66,441.09,91.8,-1,-1
180,-1,849.66,343.92,153.12,237.48,91.1,-1,-1
180,-1,207.41,404.2,285.78,421.1,89.5,-1,-1
180,-1,1073.56,311.89,94.91,174.16,86.6,-1,-1
180,-1,1174.31,309.08,43.2,81.94,51.1,-1,-1
180,-1,1162.96,308.63,39.8,97.13,37.9,-1,-1
180,-1,1147.28,311.22,37.63,110.63,25.4,-1,-1
181,-1,851.21,344.24,152.4,237.4,91.0,-1,-1
181,-1,1186.45,376.82,271.34,440.94,90.9,-1,-1
181,-1,207.57,402.6,283.52,423.59,89.3,-1,-1
181,-1,1074.37,312.45,95.51,174.06,87.6,-1,-1
181,-1,1174.45,309.11,43.17,80.35,45.2,-1,-1
181,-1,1163.27,308.66,38.46,99.12,37.7,-1,-1
182,-1,852.18,344.93,152.67,237.49,90.8,-1,-1
182,-1,1189.06,374.81,272.84,442.83,90.2,-1,-1
182,-1,209.57,405.64,283.33,422.83,88.1,-1,-1
182,-1,1074.67,312.55,95.07,173.06,85.5,-1,-1
182,-1,1175.02,309.26,42.99,80.43,39.1,-1,-1
182,-1,1161.62,308.77,38.29,104.68,35.0,-1,-1
182,-1,210.21,408.99,195.82,342.49,33.3,-1,-1
182,-1,1146.97,311.89,37.47,118.63,26.5,-1,-1
183,-1,1190.35,376.84,271.6,439.34,90.7,-1,-1
183,-1,853.04,344.58,152.56,238.1,90.5,-1,-1
183,-1,1075.5,312.68,95.84,172.47,84.1,-1,-1
183,-1,211.92,403.33,280.65,426.78,81.6,-1,-1
183,-1,211.57,407.63,199.34,347.48,54.9,-1,-1
183,-1,1176.06,309.38,41.56,84.57,39.0,-1,-1
183,-1,1162.12,309.23,35.73,107.95,33.3,-1,-1
183,-1,1147.43,311.99,36.75,123.05,28.4,-1,-1
184,-1,1191.34,376.75,273.74,437.95,90.9,-1,-1
184,-1,853.98,346.22,152.27,237.75,90.3,-1,-1
184,-1,1075.09,312.51,96.38,172.53,84.5,-1,-1
184,-1,211.59,405.56,258.17,411.42,77.7,-1,-1
184,-1,212.37,406.07,203.1,352.34,60.0,-1,-1
184,-1,1176.15,309.61,39.81,82.91,38.5,-1,-1
184,-1,1163.62,309.03,33.05,106.42,32.1,-1,-1
185,-1,1194.29,379.57,272.67,438.17,91.4,-1,-1
185,-1,854.79,345.29,152.84,236.74,90.1,-1,-1
185,-1,1074.37,312.44,96.74,172.21,84.2,-1,-1
185,-1,214.11,400.57,281.29,427.6,80.7,-1,-1
185,-1,213.25,403.5,203.66,357.82,53.0,-1,-1
185,-1,1175.46,309.88,39.29,87.6,42.4,-1,-1
185,-1,1163.91,309.12,33.95,111.94,36.1,-1,-1
186,-1,1194.08,379.52,272.91,438.37,91.4,-1,-1
186,-1,854.86,345.35,152.92,236.76,90.1,-1,-1
186,-1,1074.29,312.46,96.43,172.01,84.0,-1,-1
186,-1,214.89,400.48,278.78,426.49,79.9,-1,-1
186,-1,212.79,405.43,204.54,370.93,55.1,-1,-1
186,-1,1175.76,309.83,38.74,87.84,42.2,-1,-1
186,-1,1164.15,309.05,33.46,111.7,34.8,-1,-1
187,-1,1198.32,381.39,271.72,437.39,92.1,-1,-1
187,-1,858.0,346.73,150.43,236.95,89.8,-1,-1
187,-1,215.6,400.11,282.98,427.32,88.1,-1,-1
187,-1,1076.73,312.84,95.05,173.35,83.6,-1,-1
187,-1,1176.11,310.0,41.33,85.93,51.8,-1,-1
187,-1,214.16,404.07,210.03,376.35,44.2,-1,-1
187,-1,1164.18,309.3,38.29,107.88,35.6,-1,-1
187,-1,1170.76,310.26,37.76,102.33,25.1,-1,-1
188,-1,1199.4,382.91,270.58,436.65,92.1,-1,-1
188,-1,858.66,346.38,150.63,235.37,89.8,-1,-1
188,-1,215.05,399.5,284.98,427.63,89.7,-1,-1
188,-1,1077.06,312.8,92.95,173.26,83.8,-1,-1
188,-1,1176.41,310.0,41.92,85.15,49.6,-1,-1
188,-1,1164.2,309.06,38.65,107.86,35.5,-1,-1
189,-1,1202.97,383.78,267.75,436.58,92.2,-1,-1
189,-1,216.56,399.26,285.34,425.51,89.6,-1,-1
189,-1,859.6,344.22,151.05,239.78,89.5,-1,-1
189,-1,1076.83,312.59,93.4,172.7,84.9,-1,-1
189,-1,1178.07,310.36,44.35,88.09,45.3,-1,-1
189,-1,1162.94,309.45,41.09,105.79,28.8,-1,-1
190,-1,1208.38,385.77,264.15,435.51,91.8,-1,-1
190,-1,861.04,345.46,151.6,237.01,90.5,-1,-1
190,-1,217.77,399.36,286.29,426.27,89.5,-1,-1
190,-1,1076.53,312.46,93.19,171.34,85.1,-1,-1
190,-1,1178.16,310.41,45.85,89.77,45.5,-1,-1
190,-1,1163.76,313.36,43.67,122.61,27.8,-1,-1
190,-1,1171.75,311.64,46.7,111.03,25.9,-1,-1
191,-1,1207.91,386.42,265.1,435.42,91.5,-1,-1
191,-1,861.57,345.71,150.84,236.32,90.6,-1,-1
191,-1,218.1,401.14,286.18,425.69,89.2,-1,-1
191,-1,1075.93,312.39,93.62,171.81,84.7,-1,-1
191,-1,1162.86,312.76,47.11,123.49,42.0,-1,-1
191,-1,1176.5,310.41,44.96,99.0,41.6,-1,-1
192,-1,1208.11,386.5,264.73,435.15,91.4,-1,-1
192,-1,861.36,345.6,151.16,236.45,90.6,-1,-1
192,-1,218.23,401.19,286.38,425.62,88.8,-1,-1
192,-1,1075.96,312.49,93.7,171.78,84.6,-1,-1
192,-1,1162.46,312.97,46.53,123.54,42.9,-1,-1
192,-1,1176.85,310.64,43.86,98.52,40.3,-1,-1
193,-1,1208.81,386.7,265.16,434.48,90.9,-1,-1
193,-1,862.94,345.01,149.66,237.9,89.5,-1,-1
193,-1,217.72,401.22,287.81,425.94,88.2,-1,-1
193,-1,1076.68,312.02,94.31,172.38,84.4,-1,-1
193,-1,1162.81,312.75,46.22,123.54,51.7,-1,-1
193,-1,1174.77,310.61,44.98,107.15,39.6,-1,-1
194,-1,1211.92,388.56,264.8,430.91,90.9,-1,-1
194,-1,864.8,345.0,148.2,237.46,90.3,-1,-1
194,-1,217.21,401.32,291.25,425.15,88.1,-1,-1
194,-1,1077.21,312.21,94.68,172.57,83.9,-1,-1
194,-1,1162.1,313.08,49.69,123.06,55.2,-1,-1
194,-1,1173.71,310.83,46.85,109.6,35.6,-1,-1
195,-1,1213.81,389.55,264.06,429.1,91.1,-1,-1
195,-1,866.23,345.18,147.74,236.66,89.7,-1,-1
195,-1,216.74,401.2,294.69,424.89,87.6,-1,-1
195,-1,1077.45,312.55,95.66,172.2,83.6,-1,-1
195,-1,1160.06,313.67,53.5,122.18,61.8,-1,-1
195,-1,1173.08,310.86,46.56,110.48,33.3,-1,-1
196,-1,868.53,345.1,147.3,235.48,91.7,-1,-1
196,-1,1217.29,391.8,264.39,426.44,91.0,-1,-1
196,-1,215.97,401.79,296.68,424.13,87.6,-1,-1
196,-1,1077.69,312.46,96.97,172.66,83.2,-1,-1
196,-1,1160.88,313.25,54.65,123.17,65.6,-1,-1
196,-1,1172.45,310.79,48.08,114.08,34.5,-1,-1
197,-1,868.78,344.82,148.0,235.2,90.8,-1,-1
197,-1,1217.09,391.26,264.59,427.97,90.6,-1,-1
197,-1,216.27,402.71,294.57,422.17,86.8,-1,-1
197,-1,1077.94,311.44,97.28,173.47,83.2,-1,-1
197,-1,1160.78,312.41,55.45,123.31,59.3,-1,-1
198,-1,868.79,344.82,148.0,235.18,90.7,-1,-1
198,-1,1217.05,391.28,264.64,427.96,90.7,-1,-1
198,-1,216.14,402.84,294.88,422.1,86.9,-1,-1
198,-1,1077.91,311.43,97.18,173.49,83.3,-1,-1
198,-1,1160.76,312.37,55.39,123.32,59.3,-1,-1
199,-1,871.09,344.63,146.76,235.2,91.1,-1,-1
199,-1,1218.15,390.58,262.52,428.08,91.0,-1,-1
199,-1,215.85,403.06,295.21,426.24,86.0,-1,-1
199,-1,1078.3,310.95,95.61,172.57,82.8,-1,-1
199,-1,1159.12,311.61,57.3,122.45,59.9,-1,-1
200,-1,1221.13,389.0,259.07,431.03,91.2,-1,-1
200,-1,871.06,344.07,146.99,236.38,91.1,-1,-1
200,-1,216.07,403.06,293.28,425.56,86.3,-1,-1
200,-1,1080.24,313.31,93.56,169.2,83.0,-1,-1
200,-1,1158.96,312.23,62.75,122.75,65.3,-1,-1
201,-1,1223.43,390.62,257.88,433.52,91.2,-1,-1
201,-1,871.22,344.52,148.01,235.88,90.8,-1,-1
201,-1,1081.2,314.04,94.28,167.76,85.5,-1,-1
201,-1,216.09,401.91,294.64,428.89,85.4,-1,-1
201,-1,1158.8,312.98,67.27,122.05,67.1,-1,-1
202,-1,1226.19,390.38,255.88,432.84,91.8,-1,-1
202,-1,872.49,344.84,147.27,235.45,90.8,-1,-1
202,-1,1082.61,314.06,95.4,167.22,88.1,-1,-1
202,-1,216.94,401.63,291.64,428.59,85.7,-1,-1
202,-1,1156.25,312.26,71.71,121.46,72.7,-1,-1
203,-1,1229.78,390.51,259.0,433.96,92.5,-1,-1
203,-1,872.55,344.94,147.17,235.11,91.1,-1,-1
203,-1,1082.91,314.51,94.93,166.21,89.1,-1,-1
203,-1,216.35,400.8,296.74,432.2,87.3,-1,-1
203,-1,1155.69,312.16,73.82,121.04,72.2,-1,-1
204,-1,1229.07,390.6,259.12,433.64,92.5,-1,-1
204,-1,872.59,344.99,146.97,234.94,90.9,-1,-1
204,-1,1082.41,314.5,94.88,166.17,88.7,-1,-1
204,-1,216.54,400.81,296.77,432.41,87.5,-1,-1
204,-1,1155.54,312.28,73.92,121.35,73.1,-1,-1
205,-1,1230.38,389.35,257.66,434.98,92.1,-1,-1
205,-1,874.11,344.41,146.01,236.07,91.2,-1,-1
205,-1,1083.68,314.23,95.28,166.8,88.5,-1,-1
205,-1,217.12,401.24,299.39,433.79,87.6,-1,-1
205,-1,1155.89,311.2,71.39,122.06,73.1,-1,-1
206,-1,1231.65,389.09,257.75,436.11,91.8,-1,-1
206,-1,874.07,344.06,146.87,236.7,91.3,-1,-1
206,-1,1084.94,313.94,95.13,167.23,89.3,-1,-1
206,-1,216.29,401.91,298.03,430.95,86.6,-1,-1
206,-1,1157.25,311.45,70.48,122.55,72.3,-1,-1
207,-1,1234.43,389.24,256.51,437.49,91.9,-1,-1
207,-1,875.66,344.32,145.97,235.73,91.7,-1,-1
207,-1,1086.7,313.71,95.8,167.8,90.5,-1,-1
207,-1,216.89,401.29,288.42,429.1,88.1,-1,-1
207,-1,1156.56,310.51,71.68,124.37,73.9,-1,-1
208,-1,1235.57,389.8,257.0,436.61,91.5,-1,-1
208,-1,875.0,344.26,146.62,235.73,91.5,-1,-1
208,-1,1086.46,313.67,95.34,167.79,90.7,-1,-1
208,-1,214.93,401.88,293.45,429.41,88.6,-1,-1
208,-1,1156.91,310.76,71.12,123.94,73.9,-1,-1
209,-1,875.89,343.95,146.06,235.9,91.6,-1,-1
209,-1,1086.54,313.57,96.81,167.87,90.9,-1,-1
209,-1,1238.79,390.78,258.28,435.83,90.9,-1,-1
209,-1,215.67,402.12,292.84,432.26,88.8,-1,-1
209,-1,1157.89,310.91,71.58,123.19,73.4,-1,-1
210,-1,875.85,343.9,146.2,236.19,91.6,-1,-1
210,-1,1086.74,313.62,96.78,167.92,90.8,-1,-1
210,-1,1238.88,390.76,257.67,435.82,90.7,-1,-1
210,-1,215.73,402.17,292.81,431.99,88.8,-1,-1
210,-1,1158.45,311.07,70.8,123.09,72.5,-1,-1
210,-1,1160.07,308.54,55.79,112.67,35.4,-1,-1
211,-1,876.07,343.62,146.13,235.92,91.8,-1,-1
211,-1,1237.34,390.73,261.64,435.12,91.3,-1,-1
211,-1,1086.91,313.88,96.4,166.94,90.3,-1,-1
211,-1,215.52,403.5,296.44,432.35,88.6,-1,-1
211,-1,1158.86,311.0,70.43,123.99,76.9,-1,-1
212,-1,1237.07,390.3,263.87,429.31,91.7,-1,-1
212,-1,875.47,342.36,147.57,238.32,91.1,-1,-1
212,-1,1087.3,313.95,96.24,166.56,89.7,-1,-1
212,-1,213.64,405.9,293.91,428.33,88.1,-1,-1
212,-1,1161.8,310.75,66.16,124.16,76.5,-1,-1
213,-1,1237.67,390.05,265.81,430.96,91.7,-1,-1
213,-1,876.18,342.53,147.25,237.81,91.6,-1,-1
213,-1,1087.85,314.27,95.43,166.35,89.5,-1,-1
213,-1,213.45,403.56,294.48,431.3,87.4,-1,-1
213,-1,1161.96,310.6,66.02,124.31,76.7,-1,-1
213,-1,1180.83,309.3,52.06,94.79,29.0,-1,-1
214,-1,876.66,342.36,146.83,238.23,92.1,-1,-1
214,-1,1238.14,390.02,264.15,437.09,91.5,-1,-1
214,-1,1087.76,313.91,95.24,165.87,89.2,-1,-1
214,-1,211.05,404.49,297.66,430.51,87.8,-1,-1
214,-1,1162.42,310.28,63.98,123.46,77.0,-1,-1
214,-1,1177.89,309.3,53.22,102.34,28.8,-1,-1
215,-1,877.41,342.26,146.08,237.6,92.3,-1,-1
215,-1,1238.04,389.74,264.06,437.48,91.2,-1,-1
215,-1,1087.61,313.38,94.52,165.55,89.0,-1,-1
215,-1,210.2,405.22,297.73,429.81,86.8,-1,-1
215,-1,1165.03,310.35,61.32,122.16,70.9,-1,-1
215,-1,1176.39,309.47,55.26,108.31,34.9,-1,-1
215,-1,210.49,409.67,215.88,344.86,28.6,-1,-1
215,-1,1163.54,308.65,49.76,113.65,27.1,-1,-1
216,-1,877.73,342.44,145.75,237.41,92.4,-1,-1
216,-1,1238.41,389.56,263.98,437.74,91.1,-1,-1
216,-1,1087.96,313.44,94.31,165.45,89.0,-1,-1
216,-1,210.15,404.79,297.92,430.43,87.1,-1,-1
216,-1,1165.03,310.61,61.73,122.02,71.4,-1,-1
216,-1,1176.99,309.6,54.9,106.82,36.0,-1,-1
216,-1,210.46,409.2,215.29,345.37,28.7,-1,-1
216,-1,1163.45,308.73,49.89,113.17,26.5,-1,-1
217,-1,877.96,342.88,145.72,236.86,92.6,-1,-1
217,-1,1238.85,389.5,259.65,437.93,91.0,-1,-1
217,-1,1087.5,312.88,93.59,165.64,89.0,-1,-1
217,-1,209.34,403.51,296.83,431.77,87.2,-1,-1
217,-1,1166.1,310.09,57.97,123.02,69.2,-1,-1
217,-1,1176.48,309.28,54.85,109.67,39.0,-1,-1
217,-1,209.88,407.5,213.9,350.12,27.0,-1,-1
218,-1,877.55,343.12,145.91,236.37,92.6,-1,-1
218,-1,1239.76,389.74,259.69,436.54,91.3,-1,-1
218,-1,1087.76,312.7,92.72,165.66,88.6,-1,-1
218,-1,206.59,404.23,300.75,431.19,85.0,-1,-1
218,-1,1165.38,309.86,58.27,123.49,66.7,-1,-1
218,-1,207.68,408.0,217.87,347.7,43.8,-1,-1
218,-1,1176.31,309.21,55.1,109.63,38.9,-1,-1
219,-1,877.32,342.99,146.45,236.46,92.4,-1,-1
219,-1,1239.52,389.7,262.07,436.89,91.4,-1,-1
219,-1,1087.41,312.66,93.53,165.99,88.4,-1,-1
219,-1,205.74,404.52,300.28,430.34,83.2,-1,-1
219,-1,1164.05,309.61,59.91,123.59,69.0,-1,-1
219,-1,206.35,408.42,224.51,349.91,51.7,-1,-1
219,-1,1175.03,308.91,56.36,110.47,38.0,-1,-1
220,-1,877.73,343.36,146.49,235.35,92.3,-1,-1
220,-1,1240.05,389.64,265.27,438.37,91.2,-1,-1
220,-1,1087.67,312.42,92.59,165.49,88.7,-1,-1
220,-1,204.96,402.99,303.22,432.08,86.3,-1,-1
220,-1,1165.35,309.01,57.67,123.77,62.8,-1,-1
220,-1,205.62,406.62,223.02,349.22,43.7,-1,-1
220,-1,1175.29,308.89,55.87,111.01,39.3,-1,-1
221,-1,877.64,343.25,147.16,234.66,91.8,-1,-1
221,-1,1240.76,388.96,264.44,438.43,89.9,-1,-1
221,-1,1086.61,312.12,92.04,164.34,87.8,-1,-1
221,-1,204.53,402.62,302.76,431.16,87.3,-1,-1
221,-1,1164.65,308.11,58.26,123.69,67.4,-1,-1
221,-1,205.16,406.08,222.68,350.22,30.2,-1,-1
222,-1,877.67,343.24,147.16,234.64,91.8,-1,-1
222,-1,1240.73,389.05,264.42,438.3,90.1,-1,-1
222,-1,1086.87,312.25,92.07,164.3,87.9,-1,-1
222,-1,204.33,402.55,302.87,431.24,87.4,-1,-1
222,-1,1164.91,308.22,58.29,123.9,67.2,-1,-1
222,-1,205.0,405.9,223.45,350.66,29.7,-1,-1
223,-1,877.19,343.27,148.32,234.49,91.7,-1,-1
223,-1,1242.4,388.29,265.44,439.27,90.2,-1,-1
223,-1,1086.45,312.45,91.94,163.62,87.6,-1,-1
223,-1,203.72,403.36,302.3,428.95,86.6,-1,-1
223,-1,1164.25,308.26,58.62,123.66,68.4,-1,-1
224,-1,877.55,343.34,147.84,234.12,91.8,-1,-1
224,-1,1239.43,386.5,267.57,432.3,91.3,-1,-1
224,-1,1087.67,312.45,92.41,163.08,87.7,-1,-1
224,-1,202.06,404.06,303.72,430.5,85.6,-1,-1
224,-1,1165.45,309.34,59.4,122.95,64.5,-1,-1
224,-1,1174.63,308.77,54.98,109.09,43.9,-1,-1
225,-1,878.06,343.59,147.59,233.3,91.9,-1,-1
225,-1,1243.87,387.25,263.74,438.53,90.3,-1,-1
225,-1,1087.25,312.3,91.6,162.61,87.2,-1,-1
225,-1,202.32,405.33,303.13,431.21,86.0,-1,-1
225,-1,1165.44,309.19,59.64,122.75,66.0,-1,-1
225,-1,1174.9,308.62,54.9,107.59,41.6,-1,-1
226,-1,878.93,343.6,146.58,232.19,91.7,-1,-1
226,-1,1239.09,387.0,268.12,437.36,90.2,-1,-1
226,-1,1087.92,312.42,91.35,162.77,87.6,-1,-1
226,-1,199.18,403.45,304.69,431.71,84.3,-1,-1
226,-1,1164.71,309.24,61.44,122.94,67.8,-1,-1
226,-1,1175.29,308.6,55.84,104.84,42.0,-1,-1
227,-1,880.0,343.55,145.85,234.02,91.1,-1,-1
227,-1,1238.26,386.65,268.78,436.04,90.2,-1,-1
227,-1,198.02,401.9,302.47,430.75,87.5,-1,-1
227,-1,1088.35,312.38,91.24,162.58,87.4,-1,-1
227,-1,1165.02,309.28,62.17,123.72,68.5,-1,-1
227,-1,1175.62,308.65,55.84,107.33,40.4,-1,-1
228,-1,879.92,343.7,145.92,233.93,91.1,-1,-1
228,-1,1239.22,384.54,269.3,441.31,90.6,-1,-1
228,-1,198.27,402.6,302.36,430.21,87.5,-1,-1
228,-1,1088.68,312.42,91.33,162.83,87.4,-1,-1
228,-1,1165.27,309.27,62.16,123.85,65.9,-1,-1
228,-1,1175.86,308.58,56.25,107.46,42.4,-1,-1
229,-1,1240.46,385.23,269.19,440.65,92.8,-1,-1
229,-1,880.14,343.36,145.68,233.95,91.3,-1,-1
229,-1,195.88,404.79,309.32,428.51,87.5,-1,-1
229,-1,1089.21,312.71,90.04,161.56,86.8,-1,-1
229,-1,1164.86,309.46,61.29,123.03,65.0,-1,-1
229,-1,1176.39,308.73,56.5,103.87,45.1,-1,-1
230,-1,1240.21,385.1,267.63,441.89,91.4,-1,-1
230,-1,880.34,343.05,145.67,234.47,91.3,-1,-1
230,-1,1089.28,312.42,89.32,161.07,87.0,-1,-1
230,-1,194.5,403.27,307.74,428.45,85.8,-1,-1
230,-1,1164.06,308.95,62.39,122.88,67.9,-1,-1
230,-1,1174.88,308.37,56.81,106.6,43.3,-1,-1
231,-1,880.24,342.57,146.22,235.21,91.5,-1,-1
231,-1,1239.41,385.73,267.04,440.74,90.0,-1,-1
231,-1,192.76,401.79,307.78,431.49,87.5,-1,-1
231,-1,1089.42,312.45,89.99,160.27,87.0,-1,-1
231,-1,1165.18,308.95,60.43,122.13,62.3,-1,-1
231,-1,1174.92,308.47,57.57,108.56,43.2,-1,-1
232,-1,880.54,342.36,145.95,235.55,91.5,-1,-1
232,-1,1239.74,387.9,265.7,426.76,89.5,-1,-1
232,-1,191.67,402.45,311.27,433.33,88.3,-1,-1
232,-1,1089.64,312.69,90.07,159.53,87.3,-1,-1
232,-1,1163.75,309.36,62.99,121.4,61.6,-1,-1
232,-1,1174.27,308.63,58.6,109.96,43.6,-1,-1
233,-1,882.02,342.26,145.37,235.41,91.9,-1,-1
233,-1,1242.1,386.44,267.72,440.59,91.8,-1,-1
233,-1,191.41,403.16,310.34,431.97,88.7,-1,-1
233,-1,1090.21,312.75,90.37,159.58,87.7,-1,-1
233,-1,1163.82,309.59,64.03,121.34,61.2,-1,-1
233,-1,1174.3,308.8,59.85,108.74,44.6,-1,-1
234,-1,882.03,342.15,145.37,235.58,91.9,-1,-1
234,-1,1242.22,386.7,267.67,440.21,91.7,-1,-1
234,-1,191.56,403.36,310.47,431.93,88.5,-1,-1
234,-1,1090.46,312.86,90.3,159.53,87.8,-1,-1
234,-1,1163.76,309.77,64.28,121.14,61.2,-1,-1
234,-1,1174.35,308.92,60.0,109.19,44.3,-1,-1
235,-1,882.03,341.88,146.55,235.94,92.2,-1,-1
235,-1,1242.0,386.16,267.18,440.83,91.6,-1,-1
235,-1,191.51,403.04,309.05,429.89,88.7,-1,-1
235,-1,1090.5,312.68,90.2,159.16,87.8,-1,-1
235,-1,1164.13,309.57,63.01,120.86,61.3,-1,-1
235,-1,1174.65,308.7,59.13,109.18,44.0,-1,-1
236,-1,882.86,342.12,146.29,235.02,92.5,-1,-1
236,-1,1242.12,386.06,267.86,440.44,92.0,-1,-1
236,-1,191.02,404.11,305.66,424.62,88.7,-1,-1
236,-1,1091.19,313.01,90.9,159.19,87.9,-1,-1
236,-1,1163.01,310.22,64.18,119.9,60.7,-1,-1
236,-1,1176.07,309.0,59.45,105.28,44.0,-1,-1
237,-1,883.51,342.32,145.45,234.31,92.5,-1,-1
237,-1,1242.42,385.79,267.82,439.11,91.9,-1,-1
237,-1,1090.87,313.17,90.53,159.14,88.4,-1,-1
237,-1,190.53,403.77,303.07,425.21,84.4,-1,-1
237,-1,1162.77,310.24,65.69,119.85,62.0,-1,-1
237,-1,1176.35,308.97,59.12,105.02,43.1,-1,-1
238,-1,883.71,342.82,145.1,233.81,92.4,-1,-1
238,-1,1240.55,385.92,268.93,438.79,91.7,-1,-1
238,-1,188.12,404.24,312.53,429.98,89.3,-1,-1
238,-1,1090.28,313.66,90.4,158.81,88.3,-1,-1
238,-1,1159.64,310.49,71.18,119.69,64.9,-1,-1
238,-1,1177.58,308.91,58.58,102.98,40.5,-1,-1
239,-1,882.35,342.34,147.54,235.07,92.2,-1,-1
239,-1,1241.49,385.64,265.92,439.8,90.0,-1,-1
239,-1,187.84,403.19,315.69,431.62,88.9,-1,-1
239,-1,1088.99,313.66,90.72,157.72,87.7,-1,-1
239,-1,1160.62,310.35,69.65,118.94,61.4,-1,-1
239,-1,1176.96,308.74,59.12,101.7,45.9,-1,-1
240,-1,882.07,342.62,147.79,234.78,92.2,-1,-1
240,-1,1241.64,385.52,266.14,440.16,90.9,-1,-1
240,-1,187.24,403.96,315.23,431.47,89.0,-1,-1
240,-1,1088.91,313.64,90.76,157.69,87.9,-1,-1
240,-1,1160.47,310.36,69.88,119.1,61.6,-1,-1
240,-1,1177.16,308.75,59.02,101.66,46.0,-1,-1
241,-1,882.67,342.78,147.1,234.01,92.2,-1,-1
241,-1,1242.66,385.5,264.28,439.66,90.2,-1,-1
241,-1,187.82,404.93,316.47,430.99,89.6,-1,-1
241,-1,1087.9,313.53,90.71,157.65,87.8,-1,-1
241,-1,1157.28,310.14,74.14,119.17,69.9,-1,-1
241,-1,1178.76,308.58,56.82,98.57,38.9,-1,-1
242,-1,883.39,342.44,147.35,234.04,92.2,-1,-1
242,-1,1242.73,385.18,266.66,439.71,91.9,-1,-1
242,-1,186.37,403.31,317.2,432.9,90.0,-1,-1
242,-1,1087.1,313.1,89.11,156.98,86.9,-1,-1
242,-1,1155.88,309.62,75.99,119.79,74.1,-1,-1
242,-1,1177.14,308.57,57.67,100.39,31.7,-1,-1
243,-1,884.22,342.56,146.51,232.95,92.3,-1,-1
243,-1,1242.03,384.88,268.82,438.39,91.6,-1,-1
243,-1,185.31,403.98,319.7,431.98,89.6,-1,-1
243,-1,1087.7,312.97,90.62,157.34,87.5,-1,-1
243,-1,1156.36,309.69,76.53,119.96,71.6,-1,-1
243,-1,1177.71,308.53,57.63,101.3,31.7,-1,-1
244,-1,885.06,341.24,145.95,234.59,92.5,-1,-1
244,-1,1242.08,384.73,270.05,439.04,91.6,-1,-1
244,-1,184.28,404.19,320.88,430.94,89.5,-1,-1
244,-1,1088.05,312.64,89.63,157.41,88.4,-1,-1
244,-1,1156.99,309.52,75.31,120.65,72.7,-1,-1
244,-1,1176.77,308.41,58.5,104.07,28.3,-1,-1
245,-1,885.85,340.48,144.82,234.92,92.4,-1,-1
245,-1,1242.61,384.05,269.33,439.44,91.4,-1,-1
245,-1,182.17,402.91,322.44,432.56,89.6,-1,-1
245,-1,1088.69,312.54,89.73,157.05,88.2,-1,-1
245,-1,1158.45,309.44,74.13,120.96,71.0,-1,-1
245,-1,1176.49,308.57,58.77,104.34,26.6,-1,-1
246,-1,885.81,340.49,144.86,234.92,92.4,-1,-1
246,-1,1242.45,384.19,269.42,439.25,91.3,-1,-1
246,-1,182.01,402.89,322.62,432.66,89.5,-1,-1
246,-1,1088.68,312.52,89.73,157.02,88.2,-1,-1
246,-1,1158.43,309.39,74.18,120.97,70.9,-1,-1
246,-1,1176.47,308.54,58.83,104.26,26.8,-1,-1
247,-1,886.03,340.49,145.13,234.53,92.6,-1,-1
247,-1,1242.82,382.8,271.03,440.06,91.4,-1,-1
247,-1,181.45,404.05,321.63,430.46,89.2,-1,-1
247,-1,1089.15,312.36,88.83,156.1,88.8,-1,-1
247,-1,1157.3,308.44,75.5,121.48,70.8,-1,-1
248,-1,886.29,340.45,145.45,234.51,92.6,-1,-1
248,-1,1243.02,383.48,270.89,440.07,90.6,-1,-1
248,-1,179.37,403.93,322.87,429.91,89.0,-1,-1
248,-1,1088.34,312.44,88.22,155.72,88.1,-1,-1
248,-1,1158.04,308.44,72.08,121.09,65.7,-1,-1
248,-1,1175.55,308.13,59.42,102.17,29.3,-1,-1
249,-1,886.25,340.54,145.64,234.38,92.5,-1,-1
249,-1,1244.64,382.15,270.81,440.64,91.6,-1,-1
249,-1,178.36,403.63,321.79,427.56,88.0,-1,-1
249,-1,1088.02,312.36,89.38,155.32,87.9,-1,-1
249,-1,1158.69,308.14,72.2,120.85,64.3,-1,-1
249,-1,1173.89,308.16,60.82,105.35,26.7,-1,-1
250,-1,886.24,340.06,145.91,234.83,92.5,-1,-1
250,-1,1244.94,382.26,270.39,439.39,92.1,-1,-1
250,-1,1088.83,312.39,89.53,156.03,87.4,-1,-1
250,-1,178.22,402.45,319.23,425.19,86.4,-1,-1
250,-1,1159.35,308.98,72.03,119.23,60.3,-1,-1
250,-1,1174.83,308.3,60.12,104.93,26.0,-1,-1
251,-1,886.38,339.91,146.48,233.66,92.4,-1,-1
251,-1,1244.58,381.62,272.85,439.48,91.5,-1,-1
251,-1,1088.78,311.96,87.82,155.3,87.3,-1,-1
251,-1,179.01,401.3,316.43,428.77,85.5,-1,-1
251,-1,1161.29,308.89,70.01,119.87,60.8,-1,-1
251,-1,1174.97,308.06,59.64,107.92,25.3,-1,-1
252,-1,886.36,339.89,146.49,233.45,92.4,-1,-1
252,-1,1244.41,381.63,273.17,439.16,91.4,-1,-1
252,-1,1088.82,312.05,87.17,155.03,87.3,-1,-1
252,-1,179.14,401.32,316.42,428.94,85.4,-1,-1
252,-1,1161.36,308.06,68.8,121.08,62.3,-1,-1
253,-1,886.65,339.33,147.11,233.94,92.3,-1,-1
253,-1,1243.93,380.69,271.88,438.54,91.6,-1,-1
253,-1,1089.27,311.75,87.33,155.08,86.8,-1,-1
253,-1,178.4,402.61,315.06,426.57,86.5,-1,-1
253,-1,1159.1,308.49,71.07,119.33,60.5,-1,-1
254,-1,1244.4,379.64,271.9,436.63,92.7,-1,-1
254,-1,886.47,339.49,148.05,233.45,92.3,-1,-1
254,-1,1088.93,311.58,87.84,155.46,87.9,-1,-1
254,-1,177.29,403.11,313.31,426.23,86.0,-1,-1
254,-1,1158.64,308.47,70.32,118.72,60.9,-1,-1
254,-1,1175.59,307.7,59.14,103.87,25.8,-1,-1
255,-1,1245.44,379.28,270.9,436.43,92.9,-1,-1
255,-1,886.84,339.64,147.92,232.63,92.2,-1,-1
255,-1,1089.7,311.69,88.77,154.52,86.8,-1,-1
255,-1,176.18,402.59,300.52,420.84,83.3,-1,-1
255,-1,1158.55,308.65,72.52,118.15,61.0,-1,-1
255,-1,1176.55,307.72,59.15,101.75,26.9,-1,-1
256,-1,1246.2,378.55,271.12,434.77,93.5,-1,-1
256,-1,886.94,339.2,148.17,233.16,92.1,-1,-1
256,-1,1089.41,311.59,89.42,154.35,86.7,-1,-1
256,-1,174.05,407.2,284.96,408.47,82.9,-1,-1
256,-1,1158.9,308.16,70.15,117.64,60.6,-1,-1
256,-1,1176.02,307.45,59.2,100.94,27.6,-1,-1
257,-1,1245.86,377.29,271.85,436.44,94.0,-1,-1
257,-1,886.94,338.78,147.98,233.56,92.2,-1,-1
257,-1,1090.57,311.48,89.49,154.56,85.0,-1,-1
257,-1,173.76,400.98,303.7,421.68,81.9,-1,-1
257,-1,1159.7,308.43,71.38,116.94,58.2,-1,-1
257,-1,1177.6,307.38,58.59,98.63,29.9,-1,-1
258,-1,1246.14,377.37,271.54,436.4,94.1,-1,-1
258,-1,887.07,338.8,147.89,233.49,92.3,-1,-1
258,-1,1090.63,311.55,89.38,154.64,85.2,-1,-1
258,-1,173.63,401.59,303.05,421.13,81.8,-1,-1
258,-1,1160.2,308.37,70.67,116.89,57.8,-1,-1
258,-1,1177.93,307.36,58.28,98.53,31.3,-1,-1
259,-1,1245.44,376.37,272.28,437.61,93.4,-1,-1
259,-1,887.17,338.86,147.8,233.39,92.5,-1,-1
259,-1,172.57,402.58,314.77,424.78,85.5,-1,-1
259,-1,1090.63,311.43,89.84,154.9,85.1,-1,-1
259,-1,1158.98,308.31,72.85,116.64,59.1,-1,-1
259,-1,1174.54,307.56,60.97,99.49,28.0,-1,-1
260,-1,1245.82,375.13,270.97,437.34,94.2,-1,-1
260,-1,887.17,338.27,148.05,233.84,92.5,-1,-1
260,-1,1089.97,311.54,88.78,154.44,85.4,-1,-1
260,-1,171.43,401.71,316.39,424.77,85.2,-1,-1
260,-1,1158.1,308.42,73.33,116.58,61.1,-1,-1
260,-1,1174.44,307.78,60.72,100.44,26.4,-1,-1
261,-1,1244.84,373.62,272.01,439.04,93.9,-1,-1
261,-1,887.08,337.84,147.77,234.25,92.5,-1,-1
261,-1,1089.59,311.53,88.12,153.45,84.9,-1,-1
261,-1,170.55,402.87,316.1,420.79,82.9,-1,-1
261,-1,1158.59,307.6,72.03,115.9,62.2,-1,-1
261,-1,1174.91,307.1,60.67,98.92,33.5,-1,-1
262,-1,1245.51,372.28,270.07,439.2,93.5,-1,-1
262,-1,887.18,337.74,147.72,233.33,92.5,-1,-1
262,-1,169.58,402.73,317.34,423.85,85.1,-1,-1
262,-1,1088.73,311.36,88.64,152.78,85.1,-1,-1
262,-1,1158.55,306.47,73.17,115.61,65.1,-1,-1
262,-1,1171.44,306.57,63.45,98.74,34.6,-1,-1
263,-1,1243.64,371.01,272.81,439.59,92.9,-1,-1
263,-1,887.16,337.59,147.67,232.61,92.4,-1,-1
263,-1,168.7,403.1,319.39,426.37,86.0,-1,-1
263,-1,1088.54,311.38,88.44,152.39,85.0,-1,-1
263,-1,1157.99,306.22,72.69,115.51,64.7,-1,-1
263,-1,1171.34,306.45,63.0,99.31,32.0,-1,-1
264,-1,1243.7,371.02,273.21,439.76,92.7,-1,-1
264,-1,887.08,337.68,147.98,233.03,92.4,-1,-1
264,-1,168.99,403.53,319.19,426.08,86.0,-1,-1
264,-1,1088.62,311.47,88.27,152.13,84.6,-1,-1
264,-1,1158.09,306.26,72.39,115.28,64.6,-1,-1
264,-1,1171.52,306.47,62.83,98.61,33.8,-1,-1
265,-1,1243.53,371.11,273.02,439.77,93.0,-1,-1
265,-1,887.31,337.53,147.98,232.66,92.3,-1,-1
265,-1,1088.1,311.44,89.09,151.56,85.9,-1,-1
265,-1,168.15,401.8,315.85,424.87,84.7,-1,-1
265,-1,1159.55,305.69,68.95,115.16,60.6,-1,-1
265,-1,1174.14,305.96,60.92,97.43,38.4,-1,-1
266,-1,1243.34,372.05,272.27,439.2,93.2,-1,-1
266,-1,887.05,337.27,146.95,232.56,92.4,-1,-1
266,-1,1086.41,311.67,90.74,151.93,88.3,-1,-1
266,-1,165.56,400.66,316.19,424.86,84.1,-1,-1
266,-1,1156.86,305.64,71.17,116.3,49.6,-1,-1
266,-1,1178.4,305.9,57.46,95.31,32.8,-1,-1
267,-1,1240.01,371.14,272.62,441.6,93.5,-1,-1
267,-1,885.19,337.01,145.41,233.64,92.1,-1,-1
267,-1,1084.44,310.69,91.43,152.0,87.2,-1,-1
267,-1,160.96,400.99,314.71,421.24,85.6,-1,-1
267,-1,1164.89,303.2,56.97,120.72,45.3,-1,-1
267,-1,1175.18,304.79,55.02,105.53,40.1,-1,-1
268,-1,1238.8,370.12,271.19,441.23,93.2,-1,-1
268,-1,880.94,337.3,146.88,232.46,91.2,-1,-1
268,-1,1080.22,311.84,90.53,149.63,87.1,-1,-1
268,-1,156.52,401.23,317.39,426.38,86.3,-1,-1
268,-1,1163.81,304.05,57.09,119.01,60.3,-1,-1
269,-1,873.84,335.83,149.72,233.97,90.8,-1,-1
269,-1,1237.34,370.57,265.87,438.9,89.8,-1,-1
269,-1,147.88,398.39,326.88,434.53,88.0,-1,-1
269,-1,1072.33,310.3,93.07,150.89,85.7,-1,-1
269,-1,1155.95,303.85,63.9,117.6,61.4,-1,-1
270,-1,873.75,335.76,149.78,234.04,90.7,-1,-1
270,-1,1237.28,370.42,266.1,438.95,89.9,-1,-1
270,-1,148.21,398.27,326.5,434.38,88.0,-1,-1
270,-1,1071.53,310.15,91.79,150.54,85.6,-1,-1
270,-1,1156.02,303.76,63.89,117.62,61.4,-1,-1
271,-1,1233.67,372.13,268.08,433.99,90.4,-1,-1
271,-1,870.5,334.03,148.01,235.06,90.0,-1,-1
271,-1,140.7,396.56,335.08,438.01,88.4,-1,-1
271,-1,1068.6,309.75,91.08,151.54,82.1,-1,-1
271,-1,1156.43,303.83,55.97,115.6,67.0,-1,-1
271,-1,1142.56,304.78,63.75,117.96,53.7,-1,-1
272,-1,1227.38,371.08,264.57,434.99,90.0,-1,-1
272,-1,864.78,334.25,149.77,234.94,89.4,-1,-1
272,-1,135.06,398.53,335.01,434.32,88.2,-1,-1
272,-1,1065.15,311.27,86.97,148.13,78.1,-1,-1
272,-1,1130.72,305.99,72.62,115.01,69.2,-1,-1
272,-1,1148.93,306.72,58.54,84.49,27.8,-1,-1
273,-1,1223.25,371.72,263.18,431.45,90.2,-1,-1
273,-1,860.8,333.67,150.87,234.11,89.3,-1,-1
273,-1,131.49,398.25,334.76,436.78,87.5,-1,-1
273,-1,1061.41,310.41,88.04,151.15,79.2,-1,-1
273,-1,1131.2,307.76,67.74,116.57,70.7,-1,-1
274,-1,1220.02,371.62,264.68,430.95,90.3,-1,-1
274,-1,859.91,333.08,149.05,232.01,89.1,-1,-1
274,-1,127.11,398.49,339.21,435.7,87.7,-1,-1
274,-1,1058.42,309.82,90.38,151.94,80.2,-1,-1
274,-1,1135.91,303.72,61.03,120.49,63.4,-1,-1
275,-1,1219.14,370.49,265.16,430.36,90.5,-1,-1
275,-1,858.7,333.05,149.31,231.66,89.3,-1,-1
275,-1,125.3,397.09,336.88,435.31,86.7,-1,-1
275,-1,1057.78,310.2,89.81,151.27,79.5,-1,-1
275,-1,1129.33,304.22,67.14,119.15,63.3,-1,-1
276,-1,1218.29,369.56,268.92,432.78,91.1,-1,-1
276,-1,858.04,333.72,151.5,231.87,89.3,-1,-1
276,-1,124.56,397.21,337.33,442.01,87.5,-1,-1
276,-1,1059.9,311.31,89.31,150.3,80.5,-1,-1
276,-1,1126.99,306.69,72.32,116.89,67.7,-1,-1
276,-1,1150.67,306.06,53.07,88.02,25.8,-1,-1
277,-1,1217.24,369.06,269.02,432.46,90.9,-1,-1
277,-1,859.51,333.14,147.94,230.55,89.5,-1,-1
277,-1,126.18,394.59,337.08,437.08,87.6,-1,-1
277,-1,1057.96,309.95,90.11,150.95,80.3,-1,-1
277,-1,1124.54,303.86,71.8,118.96,66.6,-1,-1
278,-1,1219.87,369.86,267.7,431.37,90.6,-1,-1
278,-1,860.18,332.51,146.76,231.13,89.6,-1,-1
278,-1,125.86,394.91,337.51,438.44,87.6,-1,-1
278,-1,1058.93,311.31,90.86,149.22,79.2,-1,-1
278,-1,1128.88,305.01,64.52,119.09,67.9,-1,-1
279,-1,1223.07,369.99,262.72,431.62,90.3,-1,-1
279,-1,860.77,332.09,146.96,232.24,89.4,-1,-1
279,-1,122.68,395.02,336.73,441.91,88.4,-1,-1
279,-1,1059.27,311.1,91.26,149.24,80.0,-1,-1
279,-1,1131.9,304.48,61.2,119.39,67.4,-1,-1
280,-1,1223.53,369.54,260.33,429.68,90.4,-1,-1
280,-1,861.34,331.22,146.44,233.76,89.2,-1,-1
280,-1,124.67,397.2,328.56,427.47,86.5,-1,-1
280,-1,1059.02,311.09,92.43,150.02,81.1,-1,-1
280,-1,1133.63,303.77,58.49,119.25,66.5,-1,-1
281,-1,1222.25,364.3,260.58,434.08,90.4,-1,-1
281,-1,862.24,331.16,145.68,233.09,89.5,-1,-1
281,-1,124.81,397.47,325.69,425.63,86.2,-1,-1
281,-1,1058.29,311.1,92.63,149.21,80.1,-1,-1
281,-1,1132.81,303.73,58.3,119.28,66.9,-1,-1
282,-1,1222.14,364.32,260.64,434.22,90.6,-1,-1
282,-1,862.42,331.19,145.54,233.38,89.5,-1,-1
282,-1,124.78,397.36,326.11,426.02,86.3,-1,-1
282,-1,1058.14,311.08,92.6,149.26,80.4,-1,-1
282,-1,1132.9,303.67,58.17,119.33,66.8,-1,-1
283,-1,1226.39,368.98,258.78,430.52,89.9,-1,-1
283,-1,863.94,331.31,144.42,234.27,89.4,-1,-1
283,-1,126.4,398.06,321.17,423.92,86.5,-1,-1
283,-1,1057.55,311.03,91.4,148.51,79.1,-1,-1
283,-1,1129.12,303.59,62.94,116.31,65.2,-1,-1
283,-1,1140.05,305.77,60.61,105.63,28.2,-1,-1
284,-1,1228.34,369.3,257.02,428.85,90.1,-1,-1
284,-1,863.74,330.64,145.04,234.68,89.2,-1,-1
284,-1,127.23,398.56,323.69,425.36,86.7,-1,-1
284,-1,1056.9,310.67,92.39,148.57,78.5,-1,-1
284,-1,1127.49,303.83,64.58,115.57,66.8,-1,-1
284,-1,1138.87,305.77,61.27,101.75,28.7,-1,-1
285,-1,1230.36,369.15,255.65,430.33,89.9,-1,-1
285,-1,863.69,330.23,145.32,234.65,89.1,-1,-1
285,-1,128.21,398.02,325.31,425.38,85.9,-1,-1
285,-1,1056.62,310.58,90.63,148.48,77.7,-1,-1
285,-1,1126.21,304.26,65.14,115.41,67.2,-1,-1
285,-1,1137.87,306.1,60.85,97.95,25.9,-1,-1
