3,1,178.79,497.88,313.51,441.20,1,-1,-1,-1
3,2,849.57,479.67,258.14,231.24,1,-1,-1,-1
3,3,678.11,491.28,215.55,281.21,1,-1,-1,-1
4,1,180.37,497.70,312.23,439.39,1,-1,-1,-1
4,2,849.65,479.66,257.91,230.89,1,-1,-1,-1
4,3,678.17,491.44,215.60,281.27,1,-1,-1,-1
5,2,849.76,479.75,257.63,230.63,1,-1,-1,-1
5,3,687.14,490.82,216.26,283.11,1,-1,-1,-1
5,4,1384.53,480.73,96.48,136.99,1,-1,-1,-1
6,3,689.47,490.77,216.66,283.65,1,-1,-1,-1
6,4,1384.87,480.77,96.41,136.80,1,-1,-1,-1
7,1,199.39,494.66,308.45,434.28,1,-1,-1,-1
7,4,1384.96,480.92,96.20,136.38,1,-1,-1,-1
8,1,200.92,494.35,307.94,433.72,1,-1,-1,-1
8,4,1384.94,480.96,96.17,136.19,1,-1,-1,-1
9,1,204.48,495.04,307.85,433.80,1,-1,-1,-1
9,3,695.69,488.41,216.67,285.22,1,-1,-1,-1
9,4,1385.77,480.94,95.77,135.56,1,-1,-1,-1
9,5,973.59,478.99,141.15,216.19,1,-1,-1,-1
10,1,211.92,495.39,303.85,428.61,1,-1,-1,-1
10,3,700.46,488.41,214.08,284.03,1,-1,-1,-1
10,4,1386.16,480.86,95.77,135.50,1,-1,-1,-1
10,5,975.01,480.05,140.66,215.54,1,-1,-1,-1
11,1,224.37,494.19,301.63,425.52,1,-1,-1,-1
11,3,702.69,486.10,214.04,286.29,1,-1,-1,-1
11,4,1386.65,480.99,95.66,135.26,1,-1,-1,-1
11,5,977.07,480.72,139.92,214.22,1,-1,-1,-1
12,1,229.71,493.79,300.19,423.48,1,-1,-1,-1
12,3,704.74,484.79,213.25,287.54,1,-1,-1,-1
12,4,1387.01,481.02,95.50,135.04,1,-1,-1,-1
12,5,978.30,481.31,139.51,213.60,1,-1,-1,-1
13,1,230.08,492.81,302.62,426.75,1,-1,-1,-1
13,3,705.48,483.62,212.50,288.30,1,-1,-1,-1
13,5,980.85,481.50,138.56,211.94,1,-1,-1,-1
14,1,230.50,492.64,303.09,427.27,1,-1,-1,-1
14,3,705.63,483.26,211.47,288.41,1,-1,-1,-1
14,4,1386.80,481.00,95.82,135.61,1,-1,-1,-1
14,5,981.31,481.57,138.49,211.64,1,-1,-1,-1
15,1,235.24,492.54,306.44,433.41,1,-1,-1,-1
15,3,708.78,482.92,210.32,288.66,1,-1,-1,-1
15,4,1387.04,481.02,95.74,135.50,1,-1,-1,-1
15,5,981.35,481.48,138.41,211.33,1,-1,-1,-1
16,1,238.47,491.92,306.07,433.64,1,-1,-1,-1
16,3,712.88,482.68,208.55,288.39,1,-1,-1,-1
16,4,1387.10,481.25,96.03,136.13,1,-1,-1,-1
16,5,981.52,481.22,138.38,210.91,1,-1,-1,-1
17,1,245.87,492.51,300.98,427.97,1,-1,-1,-1
17,3,716.43,483.14,207.11,288.53,1,-1,-1,-1
17,4,1387.45,481.78,95.83,136.04,1,-1,-1,-1
17,5,981.48,480.66,138.90,211.22,1,-1,-1,-1
18,1,253.80,491.91,297.64,425.17,1,-1,-1,-1
18,3,720.01,484.69,204.89,287.45,1,-1,-1,-1
18,4,1386.42,481.77,96.33,136.85,1,-1,-1,-1
18,5,982.24,480.32,139.23,211.44,1,-1,-1,-1
19,1,261.10,492.37,294.33,421.99,1,-1,-1,-1
19,3,722.65,485.84,203.48,287.51,1,-1,-1,-1
19,4,1385.87,481.36,96.39,137.05,1,-1,-1,-1
19,5,983.12,480.41,138.97,211.04,1,-1,-1,-1
20,1,263.23,492.61,292.71,421.08,1,-1,-1,-1
20,3,723.84,486.42,202.23,287.60,1,-1,-1,-1
20,4,1385.67,481.07,96.42,137.15,1,-1,-1,-1
21,1,264.44,494.68,293.09,423.11,1,-1,-1,-1
21,3,726.00,486.75,199.90,285.84,1,-1,-1,-1
21,4,1385.49,480.93,96.20,136.87,1,-1,-1,-1
22,1,265.79,496.17,292.11,423.22,1,-1,-1,-1
22,3,726.48,485.92,198.91,285.98,1,-1,-1,-1
22,4,1385.25,480.87,96.29,136.96,1,-1,-1,-1
23,1,273.28,495.48,289.49,421.34,1,-1,-1,-1
23,3,727.70,486.10,197.68,285.64,1,-1,-1,-1
23,4,1384.66,480.63,96.12,136.72,1,-1,-1,-1
23,5,984.93,481.37,138.78,210.76,1,-1,-1,-1
23,6,1219.42,477.77,109.02,147.18,1,-1,-1,-1
24,1,275.34,494.37,289.61,422.28,1,-1,-1,-1
24,3,728.79,485.81,197.04,285.98,1,-1,-1,-1
24,4,1384.37,480.42,95.85,136.26,1,-1,-1,-1
24,5,986.19,480.99,138.93,211.01,1,-1,-1,-1
24,6,1219.09,477.82,109.12,147.43,1,-1,-1,-1
25,1,278.11,495.17,290.43,423.75,1,-1,-1,-1
25,3,732.07,486.62,194.83,283.83,1,-1,-1,-1
25,4,1383.48,480.40,95.72,136.02,1,-1,-1,-1
25,5,986.98,481.30,138.50,210.09,1,-1,-1,-1
25,6,1218.39,477.69,109.65,148.26,1,-1,-1,-1
26,1,279.56,495.71,290.70,424.21,1,-1,-1,-1
26,3,733.47,486.86,193.55,282.90,1,-1,-1,-1
26,4,1383.13,480.41,95.81,136.09,1,-1,-1,-1
26,5,986.92,481.35,138.51,209.79,1,-1,-1,-1
26,6,1218.53,477.68,109.56,148.27,1,-1,-1,-1
27,1,281.88,494.10,289.39,422.53,1,-1,-1,-1
27,3,735.67,487.73,192.38,281.89,1,-1,-1,-1
27,4,1382.24,480.19,95.95,136.23,1,-1,-1,-1
27,5,985.66,481.00,139.84,211.25,1,-1,-1,-1
27,6,1219.17,478.27,108.92,147.58,1,-1,-1,-1
28,1,285.34,495.06,287.71,420.91,1,-1,-1,-1
28,3,738.40,488.19,191.71,281.43,1,-1,-1,-1
28,4,1381.56,480.09,96.27,136.47,1,-1,-1,-1
28,5,986.59,481.77,140.10,211.24,1,-1,-1,-1
28,6,1219.30,478.54,108.61,147.28,1,-1,-1,-1
29,1,289.18,495.23,287.50,421.10,1,-1,-1,-1
29,3,740.12,487.91,191.66,282.15,1,-1,-1,-1
29,4,1381.34,480.33,96.31,136.22,1,-1,-1,-1
29,5,987.52,481.80,140.49,211.34,1,-1,-1,-1
29,6,1219.02,478.66,108.62,147.37,1,-1,-1,-1
30,1,292.28,496.61,288.65,423.33,1,-1,-1,-1
30,3,742.28,488.69,190.06,280.49,1,-1,-1,-1
30,4,1380.95,480.27,96.10,135.88,1,-1,-1,-1
30,5,987.42,481.30,140.93,211.45,1,-1,-1,-1
30,6,1218.64,478.51,108.44,147.16,1,-1,-1,-1
31,1,298.19,496.59,284.77,417.94,1,-1,-1,-1
31,3,744.45,490.32,188.34,278.27,1,-1,-1,-1
31,4,1380.40,480.04,95.89,135.74,1,-1,-1,-1
31,5,988.46,481.04,141.58,212.30,1,-1,-1,-1
31,6,1218.51,478.69,108.24,146.82,1,-1,-1,-1
32,1,299.92,496.63,283.41,416.07,1,-1,-1,-1
32,3,745.11,490.97,187.50,277.18,1,-1,-1,-1
32,4,1380.13,479.94,95.79,135.70,1,-1,-1,-1
32,5,988.76,480.93,141.94,212.79,1,-1,-1,-1
32,6,1218.66,478.78,108.23,146.79,1,-1,-1,-1
33,1,305.61,496.31,282.79,416.96,1,-1,-1,-1
33,3,748.17,489.95,187.49,278.35,1,-1,-1,-1
33,4,1380.20,479.97,95.72,135.70,1,-1,-1,-1
33,5,989.61,480.52,141.81,212.68,1,-1,-1,-1
33,6,1219.09,478.77,107.61,145.88,1,-1,-1,-1
34,1,313.56,496.68,280.64,416.41,1,-1,-1,-1
34,3,748.02,489.85,187.70,279.25,1,-1,-1,-1
34,4,1379.95,479.86,95.45,135.51,1,-1,-1,-1
34,5,990.10,480.07,141.87,213.04,1,-1,-1,-1
34,6,1218.37,478.91,107.37,145.29,1,-1,-1,-1
35,1,321.41,496.59,275.67,411.66,1,-1,-1,-1
35,3,750.20,489.32,187.63,280.00,1,-1,-1,-1
35,4,1380.03,479.69,95.20,135.39,1,-1,-1,-1
35,5,990.40,479.64,141.95,213.25,1,-1,-1,-1
35,6,1218.28,479.01,107.24,145.12,1,-1,-1,-1
36,1,324.04,494.12,273.66,409.89,1,-1,-1,-1
36,3,752.07,488.08,187.59,280.41,1,-1,-1,-1
36,4,1380.08,479.42,95.46,136.10,1,-1,-1,-1
36,5,991.11,479.19,141.30,212.04,1,-1,-1,-1
36,6,1218.67,479.01,107.29,145.13,1,-1,-1,-1
37,1,327.20,493.30,274.17,411.47,1,-1,-1,-1
37,3,753.57,487.16,187.48,280.64,1,-1,-1,-1
37,4,1380.23,478.81,95.66,136.80,1,-1,-1,-1
37,5,991.85,478.67,140.70,210.91,1,-1,-1,-1
37,6,1218.76,478.82,107.54,145.56,1,-1,-1,-1
38,1,344.23,495.30,268.77,408.46,1,-1,-1,-1
38,3,755.87,488.11,185.87,278.48,1,-1,-1,-1
38,4,1380.50,478.94,95.60,137.03,1,-1,-1,-1
38,5,992.53,478.80,140.14,209.74,1,-1,-1,-1
38,6,1218.73,478.87,107.48,145.48,1,-1,-1,-1
39,1,351.40,494.49,265.23,408.17,1,-1,-1,-1
39,3,757.08,488.34,185.01,277.56,1,-1,-1,-1
39,4,1381.03,479.17,95.39,137.07,1,-1,-1,-1
39,5,993.00,478.92,140.16,209.62,1,-1,-1,-1
40,1,354.87,494.19,262.08,407.96,1,-1,-1,-1
40,3,757.54,488.43,184.56,277.22,1,-1,-1,-1
40,4,1381.35,479.27,95.23,137.12,1,-1,-1,-1
40,5,993.10,479.02,140.10,209.41,1,-1,-1,-1
41,1,342.42,495.30,262.71,406.20,1,-1,-1,-1
41,3,759.23,487.24,184.83,278.42,1,-1,-1,-1
41,4,1381.57,479.34,95.12,137.20,1,-1,-1,-1
41,5,994.22,478.92,139.88,209.09,1,-1,-1,-1
42,1,344.23,496.30,262.36,405.78,1,-1,-1,-1
42,3,760.53,485.35,185.44,280.31,1,-1,-1,-1
42,4,1381.45,479.42,95.01,137.27,1,-1,-1,-1
42,5,995.84,479.74,139.34,208.43,1,-1,-1,-1
43,1,345.50,497.34,263.32,406.79,1,-1,-1,-1
43,3,762.20,484.33,184.99,280.48,1,-1,-1,-1
43,4,1380.85,479.45,95.27,137.89,1,-1,-1,-1
43,5,997.19,480.40,139.09,208.24,1,-1,-1,-1
43,6,1216.37,477.88,108.84,146.76,1,-1,-1,-1
44,1,345.92,497.76,263.63,406.85,1,-1,-1,-1
44,3,762.82,483.79,184.69,280.82,1,-1,-1,-1
44,4,1380.72,479.45,95.22,138.02,1,-1,-1,-1
44,5,997.57,480.69,138.93,208.17,1,-1,-1,-1
44,6,1216.09,477.82,109.24,146.86,1,-1,-1,-1
45,1,348.38,498.01,263.20,406.19,1,-1,-1,-1
45,3,763.88,484.12,184.49,280.92,1,-1,-1,-1
45,4,1380.89,479.47,94.99,137.89,1,-1,-1,-1
45,5,997.78,481.10,139.41,209.22,1,-1,-1,-1
45,6,1212.90,477.92,110.38,146.80,1,-1,-1,-1
46,3,768.48,486.11,182.96,278.53,1,-1,-1,-1
46,4,1381.09,479.61,94.70,137.68,1,-1,-1,-1
46,5,999.16,482.21,139.39,209.05,1,-1,-1,-1
46,6,1212.27,478.33,110.81,145.75,1,-1,-1,-1
47,3,770.08,486.04,182.84,278.34,1,-1,-1,-1
47,4,1381.30,479.68,94.48,137.53,1,-1,-1,-1
47,5,999.15,482.48,140.33,210.03,1,-1,-1,-1
47,6,1211.86,478.34,110.76,145.69,1,-1,-1,-1
48,1,353.52,496.97,269.45,412.01,1,-1,-1,-1
48,4,1380.55,479.82,94.96,138.27,1,-1,-1,-1
48,5,999.73,482.65,140.99,210.41,1,-1,-1,-1
48,6,1222.61,478.72,109.53,146.21,1,-1,-1,-1
49,1,358.84,497.51,271.25,412.60,1,-1,-1,-1
49,4,1380.40,480.01,94.74,138.00,1,-1,-1,-1
49,5,999.58,482.48,142.18,211.74,1,-1,-1,-1
49,6,1226.44,478.83,107.75,145.96,1,-1,-1,-1
50,1,360.57,497.70,272.43,412.62,1,-1,-1,-1
50,3,775.89,485.15,183.57,279.71,1,-1,-1,-1
50,4,1380.39,480.08,94.62,137.86,1,-1,-1,-1
50,5,999.40,482.40,142.72,212.16,1,-1,-1,-1
50,6,1228.13,478.87,106.34,145.94,1,-1,-1,-1
51,1,366.48,498.44,272.87,411.97,1,-1,-1,-1
51,3,777.58,485.01,183.56,279.71,1,-1,-1,-1
51,4,1380.38,480.07,94.61,137.87,1,-1,-1,-1
51,5,1000.31,482.84,141.74,210.00,1,-1,-1,-1
51,6,1229.08,478.92,106.32,145.91,1,-1,-1,-1
52,1,369.58,498.64,272.90,412.02,1,-1,-1,-1
52,4,1380.51,480.12,94.58,137.88,1,-1,-1,-1
52,5,1000.92,483.04,141.71,209.96,1,-1,-1,-1
52,6,1229.24,479.14,104.83,145.26,1,-1,-1,-1
53,1,377.56,500.68,270.97,408.59,1,-1,-1,-1
53,4,1380.81,480.51,94.14,137.22,1,-1,-1,-1
53,5,1001.76,483.40,142.63,210.74,1,-1,-1,-1
53,6,1231.83,479.52,102.55,144.34,1,-1,-1,-1
54,1,381.18,501.07,270.76,408.27,1,-1,-1,-1
54,4,1381.44,480.99,93.91,136.87,1,-1,-1,-1
54,5,1002.42,483.61,142.66,210.79,1,-1,-1,-1
54,6,1232.80,479.54,101.54,145.03,1,-1,-1,-1
55,1,379.20,500.31,276.22,415.91,1,-1,-1,-1
55,4,1381.53,480.92,94.01,137.05,1,-1,-1,-1
55,6,1233.61,479.69,100.26,145.17,1,-1,-1,-1
56,1,379.66,500.20,277.60,417.87,1,-1,-1,-1
56,4,1381.56,480.86,94.00,137.08,1,-1,-1,-1
56,6,1234.15,479.60,99.18,145.35,1,-1,-1,-1
57,1,385.19,500.02,277.41,418.29,1,-1,-1,-1
57,3,792.55,487.45,184.17,281.94,1,-1,-1,-1
57,4,1381.40,480.83,94.04,137.24,1,-1,-1,-1
57,5,1012.28,485.37,141.64,210.13,1,-1,-1,-1
57,6,1236.16,479.94,97.71,144.72,1,-1,-1,-1
58,1,388.25,500.21,277.84,418.92,1,-1,-1,-1
58,3,797.23,487.97,181.47,281.06,1,-1,-1,-1
58,4,1382.08,481.04,94.22,137.43,1,-1,-1,-1
58,5,1013.41,485.77,141.52,210.60,1,-1,-1,-1
58,6,1236.81,480.87,97.32,145.16,1,-1,-1,-1
59,3,801.48,488.21,178.39,278.77,1,-1,-1,-1
59,4,1382.47,480.98,94.11,137.42,1,-1,-1,-1
59,5,1015.02,485.64,142.06,212.14,1,-1,-1,-1
59,6,1237.89,481.61,96.65,145.02,1,-1,-1,-1
60,3,805.19,488.85,176.16,277.54,1,-1,-1,-1
60,4,1383.16,481.10,94.10,137.37,1,-1,-1,-1
60,5,1016.85,485.75,142.14,212.81,1,-1,-1,-1
60,6,1239.33,482.58,96.52,145.85,1,-1,-1,-1
61,1,389.87,503.96,277.29,409.58,1,-1,-1,-1
61,3,808.71,488.85,174.28,276.94,1,-1,-1,-1
61,4,1383.89,481.52,94.38,137.71,1,-1,-1,-1
61,5,1018.17,487.52,141.85,212.94,1,-1,-1,-1
61,6,1239.43,482.67,97.11,147.96,1,-1,-1,-1
62,1,391.67,504.39,279.74,407.68,1,-1,-1,-1
62,3,810.53,488.90,172.83,276.68,1,-1,-1,-1
62,4,1384.21,481.70,94.62,137.95,1,-1,-1,-1
62,5,1018.78,488.14,141.73,213.23,1,-1,-1,-1
62,6,1239.83,482.69,96.53,148.17,1,-1,-1,-1
63,1,408.20,504.92,276.70,404.79,1,-1,-1,-1
63,3,811.65,489.51,172.25,276.87,1,-1,-1,-1
63,4,1384.20,481.87,94.88,138.24,1,-1,-1,-1
63,5,1020.29,488.25,140.13,211.44,1,-1,-1,-1
63,6,1239.73,483.19,96.11,148.60,1,-1,-1,-1
64,1,409.05,504.90,278.08,402.96,1,-1,-1,-1
64,3,814.54,490.52,171.18,275.90,1,-1,-1,-1
64,4,1384.46,482.17,94.78,138.01,1,-1,-1,-1
64,5,1022.16,488.32,139.18,210.39,1,-1,-1,-1
64,6,1239.48,483.70,96.99,150.54,1,-1,-1,-1
65,1,423.39,505.95,277.89,404.93,1,-1,-1,-1
65,3,817.40,491.27,169.97,274.72,1,-1,-1,-1
65,4,1384.21,482.70,94.80,138.06,1,-1,-1,-1
65,5,1025.08,488.52,138.26,210.09,1,-1,-1,-1
65,6,1239.85,484.03,97.29,151.00,1,-1,-1,-1
66,1,429.68,507.44,275.43,402.38,1,-1,-1,-1
66,3,819.31,491.98,169.15,273.82,1,-1,-1,-1
66,4,1384.58,482.70,94.73,137.94,1,-1,-1,-1
66,5,1027.33,489.33,136.98,208.69,1,-1,-1,-1
66,6,1240.41,484.56,96.16,149.47,1,-1,-1,-1
67,1,433.56,508.37,276.63,405.69,1,-1,-1,-1
67,3,820.87,492.72,168.70,273.41,1,-1,-1,-1
67,4,1384.19,482.95,94.93,138.30,1,-1,-1,-1
67,5,1027.79,490.07,139.20,213.08,1,-1,-1,-1
67,6,1241.20,485.66,95.71,148.91,1,-1,-1,-1
68,1,434.97,508.70,276.15,406.25,1,-1,-1,-1
68,3,821.44,492.92,168.49,273.26,1,-1,-1,-1
68,4,1384.02,483.05,95.00,138.46,1,-1,-1,-1
68,5,1028.09,490.35,139.93,215.22,1,-1,-1,-1
68,6,1241.57,486.04,95.44,148.66,1,-1,-1,-1
69,1,439.48,509.32,275.98,405.99,1,-1,-1,-1
69,3,823.03,494.03,168.69,273.12,1,-1,-1,-1
69,4,1383.92,483.53,95.30,139.00,1,-1,-1,-1
69,5,1030.35,492.40,136.56,209.83,1,-1,-1,-1
69,6,1241.11,486.50,95.62,149.00,1,-1,-1,-1
70,3,824.82,495.58,168.77,272.32,1,-1,-1,-1
70,4,1385.21,483.68,93.83,137.19,1,-1,-1,-1
70,5,1031.13,493.19,135.30,207.21,1,-1,-1,-1
70,6,1243.06,487.33,94.48,147.15,1,-1,-1,-1
71,3,826.94,496.25,168.89,271.39,1,-1,-1,-1
71,4,1385.78,483.94,92.71,135.93,1,-1,-1,-1
71,5,1029.81,492.54,137.91,211.43,1,-1,-1,-1
71,6,1243.78,487.58,94.19,146.72,1,-1,-1,-1
72,1,450.42,511.13,277.60,409.17,1,-1,-1,-1
72,3,828.27,496.01,169.59,271.58,1,-1,-1,-1
72,4,1386.65,484.33,91.65,134.81,1,-1,-1,-1
72,5,1032.69,492.40,135.57,207.70,1,-1,-1,-1
72,6,1244.30,488.03,94.11,146.61,1,-1,-1,-1
73,1,456.67,512.48,275.51,407.59,1,-1,-1,-1
73,3,828.42,496.13,170.91,272.81,1,-1,-1,-1
73,4,1387.50,485.43,90.56,133.67,1,-1,-1,-1
73,5,1034.17,492.45,135.07,206.93,1,-1,-1,-1
74,1,456.85,512.57,274.76,406.72,1,-1,-1,-1
74,3,830.19,496.61,170.75,272.57,1,-1,-1,-1
74,4,1387.73,487.51,89.37,132.07,1,-1,-1,-1
74,5,1034.16,492.67,134.73,206.60,1,-1,-1,-1
75,1,455.24,513.86,274.42,405.21,1,-1,-1,-1
75,4,1388.85,488.43,88.68,131.55,1,-1,-1,-1
75,5,1034.92,491.76,135.26,207.80,1,-1,-1,-1
76,1,454.91,515.08,275.65,405.84,1,-1,-1,-1
76,4,1388.82,489.04,88.90,132.09,1,-1,-1,-1
76,5,1036.46,492.71,134.94,207.43,1,-1,-1,-1
77,1,455.23,515.80,276.61,405.51,1,-1,-1,-1
77,4,1389.35,489.21,88.88,132.25,1,-1,-1,-1
77,5,1037.70,493.22,136.16,209.56,1,-1,-1,-1
78,1,454.95,516.26,277.33,404.47,1,-1,-1,-1
78,4,1389.64,489.39,88.65,131.93,1,-1,-1,-1
78,5,1039.63,494.70,135.54,208.48,1,-1,-1,-1
79,1,457.37,517.46,278.19,403.98,1,-1,-1,-1
79,4,1389.97,489.96,88.67,132.24,1,-1,-1,-1
79,5,1041.14,495.36,135.36,208.35,1,-1,-1,-1
80,1,458.00,517.94,279.11,403.79,1,-1,-1,-1
80,4,1390.08,490.18,88.70,132.57,1,-1,-1,-1
80,5,1041.92,495.78,135.05,208.00,1,-1,-1,-1
81,1,457.05,518.42,280.27,403.68,1,-1,-1,-1
81,4,1389.80,489.92,89.07,133.27,1,-1,-1,-1
81,5,1042.34,496.51,134.78,207.44,1,-1,-1,-1
81,6,1250.40,491.34,93.01,148.57,1,-1,-1,-1
82,1,459.52,521.11,280.32,401.42,1,-1,-1,-1
82,4,1389.07,490.16,89.82,134.73,1,-1,-1,-1
82,5,1043.35,498.46,134.19,206.10,1,-1,-1,-1
82,6,1250.94,491.74,93.07,148.67,1,-1,-1,-1
83,1,461.79,522.34,281.76,400.99,1,-1,-1,-1
83,4,1389.99,490.22,89.24,133.90,1,-1,-1,-1
83,5,1044.12,500.10,134.29,206.03,1,-1,-1,-1
84,1,461.47,524.08,283.19,400.40,1,-1,-1,-1
84,4,1389.66,490.01,89.47,134.31,1,-1,-1,-1
84,5,1044.10,501.00,135.02,207.31,1,-1,-1,-1
85,1,461.04,525.77,284.69,399.92,1,-1,-1,-1
85,4,1389.43,490.09,89.69,134.44,1,-1,-1,-1
85,5,1045.07,501.87,135.07,207.51,1,-1,-1,-1
86,1,460.34,526.20,286.29,399.87,1,-1,-1,-1
86,4,1389.38,490.10,89.72,134.25,1,-1,-1,-1
86,5,1045.56,502.15,134.95,207.44,1,-1,-1,-1
87,1,460.05,526.42,290.11,401.31,1,-1,-1,-1
87,4,1388.75,490.02,90.69,135.50,1,-1,-1,-1
87,5,1046.14,502.13,134.78,207.33,1,-1,-1,-1
87,6,1254.98,493.82,89.37,147.42,1,-1,-1,-1
88,1,459.47,527.35,292.86,401.79,1,-1,-1,-1
88,4,1387.45,489.98,92.11,137.48,1,-1,-1,-1
88,5,1045.84,502.60,136.18,209.71,1,-1,-1,-1
88,6,1255.47,493.65,87.42,147.97,1,-1,-1,-1
89,1,464.52,529.54,294.73,402.34,1,-1,-1,-1
89,4,1386.40,490.84,92.82,138.42,1,-1,-1,-1
89,5,1046.77,503.08,136.69,210.44,1,-1,-1,-1
89,6,1256.23,494.39,85.70,146.99,1,-1,-1,-1
90,1,466.55,530.62,294.67,402.26,1,-1,-1,-1
90,4,1385.87,491.19,92.65,137.96,1,-1,-1,-1
90,5,1048.08,504.05,137.18,210.67,1,-1,-1,-1
90,6,1256.87,495.29,84.39,146.02,1,-1,-1,-1
91,4,1386.96,493.74,91.40,135.42,1,-1,-1,-1
91,5,1047.77,504.76,138.72,212.46,1,-1,-1,-1
91,6,1258.01,496.20,82.30,143.84,1,-1,-1,-1
92,4,1387.55,494.88,90.95,134.14,1,-1,-1,-1
92,5,1047.63,504.42,139.49,213.28,1,-1,-1,-1
92,6,1258.47,496.51,81.15,142.95,1,-1,-1,-1
93,4,1388.30,496.32,90.40,132.80,1,-1,-1,-1
93,5,1049.25,506.57,137.70,209.84,1,-1,-1,-1
93,6,1258.93,496.68,80.89,143.32,1,-1,-1,-1
94,4,1387.64,497.30,90.38,132.36,1,-1,-1,-1
94,5,1050.19,507.42,137.18,208.18,1,-1,-1,-1
94,6,1258.91,496.73,80.78,143.75,1,-1,-1,-1
95,4,1387.39,497.60,90.33,131.89,1,-1,-1,-1
95,5,1049.05,507.86,139.17,210.35,1,-1,-1,-1
95,6,1258.84,497.55,80.80,144.19,1,-1,-1,-1
96,4,1388.02,498.53,89.86,130.86,1,-1,-1,-1
96,5,1048.58,507.90,140.01,210.90,1,-1,-1,-1
96,6,1258.95,498.33,80.80,144.80,1,-1,-1,-1
97,4,1388.26,501.05,89.00,128.89,1,-1,-1,-1
97,5,1048.27,507.85,140.88,211.59,1,-1,-1,-1
97,6,1259.03,498.24,81.12,146.19,1,-1,-1,-1
98,4,1387.93,501.89,89.20,128.37,1,-1,-1,-1
98,5,1048.09,507.81,141.38,211.80,1,-1,-1,-1
98,6,1259.03,498.19,81.18,147.05,1,-1,-1,-1
99,4,1388.18,502.23,90.23,129.29,1,-1,-1,-1
99,5,1048.94,508.54,140.90,210.44,1,-1,-1,-1
99,6,1258.87,498.14,81.35,147.99,1,-1,-1,-1
100,4,1387.22,503.28,89.95,128.29,1,-1,-1,-1
100,5,1049.77,509.72,140.51,209.31,1,-1,-1,-1
100,6,1258.68,499.20,81.05,147.34,1,-1,-1,-1
101,4,1386.28,504.60,90.13,128.02,1,-1,-1,-1
101,5,1050.00,510.46,140.92,209.64,1,-1,-1,-1
101,6,1258.88,499.94,80.91,147.16,1,-1,-1,-1
102,4,1384.90,504.85,91.13,129.25,1,-1,-1,-1
102,5,1051.89,513.66,139.21,206.87,1,-1,-1,-1
102,6,1259.90,501.34,79.83,145.70,1,-1,-1,-1
103,4,1384.03,504.57,92.08,130.51,1,-1,-1,-1
103,5,1053.36,515.02,138.33,205.32,1,-1,-1,-1
103,6,1260.77,502.27,78.91,144.58,1,-1,-1,-1
104,4,1383.72,504.55,92.34,130.73,1,-1,-1,-1
104,5,1053.95,515.53,138.01,204.61,1,-1,-1,-1
104,6,1261.20,502.49,78.28,144.05,1,-1,-1,-1
105,4,1384.48,505.15,92.06,130.36,1,-1,-1,-1
105,5,1054.68,516.13,137.20,203.35,1,-1,-1,-1
105,6,1261.55,503.05,77.49,142.59,1,-1,-1,-1
106,1,532.26,558.14,275.99,386.68,1,-1,-1,-1
106,4,1384.29,505.49,92.25,130.72,1,-1,-1,-1
106,5,1054.41,516.74,137.48,203.67,1,-1,-1,-1
106,6,1262.64,503.89,77.95,143.63,1,-1,-1,-1
107,1,535.89,559.78,275.38,385.82,1,-1,-1,-1
107,4,1384.47,505.63,92.22,130.90,1,-1,-1,-1
107,5,1055.07,517.57,137.28,203.30,1,-1,-1,-1
107,6,1262.70,503.83,78.22,144.45,1,-1,-1,-1
108,4,1385.11,505.65,92.06,131.02,1,-1,-1,-1
108,5,1055.73,518.40,136.96,202.83,1,-1,-1,-1
108,6,1262.78,503.78,77.32,143.24,1,-1,-1,-1
109,1,532.41,562.60,272.66,385.65,1,-1,-1,-1
109,4,1385.69,506.03,91.96,131.00,1,-1,-1,-1
109,6,1262.41,503.17,77.38,144.13,1,-1,-1,-1
110,1,534.81,564.20,272.16,384.95,1,-1,-1,-1
110,4,1386.15,506.12,91.92,131.00,1,-1,-1,-1
110,5,1054.96,519.88,138.97,205.81,1,-1,-1,-1
110,6,1262.33,503.02,77.00,144.11,1,-1,-1,-1
111,4,1386.12,507.05,92.06,131.24,1,-1,-1,-1
111,5,1055.32,521.86,138.86,205.75,1,-1,-1,-1
111,6,1261.75,504.52,76.46,143.33,1,-1,-1,-1
112,4,1385.81,507.92,92.24,131.95,1,-1,-1,-1
112,5,1056.12,522.89,139.08,206.29,1,-1,-1,-1
112,6,1261.77,504.93,76.37,143.17,1,-1,-1,-1
113,4,1386.28,508.64,92.04,132.06,1,-1,-1,-1
113,5,1056.99,524.06,138.49,205.89,1,-1,-1,-1
114,4,1386.38,508.87,91.96,132.11,1,-1,-1,-1
114,5,1058.35,525.19,138.27,206.14,1,-1,-1,-1
115,4,1386.10,509.32,92.07,132.17,1,-1,-1,-1
115,5,1058.84,526.93,137.50,205.20,1,-1,-1,-1
115,6,1261.38,509.75,76.11,143.84,1,-1,-1,-1
116,4,1386.11,509.45,92.16,132.36,1,-1,-1,-1
116,5,1059.04,527.58,137.05,204.72,1,-1,-1,-1
116,6,1261.62,509.89,75.61,144.05,1,-1,-1,-1
117,4,1386.05,510.87,91.49,131.18,1,-1,-1,-1
117,5,1060.28,527.85,137.26,205.30,1,-1,-1,-1
117,6,1262.26,511.34,74.12,142.25,1,-1,-1,-1
118,4,1385.16,511.34,91.80,131.54,1,-1,-1,-1
118,5,1060.44,528.68,137.62,205.99,1,-1,-1,-1
118,6,1262.77,511.86,73.46,141.72,1,-1,-1,-1
119,4,1385.08,511.70,92.18,132.37,1,-1,-1,-1
119,5,1060.99,528.88,137.40,206.09,1,-1,-1,-1
119,6,1261.56,511.69,73.52,143.11,1,-1,-1,-1
120,4,1385.42,512.21,92.04,132.41,1,-1,-1,-1
120,5,1061.34,529.66,137.63,206.28,1,-1,-1,-1
120,6,1261.30,511.68,74.19,145.35,1,-1,-1,-1
121,4,1385.15,513.66,91.53,131.55,1,-1,-1,-1
121,5,1060.66,530.46,137.86,206.38,1,-1,-1,-1
121,6,1261.49,512.25,74.25,146.35,1,-1,-1,-1
122,4,1385.02,514.26,91.38,131.20,1,-1,-1,-1
122,5,1060.45,530.68,137.95,206.26,1,-1,-1,-1
122,6,1261.67,512.44,74.06,146.77,1,-1,-1,-1
123,4,1385.28,514.78,91.26,131.24,1,-1,-1,-1
123,5,1060.08,531.00,139.29,208.08,1,-1,-1,-1
123,6,1261.03,512.69,73.36,146.34,1,-1,-1,-1
124,4,1385.70,515.48,91.16,131.40,1,-1,-1,-1
124,5,1059.82,531.18,140.23,209.25,1,-1,-1,-1
124,6,1260.91,512.96,72.96,146.48,1,-1,-1,-1
125,4,1385.55,516.35,90.74,130.96,1,-1,-1,-1
125,5,1060.50,533.34,139.43,207.83,1,-1,-1,-1
125,6,1259.91,513.27,74.00,148.67,1,-1,-1,-1
126,4,1385.53,516.80,90.62,131.06,1,-1,-1,-1
126,5,1061.39,535.09,138.96,207.34,1,-1,-1,-1
126,6,1259.22,513.84,74.16,148.71,1,-1,-1,-1
127,1,867.76,554.35,182.81,262.07,1,-1,-1,-1
127,4,1385.32,517.22,89.97,130.09,1,-1,-1,-1
127,5,1061.53,535.48,139.23,207.90,1,-1,-1,-1
127,6,1257.68,514.45,74.36,148.80,1,-1,-1,-1
128,1,874.45,553.82,179.76,259.91,1,-1,-1,-1
128,4,1385.56,517.51,89.49,129.46,1,-1,-1,-1
128,5,1061.49,535.53,139.32,208.11,1,-1,-1,-1
128,6,1256.62,514.65,74.98,149.75,1,-1,-1,-1
129,1,890.68,553.44,175.61,253.90,1,-1,-1,-1
129,4,1385.83,517.85,89.28,129.19,1,-1,-1,-1
129,5,1061.62,537.16,139.08,207.47,1,-1,-1,-1
129,6,1255.48,515.26,75.40,150.24,1,-1,-1,-1
130,4,1384.95,518.07,89.61,129.77,1,-1,-1,-1
130,5,1062.69,538.81,138.23,205.68,1,-1,-1,-1
130,6,1254.97,516.31,75.43,150.62,1,-1,-1,-1
131,4,1383.95,518.07,90.77,132.29,1,-1,-1,-1
131,5,1064.14,539.77,137.66,204.27,1,-1,-1,-1
131,6,1255.10,516.80,74.74,149.65,1,-1,-1,-1
132,4,1384.47,518.57,90.11,131.97,1,-1,-1,-1
132,5,1064.55,540.26,137.62,203.76,1,-1,-1,-1
132,6,1257.41,518.90,71.97,145.94,1,-1,-1,-1
133,4,1384.28,519.25,89.67,131.68,1,-1,-1,-1
133,5,1064.08,541.44,137.57,203.24,1,-1,-1,-1
133,6,1257.93,520.02,70.75,145.02,1,-1,-1,-1
134,4,1384.39,519.52,89.31,131.48,1,-1,-1,-1
134,5,1063.82,541.72,137.64,202.98,1,-1,-1,-1
134,6,1258.39,520.37,69.89,144.70,1,-1,-1,-1
134,7,460.45,561.29,149.20,270.64,1,-1,-1,-1
135,4,1384.55,519.77,88.47,130.37,1,-1,-1,-1
135,5,1063.60,541.68,137.89,203.56,1,-1,-1,-1
135,6,1258.08,521.19,68.82,144.01,1,-1,-1,-1
135,7,460.68,560.37,150.48,272.76,1,-1,-1,-1
136,4,1384.14,519.96,89.34,131.86,1,-1,-1,-1
136,5,1064.32,541.92,137.42,203.00,1,-1,-1,-1
136,6,1257.89,521.40,68.11,143.90,1,-1,-1,-1
136,7,460.80,560.13,150.88,273.49,1,-1,-1,-1
137,4,1383.62,519.59,88.87,131.30,1,-1,-1,-1
137,5,1064.94,541.67,137.32,203.05,1,-1,-1,-1
137,6,1258.48,522.42,67.03,142.49,1,-1,-1,-1
138,4,1383.56,520.17,88.78,131.25,1,-1,-1,-1
138,5,1064.91,542.05,136.91,202.70,1,-1,-1,-1
138,6,1258.92,523.28,66.31,141.63,1,-1,-1,-1
139,4,1383.38,520.41,88.74,131.64,1,-1,-1,-1
139,5,1065.44,542.94,136.45,201.89,1,-1,-1,-1
139,6,1259.35,524.64,65.49,140.47,1,-1,-1,-1
139,7,461.41,568.87,149.56,269.37,1,-1,-1,-1
140,4,1383.38,521.38,88.63,131.73,1,-1,-1,-1
140,5,1065.62,543.31,136.27,201.43,1,-1,-1,-1
140,6,1259.54,525.12,65.07,140.13,1,-1,-1,-1
140,7,460.92,569.52,150.60,269.59,1,-1,-1,-1
141,4,1383.02,520.97,88.60,131.97,1,-1,-1,-1
141,5,1065.81,544.27,135.78,200.15,1,-1,-1,-1
141,6,1258.92,525.52,65.04,141.03,1,-1,-1,-1
141,7,459.70,569.96,151.80,269.73,1,-1,-1,-1
142,4,1382.47,521.11,88.77,132.51,1,-1,-1,-1
142,5,1066.28,544.81,136.08,200.18,1,-1,-1,-1
142,6,1258.98,525.99,65.07,141.70,1,-1,-1,-1
142,7,459.77,571.01,151.72,269.59,1,-1,-1,-1
143,4,1382.15,521.03,88.79,132.67,1,-1,-1,-1
143,5,1066.25,544.79,136.64,200.55,1,-1,-1,-1
143,6,1259.04,526.09,65.04,142.12,1,-1,-1,-1
144,4,1382.36,523.01,88.66,132.57,1,-1,-1,-1
144,5,1066.54,545.71,136.24,199.58,1,-1,-1,-1
144,6,1259.00,526.06,65.03,142.35,1,-1,-1,-1
145,4,1381.91,521.65,88.67,132.56,1,-1,-1,-1
145,5,1066.63,547.02,136.08,199.05,1,-1,-1,-1
145,6,1258.96,526.15,64.93,142.16,1,-1,-1,-1
146,4,1382.03,521.68,88.47,132.13,1,-1,-1,-1
146,5,1066.27,547.89,136.04,198.68,1,-1,-1,-1
146,6,1258.72,526.59,64.42,141.28,1,-1,-1,-1
147,4,1382.64,523.70,87.26,129.80,1,-1,-1,-1
147,5,1065.98,548.72,135.91,198.03,1,-1,-1,-1
147,6,1257.53,527.95,64.27,142.08,1,-1,-1,-1
147,7,461.89,575.43,151.76,264.48,1,-1,-1,-1
148,4,1382.72,524.89,86.77,128.57,1,-1,-1,-1
148,5,1066.90,550.15,135.12,196.51,1,-1,-1,-1
148,6,1256.96,527.55,64.19,142.89,1,-1,-1,-1
148,7,460.86,576.05,154.47,264.56,1,-1,-1,-1
149,4,1382.73,525.25,86.71,128.07,1,-1,-1,-1
149,5,1067.23,550.67,134.96,195.96,1,-1,-1,-1
149,6,1256.90,527.36,63.94,143.20,1,-1,-1,-1
149,7,459.82,576.33,156.59,264.20,1,-1,-1,-1
150,4,1382.90,525.46,86.73,127.87,1,-1,-1,-1
150,5,1067.63,550.84,135.10,195.83,1,-1,-1,-1
150,6,1256.38,527.56,63.74,143.36,1,-1,-1,-1
150,7,458.90,576.07,159.51,265.32,1,-1,-1,-1
151,4,1382.23,525.28,86.79,127.83,1,-1,-1,-1
151,5,1067.41,551.60,135.64,196.43,1,-1,-1,-1
151,6,1256.01,527.94,63.76,143.40,1,-1,-1,-1
151,7,459.23,576.80,159.34,265.03,1,-1,-1,-1
152,4,1381.36,525.06,87.20,128.60,1,-1,-1,-1
152,5,1067.12,551.93,136.11,196.89,1,-1,-1,-1
152,6,1254.47,527.78,63.72,143.72,1,-1,-1,-1
153,4,1380.96,524.72,87.50,129.38,1,-1,-1,-1
153,5,1067.38,552.24,136.29,196.76,1,-1,-1,-1
153,6,1253.97,528.10,63.75,143.79,1,-1,-1,-1
154,4,1380.76,524.61,87.29,129.37,1,-1,-1,-1
154,5,1067.11,552.19,136.69,196.81,1,-1,-1,-1
155,4,1380.87,524.38,87.22,129.55,1,-1,-1,-1
155,5,1066.97,552.16,137.12,196.93,1,-1,-1,-1
156,4,1381.09,524.06,87.22,129.69,1,-1,-1,-1
156,5,1067.03,552.76,136.86,196.29,1,-1,-1,-1
157,4,1381.25,524.27,86.96,129.29,1,-1,-1,-1
157,5,1066.98,553.01,136.83,195.77,1,-1,-1,-1
158,4,1380.92,524.33,87.05,129.28,1,-1,-1,-1
158,5,1066.65,553.07,138.00,197.18,1,-1,-1,-1
159,4,1380.63,524.69,86.81,128.84,1,-1,-1,-1
159,5,1067.25,553.23,137.78,196.88,1,-1,-1,-1
160,4,1380.88,525.11,86.67,128.47,1,-1,-1,-1
160,5,1067.33,553.51,138.49,198.05,1,-1,-1,-1
161,4,1380.96,525.26,86.67,128.33,1,-1,-1,-1
161,5,1067.41,553.57,138.71,198.51,1,-1,-1,-1
162,4,1381.05,525.56,86.62,128.17,1,-1,-1,-1
162,5,1066.96,553.32,139.77,200.51,1,-1,-1,-1
163,4,1380.75,525.52,86.81,128.31,1,-1,-1,-1
163,5,1065.59,553.19,140.48,201.64,1,-1,-1,-1
164,4,1380.27,525.63,86.99,128.42,1,-1,-1,-1
164,5,1066.58,552.74,138.76,199.02,1,-1,-1,-1
165,4,1379.95,525.45,87.12,128.63,1,-1,-1,-1
165,5,1067.40,552.69,136.49,195.44,1,-1,-1,-1
166,4,1379.28,525.17,87.57,129.17,1,-1,-1,-1
166,5,1068.15,553.06,136.34,195.47,1,-1,-1,-1
167,4,1378.96,525.05,87.89,129.46,1,-1,-1,-1
167,5,1068.61,553.21,136.18,195.50,1,-1,-1,-1
168,4,1378.21,525.03,88.15,129.65,1,-1,-1,-1
168,5,1068.77,553.16,135.92,195.19,1,-1,-1,-1
169,4,1377.91,525.61,87.96,129.14,1,-1,-1,-1
169,5,1068.99,552.89,136.24,196.01,1,-1,-1,-1
170,4,1377.96,526.21,87.55,128.31,1,-1,-1,-1
170,5,1069.58,552.88,135.61,195.11,1,-1,-1,-1
171,4,1378.42,526.37,87.24,127.66,1,-1,-1,-1
171,5,1069.53,552.71,135.54,195.05,1,-1,-1,-1
172,4,1377.76,526.40,87.02,127.34,1,-1,-1,-1
172,5,1069.75,552.61,135.14,194.48,1,-1,-1,-1
173,4,1377.42,526.37,86.92,127.23,1,-1,-1,-1
173,5,1069.64,552.61,135.09,194.36,1,-1,-1,-1
174,4,1377.54,526.28,86.65,127.08,1,-1,-1,-1
174,5,1069.87,551.73,135.02,194.41,1,-1,-1,-1
175,4,1376.43,525.92,86.58,127.38,1,-1,-1,-1
175,5,1070.14,551.64,134.64,194.20,1,-1,-1,-1
176,4,1376.21,525.81,86.15,126.99,1,-1,-1,-1
176,5,1069.92,551.31,134.96,195.31,1,-1,-1,-1
177,4,1375.98,526.33,85.70,126.59,1,-1,-1,-1
177,5,1069.87,551.81,134.40,194.49,1,-1,-1,-1
178,4,1375.93,526.62,85.49,126.44,1,-1,-1,-1
178,5,1069.92,552.21,134.02,193.90,1,-1,-1,-1
179,4,1375.72,526.71,85.50,126.59,1,-1,-1,-1
179,5,1069.80,552.37,133.93,193.69,1,-1,-1,-1
180,4,1375.42,527.23,85.41,126.54,1,-1,-1,-1
180,5,1069.84,552.43,133.94,193.70,1,-1,-1,-1
181,4,1375.09,527.29,85.66,126.98,1,-1,-1,-1
181,5,1070.14,552.53,134.12,193.88,1,-1,-1,-1
182,4,1374.56,527.61,85.64,127.06,1,-1,-1,-1
182,5,1071.27,552.62,134.23,194.46,1,-1,-1,-1
183,4,1373.89,527.76,85.52,127.13,1,-1,-1,-1
183,5,1071.58,552.77,134.86,195.96,1,-1,-1,-1
184,4,1373.61,527.82,85.13,126.57,1,-1,-1,-1
184,5,1071.15,552.99,135.56,197.69,1,-1,-1,-1
185,4,1373.52,527.82,85.08,126.57,1,-1,-1,-1
185,5,1071.22,553.10,135.53,198.32,1,-1,-1,-1
185,9,496.34,578.53,160.80,259.27,1,-1,-1,-1
186,4,1372.65,527.71,85.30,126.83,1,-1,-1,-1
186,5,1071.84,553.11,134.87,198.08,1,-1,-1,-1
186,9,496.64,577.78,161.18,259.62,1,-1,-1,-1
186,10,648.99,559.45,223.13,413.56,1,-1,-1,-1
187,4,1372.03,527.49,85.35,126.93,1,-1,-1,-1
187,5,1072.24,553.04,133.94,197.27,1,-1,-1,-1
187,9,499.12,577.82,160.47,258.29,1,-1,-1,-1
187,10,650.26,559.06,222.87,413.30,1,-1,-1,-1
188,4,1371.75,527.44,85.49,127.12,1,-1,-1,-1
188,5,1071.91,553.13,134.32,198.42,1,-1,-1,-1
188,9,498.79,577.60,161.16,259.07,1,-1,-1,-1
188,10,652.31,559.41,221.72,411.59,1,-1,-1,-1
189,4,1370.69,528.73,84.44,126.00,1,-1,-1,-1
189,5,1071.05,552.23,133.72,197.96,1,-1,-1,-1
189,9,499.35,577.39,161.17,259.08,1,-1,-1,-1
189,10,652.54,560.34,221.55,411.78,1,-1,-1,-1
190,4,1366.58,528.73,83.19,124.41,1,-1,-1,-1
190,5,1067.75,551.24,133.10,197.20,1,-1,-1,-1
190,9,498.16,579.30,159.86,257.11,1,-1,-1,-1
190,10,653.14,560.44,221.32,411.36,1,-1,-1,-1
191,4,1364.99,528.66,82.78,124.06,1,-1,-1,-1
191,5,1066.35,550.97,133.19,197.51,1,-1,-1,-1
191,9,497.73,579.57,159.50,256.62,1,-1,-1,-1
192,4,1359.24,528.01,82.88,124.30,1,-1,-1,-1
192,5,1063.77,550.63,131.13,195.69,1,-1,-1,-1
192,9,497.88,579.74,159.29,256.27,1,-1,-1,-1
193,4,1351.91,528.72,82.45,123.77,1,-1,-1,-1
193,5,1058.22,552.14,128.97,193.37,1,-1,-1,-1
194,4,1341.22,527.26,83.20,125.07,1,-1,-1,-1
194,5,1048.34,551.19,128.73,193.46,1,-1,-1,-1
195,4,1331.97,527.06,83.11,124.54,1,-1,-1,-1
195,5,1040.48,550.97,129.24,195.35,1,-1,-1,-1
196,4,1323.37,527.69,82.95,124.27,1,-1,-1,-1
196,5,1033.76,551.96,128.47,194.97,1,-1,-1,-1
196,10,616.59,560.31,218.95,406.77,1,-1,-1,-1
197,4,1320.59,528.35,82.81,124.25,1,-1,-1,-1
197,5,1031.37,552.27,128.11,195.07,1,-1,-1,-1
197,10,614.46,560.34,219.00,406.66,1,-1,-1,-1
198,4,1314.81,528.15,82.34,123.49,1,-1,-1,-1
198,5,1027.81,551.75,127.54,194.59,1,-1,-1,-1
198,9,458.86,573.56,162.47,261.45,1,-1,-1,-1
198,10,611.46,561.06,217.96,405.18,1,-1,-1,-1
199,4,1311.26,528.65,81.56,121.44,1,-1,-1,-1
199,5,1023.86,551.63,128.73,196.83,1,-1,-1,-1
199,9,455.41,573.08,162.66,261.75,1,-1,-1,-1
199,10,608.25,561.18,217.60,404.51,1,-1,-1,-1
200,4,1309.37,528.88,81.42,120.41,1,-1,-1,-1
200,5,1023.42,551.31,126.69,193.71,1,-1,-1,-1
200,9,455.73,572.65,163.37,263.81,1,-1,-1,-1
200,10,608.04,561.30,217.72,403.85,1,-1,-1,-1
201,4,1308.45,529.13,81.83,120.33,1,-1,-1,-1
201,5,1022.39,550.91,127.38,194.65,1,-1,-1,-1
201,9,457.41,575.28,161.79,263.10,1,-1,-1,-1
201,10,605.19,561.41,217.36,403.17,1,-1,-1,-1
202,4,1308.54,529.25,81.86,119.76,1,-1,-1,-1
202,5,1023.94,550.76,125.40,191.59,1,-1,-1,-1
202,9,450.91,575.84,162.78,262.22,1,-1,-1,-1
203,4,1308.57,529.31,82.08,119.53,1,-1,-1,-1
203,5,1024.77,550.65,124.75,190.59,1,-1,-1,-1
203,9,450.31,576.04,163.42,262.16,1,-1,-1,-1
204,4,1308.19,529.31,82.08,119.11,1,-1,-1,-1
204,5,1025.77,551.19,123.96,189.31,1,-1,-1,-1
204,9,454.04,576.23,162.55,261.42,1,-1,-1,-1
205,4,1307.80,529.09,82.17,119.02,1,-1,-1,-1
205,5,1026.90,551.24,123.18,187.99,1,-1,-1,-1
205,9,457.52,576.74,161.30,260.03,1,-1,-1,-1
206,4,1308.08,529.27,81.83,118.26,1,-1,-1,-1
206,5,1027.50,551.44,123.02,187.51,1,-1,-1,-1
206,9,457.73,576.74,161.88,260.32,1,-1,-1,-1
207,4,1308.22,529.40,81.33,117.44,1,-1,-1,-1
207,5,1027.65,551.61,122.90,187.16,1,-1,-1,-1
207,9,450.11,576.87,164.87,260.50,1,-1,-1,-1
208,4,1308.14,529.20,81.36,117.57,1,-1,-1,-1
208,5,1028.25,552.09,122.69,186.82,1,-1,-1,-1
208,9,445.71,577.45,167.03,258.60,1,-1,-1,-1
209,4,1308.54,529.43,81.10,117.07,1,-1,-1,-1
209,5,1028.67,552.09,122.40,186.15,1,-1,-1,-1
209,9,442.56,577.13,170.32,259.17,1,-1,-1,-1
210,4,1308.37,528.25,81.84,118.55,1,-1,-1,-1
210,5,1028.86,552.03,122.35,185.85,1,-1,-1,-1
210,9,440.72,577.19,170.23,259.04,1,-1,-1,-1
211,4,1308.34,528.82,81.11,117.78,1,-1,-1,-1
211,5,1029.10,551.68,122.68,186.29,1,-1,-1,-1
212,4,1308.32,528.83,80.94,117.65,1,-1,-1,-1
212,5,1029.19,551.56,122.66,185.97,1,-1,-1,-1
213,4,1307.39,528.73,80.65,117.64,1,-1,-1,-1
213,5,1029.52,551.77,122.64,185.79,1,-1,-1,-1
214,4,1306.95,528.67,80.56,117.93,1,-1,-1,-1
214,5,1028.94,551.87,123.42,186.93,1,-1,-1,-1
214,10,634.02,558.32,211.77,396.85,1,-1,-1,-1
215,4,1306.91,528.63,80.37,118.04,1,-1,-1,-1
215,5,1028.62,551.90,123.79,187.41,1,-1,-1,-1
215,10,635.60,558.28,210.37,396.87,1,-1,-1,-1
216,4,1307.37,528.54,79.93,117.70,1,-1,-1,-1
216,5,1027.91,551.78,124.65,188.95,1,-1,-1,-1
216,10,636.68,558.13,210.12,396.40,1,-1,-1,-1
217,4,1307.09,528.53,79.76,117.65,1,-1,-1,-1
217,5,1027.89,551.42,123.94,187.93,1,-1,-1,-1
218,4,1306.62,528.55,79.96,118.22,1,-1,-1,-1
218,5,1028.08,551.06,122.96,186.12,1,-1,-1,-1
218,9,435.77,580.42,175.68,255.06,1,-1,-1,-1
218,10,639.61,557.72,210.13,397.14,1,-1,-1,-1
219,4,1306.53,528.62,80.04,118.62,1,-1,-1,-1
219,5,1027.13,550.97,122.77,184.90,1,-1,-1,-1
219,9,435.46,580.82,181.38,254.89,1,-1,-1,-1
219,10,640.90,558.22,208.91,396.09,1,-1,-1,-1
220,4,1306.86,528.31,80.09,118.76,1,-1,-1,-1
220,5,1026.62,550.74,122.66,183.89,1,-1,-1,-1
220,9,431.19,579.02,187.40,255.51,1,-1,-1,-1
220,10,644.10,558.53,208.11,396.34,1,-1,-1,-1
221,4,1307.00,528.24,80.00,118.72,1,-1,-1,-1
221,5,1026.29,550.61,122.85,183.35,1,-1,-1,-1
221,9,428.36,578.08,192.08,255.70,1,-1,-1,-1
221,10,645.13,558.54,207.53,396.56,1,-1,-1,-1
222,4,1307.07,528.22,80.09,119.10,1,-1,-1,-1
222,5,1025.39,550.23,123.24,182.88,1,-1,-1,-1
222,9,427.78,578.01,191.95,255.52,1,-1,-1,-1
222,10,648.35,559.57,206.57,396.10,1,-1,-1,-1
223,4,1306.85,528.10,80.15,119.28,1,-1,-1,-1
223,5,1025.45,549.71,123.90,183.10,1,-1,-1,-1
223,10,649.77,559.65,206.43,395.82,1,-1,-1,-1
224,4,1307.12,528.00,79.88,119.08,1,-1,-1,-1
224,5,1023.75,549.14,126.00,185.44,1,-1,-1,-1
224,9,454.49,577.09,189.24,254.79,1,-1,-1,-1
225,4,1307.04,527.86,79.92,119.40,1,-1,-1,-1
225,5,1024.01,549.00,126.54,185.54,1,-1,-1,-1
225,9,456.67,576.95,189.08,254.58,1,-1,-1,-1
226,4,1307.04,527.56,80.03,119.84,1,-1,-1,-1
226,5,1024.99,548.36,126.67,185.46,1,-1,-1,-1
226,16,1159.46,534.58,63.56,137.44,1,-1,-1,-1
227,4,1306.84,527.47,80.15,120.19,1,-1,-1,-1
227,5,1025.33,548.10,126.82,185.43,1,-1,-1,-1
227,16,1159.46,534.58,63.60,137.48,1,-1,-1,-1
228,4,1306.96,527.81,79.60,119.61,1,-1,-1,-1
228,5,1022.90,547.64,128.08,186.31,1,-1,-1,-1
228,16,1159.31,534.52,63.25,136.54,1,-1,-1,-1
229,4,1306.81,527.93,79.95,120.42,1,-1,-1,-1
229,5,1019.66,547.04,131.07,189.74,1,-1,-1,-1
229,10,660.81,558.87,205.00,390.88,1,-1,-1,-1
229,16,1159.19,534.50,63.20,136.29,1,-1,-1,-1
230,4,1306.60,527.89,80.07,120.72,1,-1,-1,-1
230,5,1018.49,547.37,133.00,191.94,1,-1,-1,-1
230,10,661.71,558.70,205.23,389.30,1,-1,-1,-1
230,16,1158.84,534.26,63.24,136.25,1,-1,-1,-1
231,4,1306.86,527.78,79.27,119.34,1,-1,-1,-1
231,5,1019.71,547.63,132.70,191.27,1,-1,-1,-1
231,10,662.62,559.12,205.48,389.02,1,-1,-1,-1
231,16,1159.03,535.44,63.25,136.07,1,-1,-1,-1
232,4,1307.31,527.96,78.91,118.69,1,-1,-1,-1
232,5,1019.78,547.85,133.43,191.97,1,-1,-1,-1
232,10,662.90,558.20,206.97,390.88,1,-1,-1,-1
232,16,1159.02,535.59,63.14,135.85,1,-1,-1,-1
233,4,1307.56,528.01,78.98,118.70,1,-1,-1,-1
233,5,1019.18,547.98,135.26,194.77,1,-1,-1,-1
233,10,662.93,557.91,207.80,391.73,1,-1,-1,-1
234,4,1307.45,527.99,78.77,118.23,1,-1,-1,-1
234,5,1022.65,548.31,131.94,189.83,1,-1,-1,-1
234,10,664.17,559.14,206.83,387.91,1,-1,-1,-1
234,16,1159.18,536.29,63.41,136.03,1,-1,-1,-1
235,4,1308.05,528.01,78.18,117.22,1,-1,-1,-1
235,5,1025.34,547.81,129.26,185.74,1,-1,-1,-1
235,10,664.28,559.39,206.88,386.19,1,-1,-1,-1
235,16,1159.19,536.35,63.77,136.41,1,-1,-1,-1
236,4,1308.41,528.22,78.18,117.08,1,-1,-1,-1
236,5,1028.09,547.56,128.01,184.05,1,-1,-1,-1
236,10,666.39,559.13,207.14,383.82,1,-1,-1,-1
236,16,1159.22,536.31,63.92,136.26,1,-1,-1,-1
237,4,1308.17,528.25,78.39,117.42,1,-1,-1,-1
237,5,1028.68,547.42,127.69,183.58,1,-1,-1,-1
237,10,670.86,559.80,206.61,380.56,1,-1,-1,-1
237,16,1159.04,536.35,63.67,135.41,1,-1,-1,-1
238,4,1308.06,528.31,78.63,117.83,1,-1,-1,-1
238,5,1029.40,546.69,128.68,185.37,1,-1,-1,-1
238,10,673.12,559.27,206.76,379.14,1,-1,-1,-1
238,16,1158.75,536.43,63.78,135.43,1,-1,-1,-1
239,4,1308.12,528.29,78.59,117.80,1,-1,-1,-1
239,5,1029.97,546.50,128.42,185.38,1,-1,-1,-1
239,10,673.48,558.99,207.34,378.56,1,-1,-1,-1
239,16,1158.56,536.42,63.85,135.44,1,-1,-1,-1
240,4,1308.07,528.30,78.65,117.92,1,-1,-1,-1
240,5,1030.13,546.43,128.32,185.60,1,-1,-1,-1
240,10,673.39,558.90,208.06,378.47,1,-1,-1,-1
240,16,1158.50,536.39,63.95,135.49,1,-1,-1,-1
241,4,1308.10,528.31,78.67,118.03,1,-1,-1,-1
241,5,1030.38,546.32,128.09,185.63,1,-1,-1,-1
241,10,673.29,558.83,208.71,378.53,1,-1,-1,-1
241,16,1158.54,536.38,64.04,135.51,1,-1,-1,-1
242,4,1308.14,528.31,78.63,118.06,1,-1,-1,-1
242,5,1030.28,546.27,127.99,185.72,1,-1,-1,-1
242,10,673.26,558.83,209.19,378.45,1,-1,-1,-1
242,16,1158.53,536.40,64.13,135.52,1,-1,-1,-1
243,4,1307.92,528.30,78.77,118.31,1,-1,-1,-1
243,5,1030.27,546.26,127.87,185.70,1,-1,-1,-1
243,10,672.49,559.56,209.87,378.45,1,-1,-1,-1
243,16,1158.43,536.43,64.14,135.45,1,-1,-1,-1
244,4,1307.87,528.31,78.84,118.44,1,-1,-1,-1
244,5,1030.08,546.26,127.93,185.89,1,-1,-1,-1
244,10,672.25,559.88,210.43,378.43,1,-1,-1,-1
244,16,1158.27,536.38,64.23,135.59,1,-1,-1,-1
245,4,1307.87,528.31,78.89,118.62,1,-1,-1,-1
245,5,1030.01,546.28,127.91,185.96,1,-1,-1,-1
245,10,671.96,560.02,210.95,378.40,1,-1,-1,-1
245,16,1158.23,536.39,64.24,135.60,1,-1,-1,-1
246,4,1308.03,528.31,78.76,118.47,1,-1,-1,-1
246,5,1029.89,546.29,127.97,186.15,1,-1,-1,-1
246,10,671.62,560.02,211.48,378.47,1,-1,-1,-1
246,16,1158.22,536.41,64.20,135.52,1,-1,-1,-1
247,4,1308.08,528.32,78.70,118.45,1,-1,-1,-1
247,5,1029.97,546.28,127.86,186.07,1,-1,-1,-1
247,10,671.76,559.32,211.83,378.51,1,-1,-1,-1
247,16,1158.22,536.42,64.23,135.55,1,-1,-1,-1
248,4,1307.93,528.34,78.70,118.45,1,-1,-1,-1
248,5,1029.87,546.38,127.84,186.07,1,-1,-1,-1
248,10,671.70,559.07,212.12,378.51,1,-1,-1,-1
248,16,1158.19,536.47,64.18,135.49,1,-1,-1,-1
249,4,1307.44,528.31,78.92,118.85,1,-1,-1,-1
249,5,1030.28,546.61,127.58,185.83,1,-1,-1,-1
249,10,671.70,559.05,212.43,378.62,1,-1,-1,-1
249,16,1158.29,536.43,64.19,135.45,1,-1,-1,-1
250,4,1307.27,528.28,79.01,119.05,1,-1,-1,-1
250,5,1030.53,546.69,127.42,185.72,1,-1,-1,-1
250,10,671.78,559.08,212.64,378.55,1,-1,-1,-1
250,16,1158.34,536.43,64.19,135.39,1,-1,-1,-1
251,4,1307.20,528.27,79.05,119.17,1,-1,-1,-1
251,5,1030.67,546.72,127.27,185.63,1,-1,-1,-1
251,10,671.77,559.09,212.84,378.53,1,-1,-1,-1
251,16,1158.35,536.44,64.22,135.39,1,-1,-1,-1
252,4,1307.19,528.26,79.03,119.19,1,-1,-1,-1
252,5,1030.74,546.74,127.15,185.58,1,-1,-1,-1
252,10,671.68,559.10,213.03,378.50,1,-1,-1,-1
252,16,1158.35,536.41,64.26,135.41,1,-1,-1,-1
253,4,1307.11,528.26,79.08,119.26,1,-1,-1,-1
253,5,1030.89,546.73,127.11,185.52,1,-1,-1,-1
253,10,672.14,559.09,212.89,378.25,1,-1,-1,-1
253,16,1158.35,536.43,64.25,135.38,1,-1,-1,-1
255,18,1209.49,527.30,72.87,114.02,1,-1,-1,-1
256,18,1200.73,530.66,68.67,107.37,1,-1,-1,-1
257,18,1190.71,532.91,66.10,103.39,1,-1,-1,-1
258,18,1177.60,530.12,67.24,105.32,1,-1,-1,-1
259,5,1008.53,538.79,91.42,138.62,1,-1,-1,-1
259,18,1166.87,528.74,69.57,108.89,1,-1,-1,-1
260,5,1008.20,538.24,86.77,135.79,1,-1,-1,-1
260,18,1163.37,528.35,70.48,110.24,1,-1,-1,-1
260,20,920.18,551.99,110.25,174.89,1,-1,-1,-1
261,5,1004.01,537.68,83.24,132.83,1,-1,-1,-1
261,10,564.81,563.29,213.41,375.86,1,-1,-1,-1
261,18,1157.18,528.62,70.60,110.05,1,-1,-1,-1
261,20,919.12,552.01,110.65,175.52,1,-1,-1,-1
262,5,997.94,538.48,81.16,131.87,1,-1,-1,-1
262,10,557.06,563.46,215.27,377.26,1,-1,-1,-1
262,18,1149.99,527.88,70.28,109.68,1,-1,-1,-1
262,20,900.94,550.16,112.64,178.92,1,-1,-1,-1
263,5,989.98,537.14,79.40,131.47,1,-1,-1,-1
263,10,546.43,563.10,217.52,378.42,1,-1,-1,-1
263,18,1142.50,528.62,68.21,106.61,1,-1,-1,-1
263,20,894.96,550.57,111.26,176.45,1,-1,-1,-1
264,5,985.94,536.59,77.73,128.70,1,-1,-1,-1
264,10,538.50,563.32,217.54,378.44,1,-1,-1,-1
264,18,1135.06,528.76,68.02,105.87,1,-1,-1,-1
264,20,889.31,550.29,111.59,176.98,1,-1,-1,-1
265,18,1124.16,528.22,70.26,109.08,1,-1,-1,-1
266,18,1120.25,528.01,71.15,110.27,1,-1,-1,-1
267,18,1112.71,526.70,71.50,110.82,1,-1,-1,-1
268,18,1104.21,524.88,72.29,112.47,1,-1,-1,-1
269,10,512.46,565.11,216.40,375.32,1,-1,-1,-1
269,18,1096.13,525.54,71.47,111.10,1,-1,-1,-1
269,20,854.64,550.33,108.54,172.72,1,-1,-1,-1
270,10,508.35,565.40,216.16,373.92,1,-1,-1,-1
270,18,1089.62,525.72,71.20,110.47,1,-1,-1,-1
270,20,847.88,549.47,108.42,171.95,1,-1,-1,-1
271,5,934.65,536.94,80.82,135.76,1,-1,-1,-1
271,10,509.31,568.18,214.69,371.86,1,-1,-1,-1
271,18,1085.22,525.98,72.06,111.66,1,-1,-1,-1
271,20,845.10,549.48,108.42,171.32,1,-1,-1,-1
272,5,933.00,536.73,79.38,134.95,1,-1,-1,-1
272,10,510.39,569.45,213.75,370.85,1,-1,-1,-1
272,18,1083.77,526.04,72.47,112.08,1,-1,-1,-1
272,20,843.76,549.61,108.93,171.61,1,-1,-1,-1
273,5,934.39,535.73,77.65,133.71,1,-1,-1,-1
273,10,505.49,570.08,213.40,370.24,1,-1,-1,-1
273,18,1084.86,526.03,71.68,110.80,1,-1,-1,-1
273,20,844.62,549.33,109.11,171.68,1,-1,-1,-1
274,5,936.77,534.55,76.47,133.15,1,-1,-1,-1
274,10,517.55,566.28,212.87,371.68,1,-1,-1,-1
274,18,1086.48,525.59,71.24,110.28,1,-1,-1,-1
274,20,845.59,548.26,109.95,173.38,1,-1,-1,-1
275,5,938.23,534.04,76.50,134.75,1,-1,-1,-1
275,10,522.54,564.94,212.97,372.13,1,-1,-1,-1
275,18,1087.89,525.73,70.74,109.72,1,-1,-1,-1
275,20,847.02,548.16,109.73,173.29,1,-1,-1,-1
276,5,934.44,533.67,76.31,134.41,1,-1,-1,-1
276,10,520.29,564.93,212.80,371.84,1,-1,-1,-1
276,18,1089.18,526.14,70.45,109.35,1,-1,-1,-1
276,20,849.21,548.04,109.89,174.12,1,-1,-1,-1
277,18,1090.65,526.50,70.64,109.43,1,-1,-1,-1
277,20,852.14,549.07,109.38,174.07,1,-1,-1,-1
278,18,1091.33,526.55,70.86,109.56,1,-1,-1,-1
278,20,853.63,549.40,108.83,173.91,1,-1,-1,-1
279,18,1091.99,526.30,71.42,110.28,1,-1,-1,-1
279,20,854.52,548.83,108.37,173.61,1,-1,-1,-1
280,18,1092.94,525.69,71.83,110.89,1,-1,-1,-1
280,20,855.01,548.24,108.89,174.99,1,-1,-1,-1
281,18,1093.36,525.44,71.99,111.10,1,-1,-1,-1
281,20,855.40,547.98,108.78,175.31,1,-1,-1,-1
282,18,1094.01,525.04,72.15,111.47,1,-1,-1,-1
282,20,856.03,549.07,107.82,173.66,1,-1,-1,-1
283,18,1094.08,525.51,72.81,112.04,1,-1,-1,-1
283,20,858.27,550.15,107.63,173.68,1,-1,-1,-1
284,18,1094.13,525.49,73.65,112.91,1,-1,-1,-1
284,20,857.71,550.24,107.62,173.66,1,-1,-1,-1
285,18,1094.10,525.70,74.19,113.23,1,-1,-1,-1
286,18,1095.67,525.51,74.18,112.96,1,-1,-1,-1
287,18,1096.47,525.50,74.23,112.72,1,-1,-1,-1
288,18,1097.69,525.45,74.20,112.62,1,-1,-1,-1
288,20,870.43,552.09,104.62,169.07,1,-1,-1,-1
289,18,1098.61,525.43,74.04,112.48,1,-1,-1,-1
289,20,871.23,552.31,104.36,168.64,1,-1,-1,-1
290,18,1099.97,525.93,73.17,111.30,1,-1,-1,-1
291,10,571.38,584.29,203.17,350.79,1,-1,-1,-1
291,18,1101.83,526.58,72.52,110.38,1,-1,-1,-1
292,10,574.00,585.38,202.46,349.55,1,-1,-1,-1
292,18,1103.09,527.42,71.89,109.05,1,-1,-1,-1
293,18,1103.33,527.70,71.75,108.45,1,-1,-1,-1
294,10,577.37,579.63,205.27,354.76,1,-1,-1,-1
294,18,1104.31,528.11,71.97,108.22,1,-1,-1,-1
295,10,579.79,579.90,205.02,354.32,1,-1,-1,-1
295,18,1104.09,528.10,73.61,109.76,1,-1,-1,-1
295,20,878.99,554.23,102.61,166.01,1,-1,-1,-1
296,18,1103.53,527.76,75.11,111.07,1,-1,-1,-1
296,20,878.76,553.65,103.88,167.50,1,-1,-1,-1
297,18,1102.41,527.64,76.70,112.52,1,-1,-1,-1
297,20,878.53,553.63,104.40,168.06,1,-1,-1,-1
298,18,1100.12,527.13,76.00,111.61,1,-1,-1,-1
298,20,879.34,553.80,104.31,167.91,1,-1,-1,-1
299,18,1099.37,526.86,75.72,111.33,1,-1,-1,-1
300,18,1096.92,525.98,75.17,110.88,1,-1,-1,-1
301,18,1093.71,525.88,75.23,111.30,1,-1,-1,-1
302,18,1092.98,525.78,75.26,111.35,1,-1,-1,-1
303,18,1088.26,525.15,74.95,111.67,1,-1,-1,-1
304,10,585.78,621.15,184.66,307.24,1,-1,-1,-1
304,18,1082.41,525.33,77.51,115.50,1,-1,-1,-1
304,20,861.28,552.39,103.86,167.41,1,-1,-1,-1
305,5,755.92,578.61,118.52,208.67,1,-1,-1,-1
305,10,581.04,623.11,187.22,304.27,1,-1,-1,-1
305,18,1079.08,525.73,74.96,111.88,1,-1,-1,-1
305,20,859.43,551.74,103.05,166.95,1,-1,-1,-1
306,5,752.16,579.45,118.99,208.89,1,-1,-1,-1
306,10,576.81,620.04,191.68,307.00,1,-1,-1,-1
306,18,1073.97,524.91,75.17,112.33,1,-1,-1,-1
306,20,855.99,551.14,103.59,167.19,1,-1,-1,-1
307,5,750.24,579.79,118.51,207.03,1,-1,-1,-1
307,10,574.08,618.66,194.36,307.59,1,-1,-1,-1
307,18,1070.45,524.42,75.21,112.20,1,-1,-1,-1
307,20,855.08,551.03,102.86,164.94,1,-1,-1,-1
308,5,749.68,579.94,118.25,205.93,1,-1,-1,-1
308,10,572.71,618.37,196.17,307.57,1,-1,-1,-1
308,18,1069.05,524.26,75.42,112.28,1,-1,-1,-1
308,20,854.78,551.03,102.82,164.09,1,-1,-1,-1
309,5,748.30,580.45,117.47,203.57,1,-1,-1,-1
309,10,570.09,617.26,198.40,308.17,1,-1,-1,-1
309,18,1068.39,524.56,74.27,110.90,1,-1,-1,-1
309,20,853.61,550.91,102.56,163.68,1,-1,-1,-1
310,5,747.74,580.38,116.27,200.70,1,-1,-1,-1
310,10,569.72,617.10,199.21,306.99,1,-1,-1,-1
310,18,1065.34,525.16,75.11,111.46,1,-1,-1,-1
311,5,747.06,579.71,116.49,200.45,1,-1,-1,-1
311,10,568.91,617.64,200.17,305.90,1,-1,-1,-1
311,18,1063.48,525.44,75.50,111.39,1,-1,-1,-1
312,5,745.30,580.99,118.43,203.18,1,-1,-1,-1
312,10,568.97,618.55,199.17,304.37,1,-1,-1,-1
312,18,1061.19,524.99,76.82,113.10,1,-1,-1,-1
313,5,743.15,580.15,120.18,205.99,1,-1,-1,-1
313,18,1058.31,523.61,78.51,115.89,1,-1,-1,-1
314,5,743.03,581.04,120.12,205.62,1,-1,-1,-1
314,18,1057.29,523.11,79.03,116.89,1,-1,-1,-1
315,5,739.61,581.93,120.85,206.89,1,-1,-1,-1
315,10,573.04,616.72,198.66,301.92,1,-1,-1,-1
315,18,1054.98,522.45,80.01,118.56,1,-1,-1,-1
316,10,570.17,615.34,200.97,304.38,1,-1,-1,-1
316,18,1053.39,523.52,78.12,115.45,1,-1,-1,-1
317,10,570.34,615.60,200.38,303.47,1,-1,-1,-1
317,18,1051.14,523.35,75.58,112.23,1,-1,-1,-1
318,18,1049.04,523.21,75.50,112.10,1,-1,-1,-1
318,20,836.35,552.06,102.85,164.16,1,-1,-1,-1
319,20,834.03,552.17,103.06,164.44,1,-1,-1,-1
320,20,833.56,552.15,103.16,164.62,1,-1,-1,-1
321,18,1042.79,523.70,72.79,109.01,1,-1,-1,-1
321,20,832.45,552.65,102.67,164.15,1,-1,-1,-1
322,18,1040.66,523.65,72.53,108.62,1,-1,-1,-1
322,20,830.99,552.56,102.77,164.66,1,-1,-1,-1
323,18,1034.64,521.31,76.36,114.91,1,-1,-1,-1
323,20,829.77,552.88,102.65,164.99,1,-1,-1,-1
324,18,1032.49,520.44,75.90,114.46,1,-1,-1,-1
324,20,828.24,552.98,102.66,165.00,1,-1,-1,-1
325,18,1029.62,520.85,77.21,115.98,1,-1,-1,-1
326,18,1028.60,521.02,77.82,116.53,1,-1,-1,-1
327,18,1028.82,520.98,76.81,114.61,1,-1,-1,-1
328,18,1029.61,521.23,74.84,111.47,1,-1,-1,-1
329,10,566.10,611.69,204.51,309.63,1,-1,-1,-1
329,18,1029.79,521.85,74.23,110.25,1,-1,-1,-1
330,10,565.87,611.51,204.63,309.81,1,-1,-1,-1
330,18,1029.36,522.20,73.78,108.84,1,-1,-1,-1
331,18,1028.98,522.27,73.89,108.55,1,-1,-1,-1
332,18,1028.70,522.30,74.14,108.52,1,-1,-1,-1
333,18,1027.91,522.95,73.86,107.49,1,-1,-1,-1
333,20,824.70,550.06,106.92,171.19,1,-1,-1,-1
334,18,1026.77,522.85,74.61,108.12,1,-1,-1,-1
334,20,824.91,549.61,106.38,169.24,1,-1,-1,-1
335,18,1026.65,522.69,74.53,107.55,1,-1,-1,-1
335,20,825.70,548.84,106.63,169.08,1,-1,-1,-1
