3,1,383.73,907.24,62.80,31.45,1,-1,-1,-1
4,1,383.73,907.23,62.85,31.48,1,-1,-1,-1
5,1,383.73,907.23,62.87,31.48,1,-1,-1,-1
6,1,383.73,907.23,62.87,31.49,1,-1,-1,-1
7,1,383.72,907.23,62.86,31.49,1,-1,-1,-1
8,1,383.83,907.28,62.75,31.42,1,-1,-1,-1
9,1,383.81,907.25,62.80,31.40,1,-1,-1,-1
10,1,383.51,907.22,62.82,31.35,1,-1,-1,-1
11,1,383.35,907.18,62.84,31.25,1,-1,-1,-1
12,1,383.58,907.10,62.54,31.01,1,-1,-1,-1
13,1,383.30,907.06,63.01,31.16,1,-1,-1,-1
14,1,383.52,907.21,62.67,30.97,1,-1,-1,-1
15,1,383.84,907.33,62.16,30.69,1,-1,-1,-1
16,1,383.49,907.11,63.23,31.25,1,-1,-1,-1
17,1,377.82,903.45,72.27,36.12,1,-1,-1,-1
18,1,375.09,904.12,72.43,36.32,1,-1,-1,-1
19,1,374.38,907.10,70.74,35.25,1,-1,-1,-1
20,1,378.11,907.82,64.21,31.47,1,-1,-1,-1
20,2,1674.88,739.97,41.02,16.56,1,-1,-1,-1
21,1,374.29,906.93,68.32,33.22,1,-1,-1,-1
21,2,1675.03,740.29,40.77,16.46,1,-1,-1,-1
22,1,373.57,906.87,68.68,33.39,1,-1,-1,-1
22,2,1675.91,740.09,40.88,16.51,1,-1,-1,-1
23,2,1676.68,740.04,38.67,15.62,1,-1,-1,-1
24,2,1678.56,740.32,36.15,14.63,1,-1,-1,-1
25,2,1679.31,740.38,35.39,14.32,1,-1,-1,-1
31,6,356.43,921.03,61.68,27.50,1,-1,-1,-1
32,6,351.83,924.92,54.26,24.36,1,-1,-1,-1
33,6,353.92,922.35,60.30,27.10,1,-1,-1,-1
34,1,355.30,919.05,62.43,30.84,1,-1,-1,-1
34,6,353.05,922.11,61.42,27.61,1,-1,-1,-1
35,1,353.08,919.70,59.22,30.58,1,-1,-1,-1
36,1,353.39,921.81,55.09,29.21,1,-1,-1,-1
37,1,351.75,922.75,53.36,29.18,1,-1,-1,-1
38,1,351.11,923.81,53.38,29.66,1,-1,-1,-1
39,1,348.49,920.76,59.56,34.16,1,-1,-1,-1
40,1,346.42,918.93,62.56,36.68,1,-1,-1,-1
41,1,346.07,921.46,60.38,35.76,1,-1,-1,-1
42,1,344.31,921.86,61.26,36.28,1,-1,-1,-1
43,1,346.40,921.86,60.68,36.25,1,-1,-1,-1
44,1,348.78,921.99,57.30,34.29,1,-1,-1,-1
45,1,347.72,922.34,57.69,34.52,1,-1,-1,-1
46,1,348.28,923.30,58.93,34.50,1,-1,-1,-1
47,1,347.45,923.70,59.29,34.71,1,-1,-1,-1
54,1,327.78,936.46,46.83,27.40,1,-1,-1,-1
55,1,327.12,938.85,43.66,24.86,1,-1,-1,-1
56,1,327.96,938.41,49.03,26.83,1,-1,-1,-1
57,1,327.00,939.88,49.76,26.45,1,-1,-1,-1
58,1,325.10,937.72,55.97,29.20,1,-1,-1,-1
59,1,323.02,935.28,63.25,32.40,1,-1,-1,-1
59,10,336.14,930.04,77.19,36.29,1,-1,-1,-1
60,1,319.79,935.29,64.50,32.88,1,-1,-1,-1
60,10,322.89,929.06,79.74,37.62,1,-1,-1,-1
61,1,321.45,938.54,60.01,29.64,1,-1,-1,-1
61,10,320.02,928.49,80.72,38.08,1,-1,-1,-1
62,1,320.52,939.06,60.31,29.79,1,-1,-1,-1
62,6,321.21,939.09,66.44,28.82,1,-1,-1,-1
62,11,318.16,946.79,58.97,20.61,1,-1,-1,-1
63,6,319.65,938.88,67.87,29.27,1,-1,-1,-1
63,11,317.56,945.50,63.41,22.17,1,-1,-1,-1
64,6,316.37,937.20,71.93,31.56,1,-1,-1,-1
64,11,317.86,945.16,65.11,22.77,1,-1,-1,-1
65,6,314.14,936.20,75.78,33.55,1,-1,-1,-1
65,11,314.96,944.67,70.28,24.58,1,-1,-1,-1
66,1,317.03,941.63,57.23,28.07,1,-1,-1,-1
66,6,312.38,936.19,77.35,34.25,1,-1,-1,-1
66,11,313.11,947.18,64.41,22.63,1,-1,-1,-1
67,1,315.60,940.32,60.01,29.41,1,-1,-1,-1
67,11,310.29,946.76,66.84,23.65,1,-1,-1,-1
68,1,314.72,940.75,61.06,29.60,1,-1,-1,-1
68,11,309.24,947.51,65.81,23.33,1,-1,-1,-1
69,1,314.79,940.17,63.65,30.51,1,-1,-1,-1
69,11,309.21,947.70,66.28,23.52,1,-1,-1,-1
70,1,312.80,940.00,67.42,32.08,1,-1,-1,-1
70,11,308.29,947.85,67.24,23.86,1,-1,-1,-1
71,1,310.11,941.91,66.04,31.45,1,-1,-1,-1
72,1,309.06,942.30,66.55,31.69,1,-1,-1,-1
72,6,307.19,946.39,61.23,26.96,1,-1,-1,-1
73,1,307.26,942.14,67.45,32.38,1,-1,-1,-1
73,6,306.63,948.63,58.41,25.52,1,-1,-1,-1
74,1,305.75,940.36,73.84,35.47,1,-1,-1,-1
74,6,304.45,947.05,63.67,27.89,1,-1,-1,-1
75,1,304.57,940.48,75.02,36.03,1,-1,-1,-1
75,6,304.18,949.32,59.79,25.88,1,-1,-1,-1
76,6,302.31,951.10,57.79,24.73,1,-1,-1,-1
77,6,301.13,952.10,56.83,24.32,1,-1,-1,-1
87,12,284.82,970.37,31.30,16.56,1,-1,-1,-1
88,12,285.24,971.08,31.84,16.71,1,-1,-1,-1
89,12,285.04,971.47,32.52,16.94,1,-1,-1,-1
90,1,277.48,963.05,56.96,27.96,1,-1,-1,-1
90,12,283.92,969.86,37.35,19.30,1,-1,-1,-1
91,1,277.69,964.28,51.82,25.95,1,-1,-1,-1
91,12,272.34,956.47,64.33,33.97,1,-1,-1,-1
92,1,277.18,964.23,52.36,26.32,1,-1,-1,-1
92,12,268.32,951.62,73.86,39.83,1,-1,-1,-1
93,1,277.61,965.76,50.49,25.38,1,-1,-1,-1
93,12,266.01,949.14,79.85,43.07,1,-1,-1,-1
94,1,276.06,963.94,54.90,27.95,1,-1,-1,-1
95,1,273.44,960.86,60.36,31.24,1,-1,-1,-1
96,1,271.68,959.35,63.39,33.03,1,-1,-1,-1
97,1,272.33,960.65,61.58,31.67,1,-1,-1,-1
97,13,1864.19,799.15,46.53,22.09,1,-1,-1,-1
98,1,271.50,960.80,62.74,31.76,1,-1,-1,-1
98,13,1860.60,800.22,42.04,20.01,1,-1,-1,-1
99,1,271.61,959.99,64.38,32.09,1,-1,-1,-1
99,13,1859.09,800.82,45.13,21.50,1,-1,-1,-1
100,1,270.62,959.90,65.27,32.54,1,-1,-1,-1
100,6,264.16,958.34,80.18,34.34,1,-1,-1,-1
100,13,1857.35,801.17,45.12,21.50,1,-1,-1,-1
101,6,263.41,959.57,80.05,33.86,1,-1,-1,-1
102,6,263.89,960.71,78.68,32.83,1,-1,-1,-1
103,6,262.82,960.37,81.65,33.74,1,-1,-1,-1
104,6,260.85,959.74,85.10,34.96,1,-1,-1,-1
105,6,259.87,960.84,86.21,35.19,1,-1,-1,-1
106,6,257.90,961.26,88.40,35.99,1,-1,-1,-1
107,6,257.42,960.93,89.43,36.26,1,-1,-1,-1
108,1,270.70,955.50,71.48,35.75,1,-1,-1,-1
108,6,253.45,958.76,94.48,38.73,1,-1,-1,-1
109,1,270.29,955.14,72.32,36.17,1,-1,-1,-1
109,6,250.96,957.83,97.10,40.30,1,-1,-1,-1
109,14,244.54,966.34,91.25,30.39,1,-1,-1,-1
110,6,253.75,959.91,93.34,38.60,1,-1,-1,-1
110,14,247.02,969.42,82.64,27.64,1,-1,-1,-1
111,6,252.45,960.06,94.49,39.07,1,-1,-1,-1
111,14,243.68,970.99,77.65,26.30,1,-1,-1,-1
112,6,251.99,960.58,94.10,39.01,1,-1,-1,-1
112,14,241.74,970.10,80.36,27.57,1,-1,-1,-1
113,6,250.76,960.76,95.13,39.44,1,-1,-1,-1
113,14,236.73,967.97,86.26,30.20,1,-1,-1,-1
114,14,235.37,968.10,85.60,30.64,1,-1,-1,-1
115,14,235.42,969.45,82.79,30.28,1,-1,-1,-1
116,14,236.52,970.39,80.72,30.09,1,-1,-1,-1
117,14,234.33,970.64,81.47,30.37,1,-1,-1,-1
120,1,245.28,965.02,71.03,35.60,1,-1,-1,-1
120,14,242.11,974.90,70.63,26.26,1,-1,-1,-1
121,1,244.21,965.47,70.92,35.69,1,-1,-1,-1
121,14,241.40,975.51,70.02,26.03,1,-1,-1,-1
122,1,243.84,966.52,69.88,34.86,1,-1,-1,-1
123,1,243.61,967.87,70.26,34.44,1,-1,-1,-1
124,1,242.90,968.78,71.20,34.36,1,-1,-1,-1
125,1,240.85,968.64,73.49,35.16,1,-1,-1,-1
126,1,240.03,968.37,75.24,35.49,1,-1,-1,-1
127,1,239.17,966.71,80.06,37.37,1,-1,-1,-1
128,1,238.96,966.81,80.57,37.03,1,-1,-1,-1
129,1,238.11,967.04,81.04,37.25,1,-1,-1,-1
129,14,234.20,969.82,91.34,34.11,1,-1,-1,-1
130,14,233.04,967.84,95.88,36.17,1,-1,-1,-1
131,14,233.49,967.05,96.90,36.64,1,-1,-1,-1
132,1,238.75,967.62,74.42,33.80,1,-1,-1,-1
132,14,232.68,966.66,98.63,37.29,1,-1,-1,-1
133,1,233.53,967.97,69.04,32.10,1,-1,-1,-1
134,1,229.65,971.12,66.43,30.91,1,-1,-1,-1
135,1,228.57,970.57,68.66,31.94,1,-1,-1,-1
136,1,228.55,972.13,67.24,31.15,1,-1,-1,-1
137,1,227.67,972.32,68.15,31.65,1,-1,-1,-1
138,1,226.33,973.37,66.47,31.15,1,-1,-1,-1
139,1,226.21,974.08,65.75,30.69,1,-1,-1,-1
140,1,225.30,975.48,64.70,30.40,1,-1,-1,-1
141,1,223.72,974.89,65.63,31.23,1,-1,-1,-1
142,1,220.93,971.91,71.54,34.66,1,-1,-1,-1
143,1,221.73,971.86,69.41,33.85,1,-1,-1,-1
144,1,223.29,974.23,64.50,31.37,1,-1,-1,-1
145,1,224.95,975.51,62.18,30.13,1,-1,-1,-1
146,1,225.93,974.74,61.68,29.95,1,-1,-1,-1
147,1,228.30,974.19,62.63,30.45,1,-1,-1,-1
148,1,228.79,973.31,64.11,31.30,1,-1,-1,-1
149,1,229.32,972.17,65.30,32.09,1,-1,-1,-1
150,1,230.51,970.47,66.72,32.79,1,-1,-1,-1
151,1,232.62,970.53,63.56,31.49,1,-1,-1,-1
152,1,235.41,972.96,57.61,28.34,1,-1,-1,-1
153,1,233.69,972.08,59.68,29.04,1,-1,-1,-1
154,1,234.03,972.04,59.22,28.81,1,-1,-1,-1
154,14,224.79,971.97,76.49,29.68,1,-1,-1,-1
155,14,221.47,973.31,75.99,29.05,1,-1,-1,-1
156,1,226.62,969.73,70.00,33.59,1,-1,-1,-1
156,14,220.79,973.69,74.96,28.65,1,-1,-1,-1
157,1,223.55,968.84,73.08,35.02,1,-1,-1,-1
157,17,211.20,990.29,38.55,14.74,1,-1,-1,-1
158,1,218.84,969.32,76.06,36.00,1,-1,-1,-1
158,17,211.36,990.22,40.12,15.33,1,-1,-1,-1
159,1,217.77,969.05,77.12,36.49,1,-1,-1,-1
159,14,212.87,970.31,94.04,35.95,1,-1,-1,-1
159,17,210.94,990.28,41.40,15.84,1,-1,-1,-1
160,14,211.82,969.88,97.13,37.17,1,-1,-1,-1
160,17,209.78,989.92,43.97,16.91,1,-1,-1,-1
161,14,210.32,969.57,99.51,38.08,1,-1,-1,-1
161,17,207.88,989.23,44.64,17.26,1,-1,-1,-1
162,17,207.04,988.87,46.54,18.10,1,-1,-1,-1
163,17,206.55,988.49,47.29,18.49,1,-1,-1,-1
164,17,206.79,987.14,51.00,20.06,1,-1,-1,-1
165,17,205.96,986.42,53.39,21.13,1,-1,-1,-1
166,17,204.70,985.44,56.10,22.40,1,-1,-1,-1
166,20,201.01,974.55,69.29,35.09,1,-1,-1,-1
167,17,203.95,985.00,57.88,23.11,1,-1,-1,-1
167,20,200.23,971.67,73.97,37.73,1,-1,-1,-1
168,20,200.69,970.06,76.43,39.30,1,-1,-1,-1
169,20,200.86,969.36,76.58,39.71,1,-1,-1,-1
170,20,202.45,969.21,75.19,39.30,1,-1,-1,-1
171,20,206.77,972.52,67.07,34.91,1,-1,-1,-1
172,20,207.60,973.20,66.15,34.41,1,-1,-1,-1
173,20,208.68,974.41,64.29,33.28,1,-1,-1,-1
174,20,207.62,974.73,63.41,32.65,1,-1,-1,-1
175,20,208.14,975.16,62.96,32.06,1,-1,-1,-1
176,14,200.48,976.17,80.17,31.45,1,-1,-1,-1
176,20,208.22,974.96,63.17,32.17,1,-1,-1,-1
177,14,199.61,976.48,79.65,31.25,1,-1,-1,-1
177,20,207.96,974.55,67.94,34.30,1,-1,-1,-1
178,20,208.24,973.96,68.83,34.60,1,-1,-1,-1
179,20,210.20,973.44,68.23,34.00,1,-1,-1,-1
180,14,205.77,976.84,77.42,29.98,1,-1,-1,-1
180,20,210.56,973.14,68.73,34.25,1,-1,-1,-1
181,14,204.95,976.54,78.73,30.36,1,-1,-1,-1
182,14,205.06,976.71,78.24,30.17,1,-1,-1,-1
183,20,211.05,971.18,69.00,33.82,1,-1,-1,-1
184,20,211.40,970.78,69.28,33.95,1,-1,-1,-1
185,14,206.37,971.01,85.35,33.28,1,-1,-1,-1
186,14,206.22,968.96,89.65,35.22,1,-1,-1,-1
187,14,206.32,968.24,90.74,35.65,1,-1,-1,-1
188,20,207.12,966.92,74.93,37.04,1,-1,-1,-1
189,20,206.25,970.97,66.75,33.37,1,-1,-1,-1
190,20,204.55,966.89,73.03,37.98,1,-1,-1,-1
191,20,205.25,966.13,72.02,38.52,1,-1,-1,-1
192,20,207.94,966.21,70.71,37.84,1,-1,-1,-1
193,20,212.93,967.50,68.97,36.43,1,-1,-1,-1
194,20,213.20,968.72,63.33,33.54,1,-1,-1,-1
195,20,210.67,968.98,63.61,33.48,1,-1,-1,-1
196,20,209.52,969.88,62.07,32.53,1,-1,-1,-1
197,20,210.26,970.56,59.12,30.86,1,-1,-1,-1
198,20,210.53,970.36,58.12,30.14,1,-1,-1,-1
198,24,205.48,986.99,44.10,14.67,1,-1,-1,-1
199,14,210.65,971.42,74.65,29.89,1,-1,-1,-1
199,20,210.60,970.40,57.26,29.69,1,-1,-1,-1
199,24,205.43,987.33,43.09,14.33,1,-1,-1,-1
199,25,12.17,651.45,28.83,14.70,1,-1,-1,-1
200,14,209.84,971.68,76.78,30.37,1,-1,-1,-1
200,25,15.05,651.76,28.15,14.36,1,-1,-1,-1
201,14,207.84,972.38,77.98,31.14,1,-1,-1,-1
202,14,207.04,969.71,85.79,34.60,1,-1,-1,-1
202,20,210.67,973.28,58.98,30.22,1,-1,-1,-1
203,14,205.47,969.18,87.07,35.80,1,-1,-1,-1
203,20,209.11,972.65,61.08,31.46,1,-1,-1,-1
204,14,204.89,968.87,88.45,36.36,1,-1,-1,-1
204,20,207.26,969.36,66.61,34.75,1,-1,-1,-1
205,20,205.26,968.88,66.77,35.78,1,-1,-1,-1
206,20,205.67,966.30,68.89,38.06,1,-1,-1,-1
207,20,209.68,965.33,69.23,38.56,1,-1,-1,-1
208,20,212.68,965.22,66.39,37.26,1,-1,-1,-1
209,20,214.78,966.08,62.48,35.27,1,-1,-1,-1
210,20,215.38,966.52,59.72,33.97,1,-1,-1,-1
211,20,216.69,965.95,61.62,35.13,1,-1,-1,-1
212,20,217.64,965.37,62.16,35.52,1,-1,-1,-1
213,20,217.99,965.19,64.53,37.06,1,-1,-1,-1
214,20,217.54,965.32,65.33,37.75,1,-1,-1,-1
215,20,218.65,966.15,64.61,37.35,1,-1,-1,-1
216,20,219.86,965.49,66.45,38.22,1,-1,-1,-1
217,14,210.91,965.89,86.30,36.59,1,-1,-1,-1
217,20,220.34,965.30,67.03,38.55,1,-1,-1,-1
218,14,214.65,967.71,81.59,34.57,1,-1,-1,-1
219,14,213.35,966.78,83.09,35.73,1,-1,-1,-1
220,14,214.19,966.87,84.21,36.27,1,-1,-1,-1
221,14,216.09,967.28,82.16,35.07,1,-1,-1,-1
222,14,216.88,966.83,84.50,35.87,1,-1,-1,-1
223,14,217.38,966.36,85.93,36.34,1,-1,-1,-1
224,14,217.78,966.25,86.18,36.33,1,-1,-1,-1
225,14,221.92,967.51,82.03,34.06,1,-1,-1,-1
226,14,223.87,962.86,91.71,38.01,1,-1,-1,-1
227,14,225.18,961.49,95.83,39.65,1,-1,-1,-1
228,14,226.40,960.85,96.99,40.13,1,-1,-1,-1
238,20,213.10,978.32,46.34,25.77,1,-1,-1,-1
239,20,212.83,978.92,45.28,25.18,1,-1,-1,-1
240,20,207.08,976.17,54.60,31.21,1,-1,-1,-1
240,32,204.80,987.16,51.96,20.20,1,-1,-1,-1
241,20,205.89,976.28,55.28,31.60,1,-1,-1,-1
241,32,201.41,988.23,54.55,21.43,1,-1,-1,-1
242,32,195.06,986.34,63.34,25.27,1,-1,-1,-1
243,32,190.78,987.30,66.37,26.95,1,-1,-1,-1
244,20,196.60,982.84,57.05,32.66,1,-1,-1,-1
244,32,187.30,987.00,70.70,28.71,1,-1,-1,-1
245,20,188.65,986.09,56.99,33.76,1,-1,-1,-1
246,20,185.92,987.26,57.77,34.22,1,-1,-1,-1
247,33,182.40,997.12,48.03,27.48,1,-1,-1,-1
248,33,179.03,999.72,50.65,28.82,1,-1,-1,-1
249,33,174.15,1001.43,56.19,31.86,1,-1,-1,-1
250,33,166.42,1003.37,59.68,33.94,1,-1,-1,-1
251,33,162.50,1004.95,62.37,35.46,1,-1,-1,-1
255,35,137.66,1021.82,53.80,28.30,1,-1,-1,-1
256,35,137.41,1023.69,51.79,27.25,1,-1,-1,-1
287,37,864.69,570.36,22.13,14.66,1,-1,-1,-1
288,37,861.91,570.53,22.61,15.06,1,-1,-1,-1
289,37,860.79,570.98,23.67,15.83,1,-1,-1,-1
290,37,860.22,572.13,23.26,15.51,1,-1,-1,-1
291,37,865.09,573.31,26.48,17.33,1,-1,-1,-1
292,37,865.57,573.82,27.84,18.21,1,-1,-1,-1
419,55,955.42,712.45,28.25,16.68,1,-1,-1,-1
420,55,955.16,712.29,27.85,16.44,1,-1,-1,-1
420,57,1347.81,892.71,28.66,11.81,1,-1,-1,-1
421,57,1349.65,892.32,29.32,12.10,1,-1,-1,-1
422,57,1350.82,891.92,29.85,12.32,1,-1,-1,-1
474,62,844.13,663.25,27.86,14.71,1,-1,-1,-1
475,62,843.07,662.72,26.08,13.80,1,-1,-1,-1
476,62,842.81,661.69,29.73,15.79,1,-1,-1,-1
477,62,842.02,661.15,30.16,16.02,1,-1,-1,-1
478,62,840.58,659.45,30.28,16.18,1,-1,-1,-1
479,62,839.74,658.14,30.82,16.57,1,-1,-1,-1
480,62,838.71,656.55,32.23,17.48,1,-1,-1,-1
481,62,837.75,655.60,32.86,17.82,1,-1,-1,-1
499,62,838.42,643.94,31.77,17.49,1,-1,-1,-1
500,62,838.29,644.16,30.73,17.07,1,-1,-1,-1
501,62,837.50,644.23,29.75,16.63,1,-1,-1,-1
502,62,837.02,644.43,29.79,16.87,1,-1,-1,-1
503,62,837.54,644.57,29.51,16.80,1,-1,-1,-1
504,62,839.28,644.77,28.51,16.40,1,-1,-1,-1
505,62,839.37,644.54,28.35,16.30,1,-1,-1,-1
510,62,844.33,643.58,25.37,14.64,1,-1,-1,-1
511,62,844.43,643.24,26.46,15.37,1,-1,-1,-1
512,62,845.33,643.14,26.60,15.49,1,-1,-1,-1
513,62,845.58,643.66,27.22,15.87,1,-1,-1,-1
514,62,846.22,644.26,26.40,15.40,1,-1,-1,-1
515,62,846.56,644.97,25.65,15.03,1,-1,-1,-1
516,62,847.51,644.90,25.85,15.04,1,-1,-1,-1
517,62,848.04,644.93,25.69,14.95,1,-1,-1,-1
592,72,1371.27,907.66,45.24,21.37,1,-1,-1,-1
593,72,1370.58,906.79,46.63,22.04,1,-1,-1,-1
594,72,1371.36,906.69,45.77,21.63,1,-1,-1,-1
595,72,1371.31,906.35,46.24,21.85,1,-1,-1,-1
616,76,1392.42,357.29,27.44,13.71,1,-1,-1,-1
617,76,1397.50,357.05,28.43,14.26,1,-1,-1,-1
618,76,1404.56,356.49,28.39,14.32,1,-1,-1,-1
619,76,1409.08,357.89,27.54,13.95,1,-1,-1,-1
620,76,1414.64,358.63,27.18,13.91,1,-1,-1,-1
621,76,1420.80,358.31,28.24,14.62,1,-1,-1,-1
622,76,1425.68,358.49,28.54,14.78,1,-1,-1,-1
623,76,1432.51,358.31,28.04,14.59,1,-1,-1,-1
624,76,1437.64,358.45,28.25,14.70,1,-1,-1,-1
625,76,1443.78,361.68,29.15,15.17,1,-1,-1,-1
626,76,1449.03,362.18,29.45,15.33,1,-1,-1,-1
627,76,1455.19,363.13,27.56,14.47,1,-1,-1,-1
628,76,1460.52,363.68,27.64,14.52,1,-1,-1,-1
633,76,1490.36,367.16,26.93,13.86,1,-1,-1,-1
634,76,1494.71,367.90,25.52,13.16,1,-1,-1,-1
635,76,1499.78,368.79,23.54,12.14,1,-1,-1,-1
636,76,1501.98,368.55,26.50,14.18,1,-1,-1,-1
637,76,1507.73,368.76,26.64,14.42,1,-1,-1,-1
638,76,1512.75,369.26,26.84,14.53,1,-1,-1,-1
639,76,1518.91,371.97,24.13,13.04,1,-1,-1,-1
640,76,1524.04,372.69,24.03,12.98,1,-1,-1,-1
643,79,1735.82,834.87,27.56,16.22,1,-1,-1,-1
644,79,1740.87,834.53,28.16,16.54,1,-1,-1,-1
645,79,1745.31,834.91,29.16,17.18,1,-1,-1,-1
646,79,1747.90,835.99,29.78,17.74,1,-1,-1,-1
647,79,1750.88,836.13,30.39,18.11,1,-1,-1,-1
649,79,1756.63,837.36,27.38,16.49,1,-1,-1,-1
650,79,1759.57,837.63,27.46,16.54,1,-1,-1,-1
659,81,935.29,904.55,23.54,14.34,1,-1,-1,-1
660,81,933.92,904.76,23.47,14.30,1,-1,-1,-1
666,84,1456.00,782.42,25.43,13.20,1,-1,-1,-1
667,84,1458.76,781.77,25.55,13.25,1,-1,-1,-1
668,84,1460.31,781.39,25.74,13.40,1,-1,-1,-1
669,84,1462.21,781.21,25.59,13.32,1,-1,-1,-1
670,84,1464.66,781.35,24.78,12.95,1,-1,-1,-1
671,84,1467.58,781.32,25.28,13.33,1,-1,-1,-1
672,84,1469.72,781.22,25.20,13.28,1,-1,-1,-1
705,87,1582.31,793.83,49.45,17.47,1,-1,-1,-1
706,87,1582.97,794.84,48.48,17.16,1,-1,-1,-1
707,87,1583.49,795.24,48.88,17.30,1,-1,-1,-1
772,92,1827.48,828.06,33.76,21.28,1,-1,-1,-1
773,92,1830.41,828.32,35.33,22.30,1,-1,-1,-1
774,92,1835.35,829.52,36.98,23.38,1,-1,-1,-1
775,92,1840.35,830.67,37.96,24.01,1,-1,-1,-1
776,92,1843.53,831.76,38.03,24.02,1,-1,-1,-1
777,92,1846.12,832.49,37.63,23.77,1,-1,-1,-1
778,92,1851.10,833.71,38.90,24.27,1,-1,-1,-1
779,92,1854.96,835.45,39.12,24.11,1,-1,-1,-1
780,92,1857.69,833.70,42.77,25.98,1,-1,-1,-1
781,92,1860.06,834.18,43.41,26.24,1,-1,-1,-1
782,92,1865.89,838.85,39.07,22.81,1,-1,-1,-1
783,92,1869.52,841.15,36.22,20.37,1,-1,-1,-1
784,92,1871.42,840.73,37.43,20.66,1,-1,-1,-1
785,92,1873.17,841.21,37.92,20.55,1,-1,-1,-1
786,92,1876.44,842.01,37.81,20.49,1,-1,-1,-1
788,92,1880.14,842.11,35.78,19.31,1,-1,-1,-1
789,92,1883.09,842.73,35.44,19.12,1,-1,-1,-1
798,100,963.46,663.76,24.39,15.66,1,-1,-1,-1
799,100,963.58,664.22,24.65,15.84,1,-1,-1,-1
800,100,964.73,664.73,25.09,16.16,1,-1,-1,-1
801,100,965.11,665.23,25.36,16.34,1,-1,-1,-1
805,100,961.97,665.90,24.11,15.57,1,-1,-1,-1
806,100,960.65,665.02,24.57,16.02,1,-1,-1,-1
807,100,961.27,664.41,25.17,16.44,1,-1,-1,-1
808,100,961.69,664.55,24.56,16.01,1,-1,-1,-1
809,100,961.83,664.64,24.54,15.93,1,-1,-1,-1
810,100,961.31,664.94,26.94,17.53,1,-1,-1,-1
811,100,961.06,665.13,27.49,17.89,1,-1,-1,-1
812,100,960.89,665.25,27.85,18.12,1,-1,-1,-1
814,100,960.14,664.71,31.10,20.55,1,-1,-1,-1
815,100,960.41,664.03,28.93,19.24,1,-1,-1,-1
816,100,960.22,664.02,29.33,19.50,1,-1,-1,-1
820,100,961.24,664.19,25.13,16.79,1,-1,-1,-1
821,100,961.93,663.75,24.85,16.66,1,-1,-1,-1
822,100,961.96,663.71,24.76,16.60,1,-1,-1,-1
823,100,965.83,663.52,23.57,15.68,1,-1,-1,-1
824,100,965.94,662.72,23.41,15.83,1,-1,-1,-1
825,100,966.37,662.56,23.23,15.71,1,-1,-1,-1
833,107,1738.13,847.07,23.20,9.85,1,-1,-1,-1
834,107,1742.59,847.93,25.59,10.79,1,-1,-1,-1
835,107,1746.02,847.83,28.66,12.06,1,-1,-1,-1
836,107,1749.62,848.31,29.60,12.45,1,-1,-1,-1
851,110,1014.25,657.72,28.25,16.00,1,-1,-1,-1
852,110,1015.37,657.78,27.81,15.75,1,-1,-1,-1
881,110,1077.45,640.81,34.64,20.36,1,-1,-1,-1
882,110,1080.60,640.37,32.12,19.43,1,-1,-1,-1
883,110,1082.74,639.80,32.28,19.52,1,-1,-1,-1
886,115,1087.43,640.21,23.67,16.89,1,-1,-1,-1
887,115,1088.02,639.71,23.79,16.97,1,-1,-1,-1
891,115,1100.01,638.40,26.55,19.09,1,-1,-1,-1
892,115,1102.03,638.01,27.04,19.44,1,-1,-1,-1
897,115,1109.50,638.66,23.29,16.62,1,-1,-1,-1
898,115,1111.30,638.49,23.22,16.57,1,-1,-1,-1
905,115,1125.46,639.73,27.79,20.00,1,-1,-1,-1
906,115,1127.24,639.98,27.58,19.88,1,-1,-1,-1
907,115,1127.94,639.86,26.98,19.23,1,-1,-1,-1
908,115,1128.82,638.99,27.31,19.43,1,-1,-1,-1
909,115,1130.54,638.94,27.52,19.59,1,-1,-1,-1
910,115,1131.43,640.68,26.23,18.59,1,-1,-1,-1
911,115,1133.08,640.80,26.29,18.63,1,-1,-1,-1
914,119,1841.29,835.00,33.11,15.64,1,-1,-1,-1
915,119,1844.47,833.71,35.41,16.80,1,-1,-1,-1
916,119,1849.06,834.59,35.73,16.97,1,-1,-1,-1
917,119,1851.83,834.77,35.94,17.08,1,-1,-1,-1
921,120,1862.22,841.78,53.89,17.13,1,-1,-1,-1
922,115,1148.90,639.39,32.39,22.72,1,-1,-1,-1
922,120,1864.31,843.00,53.32,17.08,1,-1,-1,-1
923,115,1149.78,640.48,35.00,24.90,1,-1,-1,-1
923,119,1876.63,844.69,35.40,16.68,1,-1,-1,-1
923,120,1864.80,843.29,54.04,17.31,1,-1,-1,-1
924,115,1150.71,640.45,34.93,25.32,1,-1,-1,-1
924,119,1879.38,844.64,35.46,16.68,1,-1,-1,-1
925,115,1152.05,642.02,31.57,22.89,1,-1,-1,-1
925,119,1882.64,844.76,34.04,16.09,1,-1,-1,-1
926,115,1154.49,641.52,29.81,21.51,1,-1,-1,-1
926,119,1887.39,846.78,29.16,13.73,1,-1,-1,-1
927,115,1155.97,641.61,29.88,21.55,1,-1,-1,-1
927,119,1889.17,847.78,26.37,12.40,1,-1,-1,-1
928,115,1155.82,642.04,29.17,21.26,1,-1,-1,-1
928,119,1892.55,848.78,25.29,11.90,1,-1,-1,-1
929,115,1157.11,642.17,29.19,21.27,1,-1,-1,-1
930,115,1158.19,641.81,27.93,20.29,1,-1,-1,-1
931,115,1159.46,641.88,27.79,20.20,1,-1,-1,-1
1006,126,106.17,198.57,46.12,19.48,1,-1,-1,-1
1007,126,110.79,198.67,46.37,19.58,1,-1,-1,-1
1007,127,1225.89,661.08,31.26,22.02,1,-1,-1,-1
1008,127,1225.55,660.68,31.36,22.09,1,-1,-1,-1
1025,127,1250.34,654.00,28.03,20.18,1,-1,-1,-1
1026,127,1248.44,655.45,26.76,19.54,1,-1,-1,-1
1027,127,1250.27,655.14,27.53,19.97,1,-1,-1,-1
1028,127,1252.08,656.16,25.96,18.49,1,-1,-1,-1
1029,127,1253.29,656.12,25.58,18.22,1,-1,-1,-1
1031,127,1255.29,658.49,22.90,16.03,1,-1,-1,-1
1032,127,1256.78,658.59,22.45,15.62,1,-1,-1,-1
1033,127,1258.03,658.83,21.78,15.15,1,-1,-1,-1
1041,134,1274.05,663.63,25.37,23.04,1,-1,-1,-1
1042,134,1274.59,663.68,24.92,22.63,1,-1,-1,-1
1055,140,1769.40,834.80,27.29,14.17,1,-1,-1,-1
1056,140,1771.16,835.06,28.27,14.68,1,-1,-1,-1
1058,140,1773.83,835.66,26.29,13.75,1,-1,-1,-1
1059,140,1775.41,835.93,26.55,13.88,1,-1,-1,-1
1086,140,1850.28,859.17,24.41,12.64,1,-1,-1,-1
1086,151,1703.22,830.78,31.77,14.36,1,-1,-1,-1
1087,140,1853.10,860.05,24.31,12.59,1,-1,-1,-1
1087,151,1705.20,831.41,30.64,13.88,1,-1,-1,-1
1088,140,1852.43,859.20,26.94,14.30,1,-1,-1,-1
1088,151,1706.61,831.95,29.62,13.41,1,-1,-1,-1
1089,140,1854.74,859.85,27.28,14.48,1,-1,-1,-1
1089,151,1709.48,832.62,28.93,13.16,1,-1,-1,-1
1090,151,1711.22,833.19,28.02,12.75,1,-1,-1,-1
1587,168,1536.46,233.54,30.16,12.46,1,-1,-1,-1
1588,168,1538.74,233.82,31.32,12.94,1,-1,-1,-1
1589,168,1542.98,234.54,33.26,13.81,1,-1,-1,-1
1590,168,1545.74,234.93,34.65,14.39,1,-1,-1,-1
1737,171,-0.68,0.00,31.28,18.75,1,-1,-1,-1
1738,171,-0.80,0.00,32.46,19.46,1,-1,-1,-1
1744,173,12.04,2.65,40.15,32.70,1,-1,-1,-1
1745,173,15.58,5.18,40.46,32.98,1,-1,-1,-1
1746,173,17.01,5.69,41.98,34.22,1,-1,-1,-1
1753,174,39.30,38.78,35.87,16.89,1,-1,-1,-1
1754,174,40.67,41.01,34.53,16.32,1,-1,-1,-1
1755,174,41.97,42.79,33.44,15.80,1,-1,-1,-1
1871,187,3.75,712.30,17.71,13.02,1,-1,-1,-1
1872,187,4.74,711.68,17.94,13.19,1,-1,-1,-1
1875,188,374.09,145.66,94.61,40.21,1,-1,-1,-1
1876,188,374.54,145.61,95.28,40.49,1,-1,-1,-1
1896,188,421.08,166.58,88.61,37.39,1,-1,-1,-1
1897,188,420.88,168.14,93.20,39.48,1,-1,-1,-1
1898,188,422.84,169.19,93.44,39.58,1,-1,-1,-1
1913,192,189.41,665.97,23.52,20.10,1,-1,-1,-1
1914,192,192.14,666.74,22.50,19.23,1,-1,-1,-1
1921,194,245.29,657.72,18.67,15.82,1,-1,-1,-1
1922,194,247.54,658.08,17.82,15.10,1,-1,-1,-1
1923,195,254.57,654.10,24.91,19.80,1,-1,-1,-1
1924,195,256.87,654.12,25.31,20.13,1,-1,-1,-1
1944,201,384.94,634.91,24.76,18.97,1,-1,-1,-1
1945,201,382.35,633.45,30.55,23.15,1,-1,-1,-1
1946,201,382.26,632.60,32.92,24.95,1,-1,-1,-1
1962,202,519.41,218.79,90.30,44.44,1,-1,-1,-1
1963,202,518.59,219.35,92.70,45.61,1,-1,-1,-1
1964,202,522.21,220.99,81.51,39.94,1,-1,-1,-1
1965,202,521.71,221.46,79.63,39.03,1,-1,-1,-1
1966,202,522.14,223.79,79.44,39.02,1,-1,-1,-1
1967,202,522.37,224.89,78.31,38.46,1,-1,-1,-1
1972,202,524.97,237.63,82.19,40.37,1,-1,-1,-1
1973,202,524.62,236.51,84.94,41.72,1,-1,-1,-1
1974,202,523.61,234.83,82.02,40.53,1,-1,-1,-1
1975,202,522.88,236.18,83.42,41.38,1,-1,-1,-1
1976,202,525.50,234.34,77.42,38.19,1,-1,-1,-1
1977,202,527.90,234.17,71.32,34.81,1,-1,-1,-1
1978,202,523.86,234.45,78.43,38.42,1,-1,-1,-1
1979,202,523.85,235.16,78.24,38.33,1,-1,-1,-1
1981,202,523.86,239.99,86.68,42.24,1,-1,-1,-1
1982,202,524.91,241.12,85.73,41.37,1,-1,-1,-1
1983,202,524.63,242.83,86.50,41.50,1,-1,-1,-1
1984,202,523.75,243.70,86.34,41.16,1,-1,-1,-1
1985,202,523.81,244.81,86.66,41.31,1,-1,-1,-1
1986,202,527.04,245.12,81.90,39.12,1,-1,-1,-1
1987,202,527.41,246.15,81.73,39.03,1,-1,-1,-1
1989,202,529.43,248.65,78.42,37.06,1,-1,-1,-1
1990,202,529.78,250.62,78.10,36.66,1,-1,-1,-1
1991,202,530.34,251.79,77.49,36.37,1,-1,-1,-1
2002,207,597.73,613.47,44.49,26.05,1,-1,-1,-1
2003,207,601.04,613.83,37.75,22.13,1,-1,-1,-1
2004,207,603.98,614.20,32.35,18.96,1,-1,-1,-1
2005,207,605.85,615.04,29.96,17.53,1,-1,-1,-1
2006,207,607.69,615.36,27.43,16.04,1,-1,-1,-1
2022,209,751.68,580.51,55.42,46.66,1,-1,-1,-1
2023,209,749.93,587.79,54.45,44.83,1,-1,-1,-1
2024,209,752.59,594.23,50.57,40.28,1,-1,-1,-1
2025,209,750.88,595.90,49.77,38.64,1,-1,-1,-1
2025,210,761.52,588.47,41.40,34.53,1,-1,-1,-1
2026,209,748.11,595.24,54.11,42.01,1,-1,-1,-1
2026,210,768.41,592.69,31.29,25.79,1,-1,-1,-1
2027,210,768.02,591.92,36.01,29.00,1,-1,-1,-1
2028,210,770.00,593.60,33.99,27.37,1,-1,-1,-1
2033,214,542.19,301.31,73.11,35.83,1,-1,-1,-1
2034,214,540.14,302.09,79.13,38.76,1,-1,-1,-1
2035,214,539.61,302.70,79.97,39.11,1,-1,-1,-1
2036,214,539.77,302.83,79.16,38.57,1,-1,-1,-1
2037,214,537.64,304.72,82.58,39.90,1,-1,-1,-1
2038,214,541.12,304.30,75.90,36.49,1,-1,-1,-1
2039,214,540.04,305.47,73.21,34.95,1,-1,-1,-1
2040,214,539.91,306.21,72.65,34.69,1,-1,-1,-1
2044,220,1804.37,26.16,15.61,30.24,1,-1,-1,-1
2045,220,1807.98,26.79,15.97,30.87,1,-1,-1,-1
2046,220,1810.03,27.03,16.08,31.09,1,-1,-1,-1
2052,220,1828.03,35.02,14.90,28.28,1,-1,-1,-1
2053,220,1828.50,32.91,17.40,32.65,1,-1,-1,-1
2054,220,1830.91,33.48,17.59,33.01,1,-1,-1,-1
2076,226,565.24,337.16,46.06,46.47,1,-1,-1,-1
2077,226,570.73,337.77,45.14,43.72,1,-1,-1,-1
2078,226,570.51,339.00,47.12,43.55,1,-1,-1,-1
2079,226,571.95,340.21,49.58,43.40,1,-1,-1,-1
2080,226,572.36,342.26,50.74,41.98,1,-1,-1,-1
2081,226,575.90,343.31,49.75,41.16,1,-1,-1,-1
2105,230,1161.96,544.37,60.38,77.61,1,-1,-1,-1
2106,230,1161.08,540.19,63.85,82.07,1,-1,-1,-1
2124,230,1248.74,576.95,42.14,53.49,1,-1,-1,-1
2125,230,1253.22,578.42,41.32,52.81,1,-1,-1,-1
2126,230,1257.14,579.58,41.03,53.70,1,-1,-1,-1
2127,230,1260.22,580.86,39.08,51.72,1,-1,-1,-1
2128,230,1263.92,582.22,38.41,50.83,1,-1,-1,-1
2129,240,1101.97,640.77,42.78,20.56,1,-1,-1,-1
2130,240,1096.82,643.23,39.73,19.11,1,-1,-1,-1
2131,240,1093.50,644.63,40.26,19.35,1,-1,-1,-1
2132,240,1090.91,646.16,39.07,18.78,1,-1,-1,-1
2136,243,1388.93,615.71,23.83,13.69,1,-1,-1,-1
2137,243,1391.38,617.63,23.91,13.67,1,-1,-1,-1
2138,243,1393.56,619.21,23.57,13.48,1,-1,-1,-1
2144,240,1054.08,663.10,41.00,20.14,1,-1,-1,-1
2145,240,1052.32,664.88,39.41,19.62,1,-1,-1,-1
2146,240,1049.50,665.58,41.71,21.14,1,-1,-1,-1
2147,240,1048.85,666.45,41.43,21.03,1,-1,-1,-1
2148,240,1049.07,667.22,40.81,20.40,1,-1,-1,-1
2149,240,1048.24,668.51,42.18,20.50,1,-1,-1,-1
2150,240,1043.43,669.99,44.52,21.61,1,-1,-1,-1
2151,240,1040.90,671.31,44.79,21.74,1,-1,-1,-1
2156,240,1031.78,683.04,35.51,17.12,1,-1,-1,-1
2157,240,1027.40,685.35,36.79,17.87,1,-1,-1,-1
2158,240,1024.90,687.14,36.44,17.70,1,-1,-1,-1
2214,260,275.02,497.01,83.42,42.09,1,-1,-1,-1
2215,260,265.73,496.44,88.66,45.00,1,-1,-1,-1
2216,260,256.55,498.39,92.22,46.72,1,-1,-1,-1
2217,260,251.93,498.39,93.69,47.47,1,-1,-1,-1
2275,271,187.03,542.08,71.96,41.07,1,-1,-1,-1
2276,271,187.76,542.97,69.11,39.22,1,-1,-1,-1
2277,271,185.31,542.47,75.28,42.56,1,-1,-1,-1
2278,271,183.91,542.01,77.89,43.78,1,-1,-1,-1
2279,271,183.03,542.02,78.11,43.55,1,-1,-1,-1
2280,271,180.64,542.25,79.45,43.96,1,-1,-1,-1
2281,271,179.26,542.04,78.49,43.04,1,-1,-1,-1
2282,271,179.29,543.03,74.35,40.22,1,-1,-1,-1
2283,271,178.43,543.19,74.43,40.26,1,-1,-1,-1
2283,272,1875.49,604.14,37.95,35.80,1,-1,-1,-1
2284,272,1879.53,603.20,37.53,35.40,1,-1,-1,-1
2285,271,172.15,542.76,77.64,41.77,1,-1,-1,-1
2286,271,169.60,542.01,82.65,44.46,1,-1,-1,-1
2287,271,168.08,541.99,83.59,44.96,1,-1,-1,-1
2307,271,188.09,540.26,68.90,36.31,1,-1,-1,-1
2308,271,186.23,540.44,74.37,38.99,1,-1,-1,-1
2309,271,186.87,540.39,74.30,38.95,1,-1,-1,-1
2312,271,186.03,540.94,75.32,40.03,1,-1,-1,-1
2313,271,186.25,540.98,75.54,40.14,1,-1,-1,-1
2322,271,193.92,541.03,68.65,36.36,1,-1,-1,-1
2323,271,192.41,540.66,69.30,37.04,1,-1,-1,-1
2324,271,190.78,539.74,70.96,38.06,1,-1,-1,-1
2325,271,187.85,539.39,74.65,40.74,1,-1,-1,-1
2326,271,190.67,540.43,69.21,37.91,1,-1,-1,-1
2327,271,190.68,540.40,69.17,37.89,1,-1,-1,-1
2333,271,213.47,538.88,48.82,27.13,1,-1,-1,-1
2334,271,215.35,538.74,47.17,26.22,1,-1,-1,-1
2349,271,211.83,532.43,82.91,44.79,1,-1,-1,-1
2350,271,211.91,532.04,84.69,45.76,1,-1,-1,-1
2391,283,266.76,530.62,82.24,41.47,1,-1,-1,-1
2392,283,276.49,530.07,86.14,43.47,1,-1,-1,-1
2393,283,290.04,530.40,80.90,40.83,1,-1,-1,-1
2394,283,303.40,530.90,76.08,38.18,1,-1,-1,-1
2395,283,309.99,532.45,74.04,37.28,1,-1,-1,-1
2396,283,319.33,532.68,73.23,36.99,1,-1,-1,-1
2397,283,332.39,533.17,68.19,34.33,1,-1,-1,-1
2398,283,338.83,536.44,68.30,34.35,1,-1,-1,-1
2399,283,343.94,535.21,71.70,36.46,1,-1,-1,-1
2400,283,352.01,535.39,72.39,37.16,1,-1,-1,-1
2401,283,359.78,537.09,71.10,36.59,1,-1,-1,-1
2402,283,366.80,539.16,66.91,34.97,1,-1,-1,-1
2403,283,376.63,541.53,60.62,31.55,1,-1,-1,-1
2404,283,385.51,541.05,60.85,31.56,1,-1,-1,-1
2405,283,390.72,542.66,61.12,31.82,1,-1,-1,-1
2406,283,399.34,543.31,60.41,31.45,1,-1,-1,-1
2407,283,404.29,543.97,58.93,30.68,1,-1,-1,-1
2408,283,408.95,545.53,57.02,29.56,1,-1,-1,-1
2409,283,414.41,546.16,57.21,29.66,1,-1,-1,-1
2410,283,419.35,546.68,60.74,31.06,1,-1,-1,-1
2410,289,1347.59,652.00,84.71,136.36,1,-1,-1,-1
2411,283,422.52,547.76,63.05,32.36,1,-1,-1,-1
2411,289,1337.13,661.73,77.98,125.12,1,-1,-1,-1
2412,283,428.44,549.31,65.51,33.38,1,-1,-1,-1
2412,289,1330.73,666.10,67.87,108.02,1,-1,-1,-1
2412,290,428.31,550.75,59.46,28.00,1,-1,-1,-1
2413,283,435.63,550.86,65.56,33.37,1,-1,-1,-1
2413,289,1310.81,645.98,75.67,120.67,1,-1,-1,-1
2413,290,432.82,551.22,51.39,24.20,1,-1,-1,-1
2414,283,442.85,553.16,62.79,31.83,1,-1,-1,-1
2414,289,1299.75,660.36,62.97,99.77,1,-1,-1,-1
2415,283,447.60,554.51,59.26,30.24,1,-1,-1,-1
2415,289,1280.24,655.40,68.62,108.08,1,-1,-1,-1
2416,283,450.70,554.77,57.63,29.94,1,-1,-1,-1
2416,289,1258.83,642.16,77.84,123.23,1,-1,-1,-1
2417,283,454.36,555.77,58.40,30.70,1,-1,-1,-1
2417,289,1245.85,652.14,71.35,111.42,1,-1,-1,-1
2418,283,462.79,560.72,51.51,26.80,1,-1,-1,-1
2418,289,1226.11,645.19,73.75,115.13,1,-1,-1,-1
2419,283,465.43,563.31,50.29,25.93,1,-1,-1,-1
2419,289,1211.29,642.82,73.69,115.04,1,-1,-1,-1
2420,283,467.80,566.81,48.66,24.97,1,-1,-1,-1
2420,289,1191.63,642.65,73.40,114.19,1,-1,-1,-1
2421,283,469.56,568.96,50.91,26.09,1,-1,-1,-1
2421,289,1174.68,639.22,73.68,115.15,1,-1,-1,-1
2422,283,470.45,572.01,49.00,25.10,1,-1,-1,-1
2422,289,1166.07,648.47,63.46,99.37,1,-1,-1,-1
2423,283,470.34,573.47,51.37,26.28,1,-1,-1,-1
2423,289,1149.10,647.26,62.43,97.91,1,-1,-1,-1
2423,295,222.21,715.74,20.33,14.16,1,-1,-1,-1
2424,283,467.32,577.19,52.78,27.25,1,-1,-1,-1
2424,289,1134.02,646.32,61.26,96.06,1,-1,-1,-1
2424,295,223.74,716.18,21.26,14.80,1,-1,-1,-1
2425,283,466.06,582.09,47.71,24.53,1,-1,-1,-1
2425,289,1114.88,646.46,62.13,98.81,1,-1,-1,-1
2426,283,464.76,585.23,45.15,23.20,1,-1,-1,-1
2426,289,1094.10,645.59,63.36,101.00,1,-1,-1,-1
2427,283,464.03,589.58,44.51,22.59,1,-1,-1,-1
2427,289,1079.56,646.30,58.75,95.57,1,-1,-1,-1
2427,297,244.55,716.62,15.92,11.62,1,-1,-1,-1
2428,283,459.73,594.32,41.28,20.94,1,-1,-1,-1
2428,289,1063.34,649.38,57.94,95.03,1,-1,-1,-1
2428,297,245.78,715.88,18.29,13.28,1,-1,-1,-1
2429,283,460.54,597.40,39.90,20.24,1,-1,-1,-1
2429,289,1045.95,650.03,57.46,95.03,1,-1,-1,-1
2429,290,451.21,596.38,50.61,23.78,1,-1,-1,-1
2429,297,248.69,716.39,18.43,13.22,1,-1,-1,-1
2430,289,1029.54,649.96,56.79,93.92,1,-1,-1,-1
2430,290,450.30,600.51,45.27,20.82,1,-1,-1,-1
2430,297,250.70,716.43,18.89,13.55,1,-1,-1,-1
2431,290,446.52,602.25,49.66,22.68,1,-1,-1,-1
2432,289,988.86,649.69,58.22,97.37,1,-1,-1,-1
2432,290,438.39,606.62,44.88,20.75,1,-1,-1,-1
2433,289,965.04,638.31,64.24,110.87,1,-1,-1,-1
2433,290,431.74,611.69,41.60,19.24,1,-1,-1,-1
2434,289,942.73,622.97,70.14,126.07,1,-1,-1,-1
2434,290,422.23,614.79,40.75,19.03,1,-1,-1,-1
2435,289,916.93,613.07,74.51,139.72,1,-1,-1,-1
2435,290,414.20,619.77,36.26,17.02,1,-1,-1,-1
2436,289,897.63,609.84,76.27,143.01,1,-1,-1,-1
2436,290,404.50,623.05,39.02,18.62,1,-1,-1,-1
2437,290,400.47,626.38,38.18,18.22,1,-1,-1,-1
2440,302,363.35,638.26,33.88,17.05,1,-1,-1,-1
2441,302,353.70,643.62,30.10,15.12,1,-1,-1,-1
2442,302,337.90,646.29,30.18,15.12,1,-1,-1,-1
2443,302,327.56,649.20,29.40,14.72,1,-1,-1,-1
2450,289,606.04,668.16,55.80,113.00,1,-1,-1,-1
2451,289,588.29,675.75,50.25,108.75,1,-1,-1,-1
2452,289,564.61,675.22,50.03,112.55,1,-1,-1,-1
2453,289,543.34,677.63,49.87,112.19,1,-1,-1,-1
2456,289,476.27,699.70,43.05,100.22,1,-1,-1,-1
2457,289,454.47,704.04,42.29,98.45,1,-1,-1,-1
2458,289,431.74,702.95,43.20,103.34,1,-1,-1,-1
2459,289,409.73,706.56,42.83,102.47,1,-1,-1,-1
2460,289,389.03,712.09,39.56,97.66,1,-1,-1,-1
2461,289,367.09,715.93,39.00,96.30,1,-1,-1,-1
2463,289,316.47,715.58,41.59,104.89,1,-1,-1,-1
2464,289,293.70,718.50,41.56,104.83,1,-1,-1,-1
2465,289,277.92,726.13,37.12,96.96,1,-1,-1,-1
2466,289,255.81,729.54,36.78,96.09,1,-1,-1,-1
2467,364,37.23,715.37,39.14,95.72,1,-1,-1,-1
2468,289,230.82,731.76,34.00,91.03,1,-1,-1,-1
2468,364,27.16,713.70,40.31,98.20,1,-1,-1,-1
2469,289,210.69,734.68,33.54,89.81,1,-1,-1,-1
2469,364,18.15,714.33,39.46,94.62,1,-1,-1,-1
2469,371,548.42,612.86,53.10,88.31,1,-1,-1,-1
2470,289,207.11,727.97,34.72,93.28,1,-1,-1,-1
2470,364,7.84,709.52,40.55,96.08,1,-1,-1,-1
2470,371,534.05,613.41,51.60,86.58,1,-1,-1,-1
2471,289,188.86,729.79,34.47,92.59,1,-1,-1,-1
2471,364,-0.47,708.61,40.32,95.54,1,-1,-1,-1
2471,371,518.88,614.54,50.29,84.85,1,-1,-1,-1
2472,289,189.02,724.31,33.18,89.77,1,-1,-1,-1
2472,364,0.18,709.62,39.31,92.80,1,-1,-1,-1
2472,371,502.58,612.53,50.39,85.86,1,-1,-1,-1
2473,289,183.38,727.13,30.51,83.20,1,-1,-1,-1
2473,364,-0.97,709.22,38.00,89.85,1,-1,-1,-1
2473,371,490.85,613.17,48.89,84.27,1,-1,-1,-1
2473,387,1500.77,934.59,78.82,128.59,1,-1,-1,-1
2474,289,177.63,724.18,30.71,84.43,1,-1,-1,-1
2474,364,-3.25,707.22,37.53,89.59,1,-1,-1,-1
2474,371,476.67,612.99,47.80,83.02,1,-1,-1,-1
2474,387,1464.45,922.10,79.51,130.83,1,-1,-1,-1
2475,289,169.14,720.57,31.24,85.33,1,-1,-1,-1
2475,364,-1.65,712.41,33.90,80.49,1,-1,-1,-1
2475,371,465.40,612.35,47.44,83.32,1,-1,-1,-1
2475,387,1429.75,914.76,78.41,130.16,1,-1,-1,-1
2476,289,162.05,720.49,29.85,82.08,1,-1,-1,-1
2476,364,-0.86,717.87,29.48,69.67,1,-1,-1,-1
2476,371,454.63,613.41,45.41,80.60,1,-1,-1,-1
2476,387,1399.67,915.95,71.90,120.15,1,-1,-1,-1
2477,289,155.14,711.20,31.47,87.62,1,-1,-1,-1
2477,364,-2.12,718.20,27.54,65.68,1,-1,-1,-1
2477,371,444.75,614.24,43.58,78.41,1,-1,-1,-1
2477,387,1370.62,914.04,67.51,113.87,1,-1,-1,-1
2477,402,1255.46,735.49,52.99,100.15,1,-1,-1,-1
2477,403,689.76,910.91,51.51,125.23,1,-1,-1,-1
2477,404,507.71,832.56,32.40,108.81,1,-1,-1,-1
2478,289,143.37,710.16,31.33,87.23,1,-1,-1,-1
2478,364,-5.24,719.03,26.00,62.01,1,-1,-1,-1
2478,371,433.37,617.04,40.91,73.58,1,-1,-1,-1
2478,387,1340.48,902.53,69.90,120.05,1,-1,-1,-1
2478,402,1230.77,733.65,51.76,97.93,1,-1,-1,-1
2478,403,674.00,910.53,49.19,118.38,1,-1,-1,-1
2478,404,495.72,826.72,32.34,107.79,1,-1,-1,-1
2479,289,138.58,709.84,30.73,85.91,1,-1,-1,-1
2479,371,421.96,616.59,39.99,72.25,1,-1,-1,-1
2479,387,1314.78,895.06,70.74,122.68,1,-1,-1,-1
2479,402,1204.37,733.20,52.09,98.58,1,-1,-1,-1
2479,403,655.55,897.69,53.64,128.49,1,-1,-1,-1
2479,404,482.27,823.72,32.21,106.59,1,-1,-1,-1
2480,289,131.93,708.68,30.02,83.76,1,-1,-1,-1
2480,371,412.14,615.39,38.95,71.21,1,-1,-1,-1
2480,387,1286.48,889.60,66.50,117.41,1,-1,-1,-1
2480,402,1181.13,729.87,50.89,96.64,1,-1,-1,-1
2480,403,638.12,892.51,52.24,124.55,1,-1,-1,-1
2480,404,468.92,817.07,34.00,111.69,1,-1,-1,-1
2481,289,126.93,705.43,29.24,82.27,1,-1,-1,-1
2481,371,403.39,614.38,38.38,70.76,1,-1,-1,-1
2481,387,1260.21,881.32,66.02,118.87,1,-1,-1,-1
2481,402,1154.27,725.90,52.52,99.95,1,-1,-1,-1
2481,403,624.42,883.45,50.72,121.06,1,-1,-1,-1
2481,404,455.23,814.69,33.56,108.68,1,-1,-1,-1
2482,289,120.22,703.42,29.03,82.53,1,-1,-1,-1
2482,371,392.21,612.83,38.48,70.89,1,-1,-1,-1
2482,387,1237.28,879.42,62.52,115.03,1,-1,-1,-1
2482,402,1130.71,721.99,52.05,99.51,1,-1,-1,-1
2482,403,609.88,874.43,52.55,125.54,1,-1,-1,-1
2482,404,444.92,807.94,34.59,110.01,1,-1,-1,-1
2483,289,110.66,702.08,28.80,81.88,1,-1,-1,-1
2483,371,381.57,609.73,38.13,71.02,1,-1,-1,-1
2483,387,1215.79,869.78,64.24,120.22,1,-1,-1,-1
2483,402,1110.68,720.14,49.24,94.67,1,-1,-1,-1
2483,403,591.18,870.95,52.77,125.46,1,-1,-1,-1
2483,404,432.29,807.27,32.25,101.25,1,-1,-1,-1
