3,1,546.52,417.78,191.67,359.51,1,-1,-1,-1
3,2,181.35,544.30,288.94,418.54,1,-1,-1,-1
3,3,1796.93,498.97,72.20,48.60,1,-1,-1,-1
3,5,176.46,544.54,421.59,513.68,1,-1,-1,-1
4,1,546.46,416.97,191.88,360.11,1,-1,-1,-1
4,2,179.94,544.48,288.94,417.79,1,-1,-1,-1
4,3,1797.62,500.05,70.70,47.48,1,-1,-1,-1
4,5,173.49,544.85,428.85,522.94,1,-1,-1,-1
5,1,547.30,415.86,190.67,358.23,1,-1,-1,-1
5,2,178.76,544.44,288.56,417.24,1,-1,-1,-1
5,3,1796.77,499.18,72.53,48.71,1,-1,-1,-1
5,5,174.33,543.81,423.00,515.64,1,-1,-1,-1
6,1,549.97,416.85,188.65,354.94,1,-1,-1,-1
6,3,1795.97,498.92,72.40,48.56,1,-1,-1,-1
6,5,179.57,542.23,429.50,525.41,1,-1,-1,-1
6,7,816.06,393.09,126.61,263.74,1,-1,-1,-1
7,1,552.37,417.04,187.05,352.91,1,-1,-1,-1
7,2,198.55,539.52,288.24,418.48,1,-1,-1,-1
7,3,1795.32,499.60,70.83,47.25,1,-1,-1,-1
7,5,189.23,541.13,425.60,523.08,1,-1,-1,-1
7,7,816.20,392.89,126.02,262.51,1,-1,-1,-1
8,1,554.44,419.64,185.58,351.04,1,-1,-1,-1
8,2,200.34,538.87,285.78,416.22,1,-1,-1,-1
8,3,1795.80,498.66,70.69,47.11,1,-1,-1,-1
8,5,191.09,540.51,423.18,522.31,1,-1,-1,-1
9,1,554.37,417.23,184.93,350.36,1,-1,-1,-1
9,2,205.02,537.63,282.42,412.85,1,-1,-1,-1
9,3,1794.00,495.16,73.27,49.00,1,-1,-1,-1
9,5,195.26,539.12,426.34,529.05,1,-1,-1,-1
10,1,554.45,416.42,184.39,349.87,1,-1,-1,-1
10,2,206.83,537.12,280.64,411.75,1,-1,-1,-1
10,3,1793.50,493.94,73.96,49.64,1,-1,-1,-1
10,5,197.79,538.67,424.73,529.79,1,-1,-1,-1
11,1,554.27,414.35,183.60,348.79,1,-1,-1,-1
11,2,209.41,537.96,277.42,408.73,1,-1,-1,-1
11,3,1793.02,494.47,73.73,49.40,1,-1,-1,-1
11,5,201.11,538.10,425.45,533.62,1,-1,-1,-1
12,1,557.12,413.13,182.18,346.97,1,-1,-1,-1
12,2,211.92,537.31,276.59,407.50,1,-1,-1,-1
12,3,1792.07,493.21,74.42,49.88,1,-1,-1,-1
12,5,202.89,535.94,424.23,535.93,1,-1,-1,-1
13,1,558.46,415.11,180.61,345.60,1,-1,-1,-1
13,3,1789.62,491.73,76.34,51.19,1,-1,-1,-1
13,5,204.62,534.47,423.22,538.90,1,-1,-1,-1
14,1,558.43,413.33,179.52,344.00,1,-1,-1,-1
14,3,1789.98,491.97,75.73,50.70,1,-1,-1,-1
14,5,207.40,534.57,419.50,538.88,1,-1,-1,-1
15,1,559.10,411.49,178.89,343.74,1,-1,-1,-1
15,3,1791.77,492.26,73.23,49.06,1,-1,-1,-1
15,5,209.34,532.86,419.08,541.65,1,-1,-1,-1
15,7,813.01,391.64,123.27,253.55,1,-1,-1,-1
16,1,559.52,410.85,178.49,343.72,1,-1,-1,-1
16,3,1792.39,492.29,72.37,48.53,1,-1,-1,-1
16,5,210.62,532.46,417.41,542.43,1,-1,-1,-1
16,7,811.89,391.67,124.49,253.03,1,-1,-1,-1
16,12,1555.65,592.76,53.67,22.95,1,-1,-1,-1
17,1,559.52,410.71,178.01,342.97,1,-1,-1,-1
17,2,215.85,530.48,268.82,400.97,1,-1,-1,-1
17,3,1792.62,493.06,70.38,46.99,1,-1,-1,-1
17,5,210.81,530.70,415.89,544.78,1,-1,-1,-1
17,7,811.90,389.69,125.91,253.79,1,-1,-1,-1
17,12,1555.21,592.42,54.22,23.18,1,-1,-1,-1
18,1,558.78,411.75,177.93,341.88,1,-1,-1,-1
18,2,217.39,529.50,267.97,399.70,1,-1,-1,-1
18,3,1796.37,498.96,60.48,39.31,1,-1,-1,-1
18,5,212.80,530.04,413.30,544.52,1,-1,-1,-1
18,7,811.46,388.77,127.28,255.03,1,-1,-1,-1
19,1,557.70,412.33,178.25,340.94,1,-1,-1,-1
19,2,213.25,523.82,271.88,412.40,1,-1,-1,-1
19,3,1795.83,497.21,60.65,39.02,1,-1,-1,-1
19,5,223.97,529.36,408.41,545.34,1,-1,-1,-1
19,7,809.79,388.77,128.12,254.85,1,-1,-1,-1
20,1,556.63,411.31,178.48,340.46,1,-1,-1,-1
20,2,217.30,523.00,262.02,401.85,1,-1,-1,-1
20,3,1796.86,500.79,54.03,33.43,1,-1,-1,-1
20,5,227.31,529.54,403.79,545.07,1,-1,-1,-1
20,7,809.51,388.57,128.67,254.32,1,-1,-1,-1
21,1,556.47,410.76,178.11,339.02,1,-1,-1,-1
21,2,217.94,523.32,258.43,398.98,1,-1,-1,-1
21,3,1797.51,501.42,51.27,31.72,1,-1,-1,-1
21,5,220.24,525.47,404.11,549.00,1,-1,-1,-1
21,7,808.47,387.51,129.94,255.47,1,-1,-1,-1
22,1,555.94,410.16,178.49,338.97,1,-1,-1,-1
22,2,218.34,523.68,256.57,398.47,1,-1,-1,-1
22,5,218.21,523.96,402.81,550.45,1,-1,-1,-1
22,7,808.04,387.00,130.84,256.08,1,-1,-1,-1
22,15,1780.27,490.04,83.56,44.59,1,-1,-1,-1
23,1,557.16,408.75,178.74,339.06,1,-1,-1,-1
23,2,218.53,522.56,258.01,405.18,1,-1,-1,-1
23,5,220.03,523.95,400.24,550.28,1,-1,-1,-1
23,7,806.94,389.93,130.61,253.97,1,-1,-1,-1
23,15,1779.71,489.42,83.09,44.49,1,-1,-1,-1
24,1,557.04,407.69,179.42,340.47,1,-1,-1,-1
24,2,218.96,521.52,257.87,404.98,1,-1,-1,-1
24,5,223.40,523.98,397.78,549.44,1,-1,-1,-1
24,7,806.09,385.78,131.85,255.77,1,-1,-1,-1
24,15,1779.53,489.21,79.67,42.80,1,-1,-1,-1
25,1,556.25,407.28,179.14,340.21,1,-1,-1,-1
25,5,224.88,522.45,396.78,551.15,1,-1,-1,-1
25,7,808.07,383.74,131.36,255.30,1,-1,-1,-1
25,15,1779.34,488.00,77.85,41.97,1,-1,-1,-1
26,1,555.28,406.91,179.27,340.07,1,-1,-1,-1
26,2,221.27,521.47,253.72,401.08,1,-1,-1,-1
26,5,225.27,521.45,397.93,552.75,1,-1,-1,-1
26,7,807.98,383.04,131.24,255.08,1,-1,-1,-1
26,15,1780.90,489.35,72.60,39.04,1,-1,-1,-1
27,1,554.45,406.45,179.00,339.80,1,-1,-1,-1
27,2,221.76,520.63,253.37,400.52,1,-1,-1,-1
27,5,246.66,523.30,389.20,549.47,1,-1,-1,-1
27,15,1778.38,488.08,73.45,39.42,1,-1,-1,-1
28,1,554.05,406.04,178.84,339.73,1,-1,-1,-1
28,5,250.77,523.34,383.98,549.04,1,-1,-1,-1
28,15,1777.17,487.03,74.77,40.11,1,-1,-1,-1
29,1,554.09,405.45,178.08,338.20,1,-1,-1,-1
29,5,243.42,520.43,383.46,553.53,1,-1,-1,-1
29,7,795.63,387.97,129.47,245.78,1,-1,-1,-1
29,15,1776.19,485.98,75.49,40.59,1,-1,-1,-1
29,19,857.06,377.07,52.78,107.60,1,-1,-1,-1
30,1,553.63,404.31,177.80,337.67,1,-1,-1,-1
30,5,235.52,518.35,383.80,555.32,1,-1,-1,-1
30,7,788.40,385.81,134.58,249.55,1,-1,-1,-1
30,15,1776.90,484.20,74.58,40.20,1,-1,-1,-1
30,19,856.26,375.52,53.25,108.85,1,-1,-1,-1
31,1,551.91,403.52,177.62,336.34,1,-1,-1,-1
31,5,248.90,517.64,379.12,555.71,1,-1,-1,-1
31,7,786.81,385.55,134.30,249.02,1,-1,-1,-1
31,15,1773.06,480.28,79.71,43.26,1,-1,-1,-1
31,19,857.68,374.67,49.74,101.63,1,-1,-1,-1
32,1,554.28,401.87,177.72,337.60,1,-1,-1,-1
32,5,240.20,516.02,378.86,557.26,1,-1,-1,-1
32,7,780.24,384.88,138.47,249.69,1,-1,-1,-1
32,15,1773.90,479.36,78.87,43.02,1,-1,-1,-1
32,19,857.43,373.97,49.61,101.36,1,-1,-1,-1
33,1,555.29,400.77,176.79,336.63,1,-1,-1,-1
33,5,240.20,514.98,379.74,558.55,1,-1,-1,-1
33,7,790.62,383.94,137.41,248.02,1,-1,-1,-1
33,15,1771.03,476.72,82.54,45.45,1,-1,-1,-1
34,1,555.95,400.43,176.10,336.14,1,-1,-1,-1
34,7,795.07,383.80,136.64,247.10,1,-1,-1,-1
34,15,1770.54,476.04,82.98,46.07,1,-1,-1,-1
35,1,555.97,400.33,175.76,335.98,1,-1,-1,-1
35,5,239.84,513.96,377.43,559.28,1,-1,-1,-1
35,7,795.05,383.46,136.32,246.52,1,-1,-1,-1
35,15,1771.35,478.07,79.05,43.89,1,-1,-1,-1
36,1,555.55,399.17,175.76,336.39,1,-1,-1,-1
36,5,250.33,512.46,373.14,560.61,1,-1,-1,-1
36,15,1767.64,475.75,82.38,46.18,1,-1,-1,-1
37,1,551.95,397.99,175.67,334.92,1,-1,-1,-1
37,5,240.18,509.85,374.06,562.75,1,-1,-1,-1
37,15,1764.12,472.19,87.05,49.55,1,-1,-1,-1
38,1,545.70,396.38,177.77,335.60,1,-1,-1,-1
38,5,236.50,506.16,375.61,566.29,1,-1,-1,-1
38,7,798.81,379.37,135.61,247.53,1,-1,-1,-1
38,15,1762.61,470.86,88.27,50.25,1,-1,-1,-1
39,1,544.44,396.39,178.88,336.37,1,-1,-1,-1
39,5,263.53,504.93,367.60,567.48,1,-1,-1,-1
39,7,799.45,376.99,134.75,248.36,1,-1,-1,-1
39,15,1764.79,472.93,82.91,47.43,1,-1,-1,-1
40,1,543.58,396.41,179.84,336.91,1,-1,-1,-1
40,5,275.14,504.88,360.15,567.53,1,-1,-1,-1
40,7,800.01,376.22,133.73,248.48,1,-1,-1,-1
40,15,1765.58,473.53,81.15,46.62,1,-1,-1,-1
41,1,543.98,395.95,178.61,334.32,1,-1,-1,-1
41,5,247.43,502.78,362.35,569.43,1,-1,-1,-1
41,7,800.11,376.39,132.20,247.04,1,-1,-1,-1
41,15,1764.57,472.68,81.59,46.88,1,-1,-1,-1
42,1,541.65,395.20,179.47,334.88,1,-1,-1,-1
42,5,238.54,501.39,364.36,571.80,1,-1,-1,-1
42,7,800.11,374.03,131.94,248.28,1,-1,-1,-1
42,12,1523.27,569.33,57.74,24.72,1,-1,-1,-1
42,15,1765.49,469.89,82.81,48.18,1,-1,-1,-1
43,1,542.65,394.14,180.09,335.93,1,-1,-1,-1
43,5,241.29,501.73,362.78,569.32,1,-1,-1,-1
43,7,800.21,373.14,131.87,248.15,1,-1,-1,-1
43,12,1522.54,568.61,58.14,24.95,1,-1,-1,-1
43,15,1766.93,470.87,79.44,46.45,1,-1,-1,-1
44,1,541.39,393.24,180.58,335.58,1,-1,-1,-1
44,5,237.77,502.32,362.72,567.81,1,-1,-1,-1
44,12,1521.41,567.89,57.94,24.82,1,-1,-1,-1
44,15,1768.61,474.23,73.04,42.42,1,-1,-1,-1
45,1,540.34,390.75,182.48,337.75,1,-1,-1,-1
45,5,228.15,501.18,366.49,570.91,1,-1,-1,-1
45,12,1519.46,567.53,58.83,25.30,1,-1,-1,-1
45,15,1763.95,468.98,79.66,46.76,1,-1,-1,-1
46,1,539.98,389.82,183.52,338.52,1,-1,-1,-1
46,5,224.28,500.94,368.73,571.92,1,-1,-1,-1
46,12,1518.82,567.43,59.08,25.50,1,-1,-1,-1
46,15,1762.58,467.15,81.41,48.26,1,-1,-1,-1
47,1,537.94,390.45,183.38,336.44,1,-1,-1,-1
47,5,248.93,501.80,363.03,571.09,1,-1,-1,-1
47,12,1517.84,566.47,60.70,26.35,1,-1,-1,-1
47,15,1761.45,466.35,80.92,48.26,1,-1,-1,-1
48,1,530.30,389.32,186.15,337.24,1,-1,-1,-1
48,5,249.72,501.65,361.17,571.60,1,-1,-1,-1
48,12,1515.92,564.75,63.87,28.15,1,-1,-1,-1
48,15,1760.39,465.82,80.06,47.90,1,-1,-1,-1
49,1,533.34,388.31,186.84,337.93,1,-1,-1,-1
49,5,234.28,500.46,363.91,572.45,1,-1,-1,-1
49,12,1514.55,563.89,64.80,28.56,1,-1,-1,-1
49,15,1759.88,466.02,78.73,47.25,1,-1,-1,-1
50,1,525.72,388.04,188.74,336.36,1,-1,-1,-1
50,5,220.09,499.83,367.57,571.50,1,-1,-1,-1
50,7,799.20,365.69,130.11,249.76,1,-1,-1,-1
50,15,1758.90,465.11,79.69,48.18,1,-1,-1,-1
51,1,524.44,387.69,190.06,334.99,1,-1,-1,-1
51,5,233.71,499.01,367.19,572.70,1,-1,-1,-1
51,7,799.69,365.55,128.52,250.56,1,-1,-1,-1
51,15,1759.28,465.28,79.23,48.29,1,-1,-1,-1
52,1,523.60,387.56,191.69,334.59,1,-1,-1,-1
52,5,241.01,498.95,365.82,572.86,1,-1,-1,-1
52,7,800.38,365.63,127.06,250.83,1,-1,-1,-1
52,15,1759.57,465.30,78.90,48.46,1,-1,-1,-1
53,1,530.70,387.18,191.00,334.30,1,-1,-1,-1
53,5,255.50,499.01,361.56,573.16,1,-1,-1,-1
53,7,800.13,365.13,126.13,251.74,1,-1,-1,-1
53,15,1759.91,464.84,77.02,47.56,1,-1,-1,-1
54,1,536.68,386.55,189.68,334.68,1,-1,-1,-1
54,5,264.91,499.28,356.52,573.02,1,-1,-1,-1
54,7,799.80,364.28,125.81,253.32,1,-1,-1,-1
54,15,1759.55,464.23,76.47,47.49,1,-1,-1,-1
54,25,1516.72,559.64,52.16,30.20,1,-1,-1,-1
55,1,539.69,386.24,188.31,334.74,1,-1,-1,-1
55,5,265.81,498.78,353.21,573.49,1,-1,-1,-1
55,7,799.93,364.24,125.09,253.58,1,-1,-1,-1
55,15,1760.21,463.99,75.45,47.08,1,-1,-1,-1
55,25,1517.27,559.46,51.95,30.06,1,-1,-1,-1
56,1,541.97,385.80,186.61,334.54,1,-1,-1,-1
56,5,277.78,498.36,347.66,574.37,1,-1,-1,-1
56,7,801.06,365.34,123.46,251.85,1,-1,-1,-1
56,15,1759.48,463.18,75.50,47.44,1,-1,-1,-1
56,25,1514.20,556.06,57.30,33.26,1,-1,-1,-1
57,1,544.17,385.18,184.40,333.58,1,-1,-1,-1
57,5,282.83,497.06,343.12,575.91,1,-1,-1,-1
57,7,802.02,367.06,121.58,248.54,1,-1,-1,-1
57,15,1758.61,463.00,75.15,47.52,1,-1,-1,-1
57,25,1513.00,555.45,57.25,33.27,1,-1,-1,-1
58,1,545.27,384.91,182.78,333.44,1,-1,-1,-1
58,5,279.69,495.73,340.80,577.64,1,-1,-1,-1
58,7,801.93,366.80,121.46,248.30,1,-1,-1,-1
58,15,1758.95,463.23,73.54,46.69,1,-1,-1,-1
58,25,1512.93,555.12,56.24,32.71,1,-1,-1,-1
59,1,545.15,384.79,181.71,333.95,1,-1,-1,-1
59,5,282.63,495.10,337.18,578.13,1,-1,-1,-1
59,7,803.20,370.06,119.35,243.87,1,-1,-1,-1
59,15,1757.81,462.47,75.15,48.09,1,-1,-1,-1
59,19,848.76,358.27,46.45,92.86,1,-1,-1,-1
59,25,1513.30,555.38,54.24,31.42,1,-1,-1,-1
60,1,546.13,384.80,180.14,333.24,1,-1,-1,-1
60,5,286.40,494.39,333.42,578.66,1,-1,-1,-1
60,7,803.26,370.18,119.01,243.18,1,-1,-1,-1
60,15,1756.42,461.74,76.52,49.33,1,-1,-1,-1
60,19,848.25,357.73,46.63,92.18,1,-1,-1,-1
60,25,1512.82,555.66,53.49,30.86,1,-1,-1,-1
61,1,546.20,384.82,179.12,333.06,1,-1,-1,-1
61,5,288.68,494.23,329.83,578.70,1,-1,-1,-1
61,15,1755.76,461.09,77.29,50.22,1,-1,-1,-1
61,19,847.95,357.16,46.45,91.82,1,-1,-1,-1
61,25,1513.19,556.27,52.10,29.87,1,-1,-1,-1
62,1,547.13,385.20,177.63,331.75,1,-1,-1,-1
62,5,290.16,493.63,330.19,579.35,1,-1,-1,-1
62,7,801.73,369.01,119.37,243.27,1,-1,-1,-1
62,15,1755.10,460.19,77.00,50.31,1,-1,-1,-1
62,25,1512.75,556.20,51.43,29.26,1,-1,-1,-1
63,1,547.29,384.79,176.17,329.92,1,-1,-1,-1
63,5,280.30,493.92,328.72,578.85,1,-1,-1,-1
63,7,801.79,367.54,118.65,241.56,1,-1,-1,-1
63,12,1507.73,557.15,60.12,27.00,1,-1,-1,-1
63,15,1755.48,459.98,75.32,49.23,1,-1,-1,-1
63,25,1512.38,555.86,51.09,29.07,1,-1,-1,-1
64,1,547.23,384.55,175.14,328.53,1,-1,-1,-1
64,5,280.54,493.41,329.01,579.37,1,-1,-1,-1
64,7,802.25,366.39,118.08,240.20,1,-1,-1,-1
64,12,1508.45,557.57,57.26,25.87,1,-1,-1,-1
64,15,1755.87,460.60,73.01,47.53,1,-1,-1,-1
65,1,547.14,384.21,174.77,328.06,1,-1,-1,-1
65,7,801.59,366.33,118.46,240.79,1,-1,-1,-1
65,12,1508.02,557.84,56.76,25.87,1,-1,-1,-1
65,15,1756.29,461.62,71.20,46.07,1,-1,-1,-1
66,1,547.14,384.39,174.56,328.27,1,-1,-1,-1
66,7,801.44,365.66,118.04,239.80,1,-1,-1,-1
66,12,1507.43,557.49,56.53,25.77,1,-1,-1,-1
66,15,1755.95,461.59,70.72,45.61,1,-1,-1,-1
67,1,547.20,384.38,174.31,328.34,1,-1,-1,-1
67,7,801.45,365.43,117.90,239.40,1,-1,-1,-1
67,12,1507.01,557.18,57.34,26.42,1,-1,-1,-1
67,15,1755.75,461.61,70.75,45.51,1,-1,-1,-1
68,1,549.60,384.53,172.42,325.94,1,-1,-1,-1
68,7,799.79,366.16,118.79,240.70,1,-1,-1,-1
68,12,1506.40,556.83,57.33,26.42,1,-1,-1,-1
68,15,1755.91,462.88,69.43,44.48,1,-1,-1,-1
69,1,550.40,385.13,170.96,323.82,1,-1,-1,-1
69,5,293.10,492.86,323.25,579.89,1,-1,-1,-1
69,7,799.06,366.23,119.09,241.04,1,-1,-1,-1
69,12,1505.97,556.47,57.66,26.70,1,-1,-1,-1
69,15,1756.36,463.51,68.59,43.75,1,-1,-1,-1
70,1,550.98,385.16,169.89,322.58,1,-1,-1,-1
70,5,294.80,492.42,319.00,580.43,1,-1,-1,-1
70,7,797.61,364.43,120.25,243.89,1,-1,-1,-1
70,12,1505.78,556.86,55.98,25.89,1,-1,-1,-1
70,15,1757.96,464.94,64.78,40.78,1,-1,-1,-1
71,1,550.05,384.59,170.01,323.39,1,-1,-1,-1
71,5,297.42,491.42,315.66,581.63,1,-1,-1,-1
71,7,797.37,364.97,119.57,242.19,1,-1,-1,-1
71,12,1502.99,555.87,57.13,26.42,1,-1,-1,-1
71,15,1756.87,465.24,65.03,40.45,1,-1,-1,-1
72,1,549.24,383.25,170.29,324.43,1,-1,-1,-1
72,5,300.05,490.90,312.20,582.13,1,-1,-1,-1
72,7,796.39,363.64,120.42,243.74,1,-1,-1,-1
72,12,1501.50,555.95,56.50,25.99,1,-1,-1,-1
72,15,1755.72,464.77,65.72,40.40,1,-1,-1,-1
73,1,549.14,382.85,170.12,324.60,1,-1,-1,-1
73,5,301.75,490.73,309.15,582.25,1,-1,-1,-1
73,7,796.14,363.06,120.80,244.38,1,-1,-1,-1
73,12,1500.98,555.90,56.40,25.82,1,-1,-1,-1
73,15,1755.66,464.96,65.52,39.77,1,-1,-1,-1
74,1,549.66,383.09,169.86,324.03,1,-1,-1,-1
74,5,302.84,490.44,306.93,582.75,1,-1,-1,-1
74,7,795.86,363.23,120.69,243.91,1,-1,-1,-1
74,12,1500.51,555.98,55.94,25.43,1,-1,-1,-1
74,15,1754.31,463.94,67.59,40.87,1,-1,-1,-1
75,1,550.19,382.29,169.76,323.79,1,-1,-1,-1
75,5,303.46,490.05,307.15,583.18,1,-1,-1,-1
75,7,796.01,363.11,120.68,243.78,1,-1,-1,-1
75,12,1499.70,555.64,56.83,25.80,1,-1,-1,-1
75,15,1752.53,463.01,69.18,41.66,1,-1,-1,-1
76,1,550.40,382.45,169.58,323.36,1,-1,-1,-1
76,7,795.88,362.97,120.86,243.96,1,-1,-1,-1
76,12,1498.78,554.91,58.19,26.45,1,-1,-1,-1
76,15,1750.96,462.30,71.10,42.73,1,-1,-1,-1
77,1,550.48,382.91,169.26,322.32,1,-1,-1,-1
77,5,301.41,490.60,304.02,582.21,1,-1,-1,-1
77,7,795.34,360.90,121.28,245.00,1,-1,-1,-1
77,12,1498.00,554.61,58.27,26.48,1,-1,-1,-1
77,15,1749.28,461.32,72.99,43.89,1,-1,-1,-1
78,1,550.11,383.25,169.21,321.87,1,-1,-1,-1
78,5,298.75,490.13,302.87,582.55,1,-1,-1,-1
78,7,794.69,361.60,121.20,244.26,1,-1,-1,-1
78,15,1749.68,460.86,73.56,44.45,1,-1,-1,-1
79,1,549.96,382.98,169.39,322.02,1,-1,-1,-1
79,5,297.89,490.41,301.76,582.23,1,-1,-1,-1
79,7,794.39,361.46,121.50,244.52,1,-1,-1,-1
79,15,1750.55,461.10,72.37,43.79,1,-1,-1,-1
80,1,549.30,382.76,169.59,322.30,1,-1,-1,-1
80,5,298.08,490.21,301.06,583.02,1,-1,-1,-1
80,7,794.33,361.71,121.65,244.62,1,-1,-1,-1
80,15,1746.48,457.78,78.56,48.12,1,-1,-1,-1
81,1,549.67,382.91,169.34,321.55,1,-1,-1,-1
81,5,301.36,490.61,298.98,582.74,1,-1,-1,-1
81,7,794.15,361.44,121.87,244.82,1,-1,-1,-1
81,15,1748.99,459.10,74.69,45.79,1,-1,-1,-1
82,1,548.68,382.48,169.69,321.77,1,-1,-1,-1
82,5,302.25,488.72,297.67,584.57,1,-1,-1,-1
82,7,794.31,361.69,121.36,243.60,1,-1,-1,-1
82,15,1746.27,456.41,77.66,48.03,1,-1,-1,-1
83,1,547.85,381.85,170.17,322.12,1,-1,-1,-1
83,5,303.26,488.10,295.79,585.41,1,-1,-1,-1
83,7,794.26,362.04,121.20,243.06,1,-1,-1,-1
83,15,1745.47,456.00,77.39,48.13,1,-1,-1,-1
84,1,547.47,381.18,170.46,322.00,1,-1,-1,-1
84,5,302.89,488.34,294.08,585.28,1,-1,-1,-1
84,7,794.00,361.94,120.77,241.96,1,-1,-1,-1
84,15,1745.05,456.20,76.20,47.49,1,-1,-1,-1
85,1,547.26,380.62,170.80,322.15,1,-1,-1,-1
85,5,303.18,488.23,292.64,585.39,1,-1,-1,-1
85,7,793.89,361.73,120.71,241.64,1,-1,-1,-1
85,15,1743.86,456.16,76.25,47.52,1,-1,-1,-1
86,1,546.53,379.66,171.75,323.30,1,-1,-1,-1
86,5,302.88,487.82,291.55,585.94,1,-1,-1,-1
86,7,793.35,361.16,121.27,242.70,1,-1,-1,-1
86,15,1745.37,456.68,74.73,46.78,1,-1,-1,-1
87,1,545.54,378.04,173.07,324.98,1,-1,-1,-1
87,5,300.89,487.27,290.71,586.30,1,-1,-1,-1
87,7,793.31,361.09,121.05,242.14,1,-1,-1,-1
87,15,1745.03,456.73,74.70,46.84,1,-1,-1,-1
88,1,545.04,377.54,173.91,325.66,1,-1,-1,-1
88,5,300.08,487.16,289.94,586.30,1,-1,-1,-1
88,7,793.38,361.02,120.97,241.84,1,-1,-1,-1
88,15,1744.92,457.15,74.24,46.56,1,-1,-1,-1
89,1,544.78,378.63,173.63,324.08,1,-1,-1,-1
89,5,298.38,486.46,289.81,586.92,1,-1,-1,-1
89,7,793.04,360.96,120.91,241.46,1,-1,-1,-1
89,15,1744.27,456.45,75.09,47.18,1,-1,-1,-1
90,1,546.27,379.60,172.61,322.15,1,-1,-1,-1
90,5,297.29,486.42,289.35,586.92,1,-1,-1,-1
90,7,792.65,360.94,120.85,241.15,1,-1,-1,-1
90,15,1743.76,455.14,76.83,48.67,1,-1,-1,-1
91,1,545.71,379.15,173.09,322.41,1,-1,-1,-1
91,5,297.17,486.27,288.83,587.34,1,-1,-1,-1
91,7,792.40,360.80,120.94,241.05,1,-1,-1,-1
91,15,1744.27,455.14,76.13,48.42,1,-1,-1,-1
92,1,545.45,380.06,172.70,321.27,1,-1,-1,-1
92,5,295.33,485.76,288.68,587.79,1,-1,-1,-1
92,7,792.10,361.16,121.30,241.50,1,-1,-1,-1
92,15,1744.31,454.90,76.35,48.84,1,-1,-1,-1
93,1,544.25,380.07,173.80,323.19,1,-1,-1,-1
93,5,293.44,484.66,289.13,588.81,1,-1,-1,-1
93,7,791.32,360.95,121.65,242.21,1,-1,-1,-1
93,15,1742.92,453.88,77.56,49.93,1,-1,-1,-1
94,1,543.74,380.02,174.27,323.95,1,-1,-1,-1
94,5,292.70,484.30,289.27,589.09,1,-1,-1,-1
94,7,791.02,360.92,121.75,242.37,1,-1,-1,-1
94,15,1742.50,453.43,77.87,50.44,1,-1,-1,-1
95,1,543.72,379.98,174.17,323.55,1,-1,-1,-1
95,5,291.98,483.44,289.40,589.97,1,-1,-1,-1
95,7,791.45,360.56,121.60,242.36,1,-1,-1,-1
95,15,1742.00,452.68,77.76,50.67,1,-1,-1,-1
96,1,543.07,380.04,174.63,324.05,1,-1,-1,-1
96,5,291.90,482.81,289.24,590.49,1,-1,-1,-1
96,7,791.40,360.43,121.53,242.64,1,-1,-1,-1
96,15,1741.97,452.72,76.66,50.14,1,-1,-1,-1
97,1,542.66,379.46,174.99,324.11,1,-1,-1,-1
97,5,291.95,483.04,288.11,589.97,1,-1,-1,-1
97,7,790.45,359.76,121.60,243.32,1,-1,-1,-1
97,15,1743.26,453.62,73.75,48.35,1,-1,-1,-1
98,1,542.51,379.32,175.27,324.03,1,-1,-1,-1
98,5,292.70,482.98,287.02,589.89,1,-1,-1,-1
98,7,789.91,359.41,121.61,244.07,1,-1,-1,-1
98,15,1743.41,453.48,74.09,48.73,1,-1,-1,-1
99,1,542.69,379.25,174.97,323.18,1,-1,-1,-1
99,5,292.82,482.24,286.09,590.66,1,-1,-1,-1
99,7,789.56,358.95,121.54,244.99,1,-1,-1,-1
99,15,1743.31,453.95,73.89,48.69,1,-1,-1,-1
100,1,542.66,379.48,174.62,322.57,1,-1,-1,-1
100,5,293.40,480.94,285.53,591.97,1,-1,-1,-1
100,7,789.87,359.94,120.52,243.87,1,-1,-1,-1
100,15,1742.67,453.24,74.72,49.48,1,-1,-1,-1
101,1,543.55,380.49,173.91,321.84,1,-1,-1,-1
101,5,294.06,479.98,284.97,593.33,1,-1,-1,-1
101,7,790.67,360.79,119.75,243.14,1,-1,-1,-1
101,15,1742.74,453.12,74.71,49.65,1,-1,-1,-1
102,1,544.09,381.30,173.22,320.89,1,-1,-1,-1
102,5,295.00,479.84,283.83,593.48,1,-1,-1,-1
102,7,791.12,361.08,119.29,242.98,1,-1,-1,-1
102,15,1742.84,453.32,74.02,49.35,1,-1,-1,-1
103,1,544.48,381.39,173.08,321.05,1,-1,-1,-1
103,5,295.81,480.02,282.64,593.41,1,-1,-1,-1
103,7,791.51,361.40,118.84,242.75,1,-1,-1,-1
103,15,1743.11,453.68,73.29,48.84,1,-1,-1,-1
104,1,545.76,381.12,172.81,321.22,1,-1,-1,-1
104,5,296.57,480.87,281.24,592.81,1,-1,-1,-1
104,7,791.75,361.32,118.63,242.69,1,-1,-1,-1
104,15,1743.08,453.93,73.70,48.96,1,-1,-1,-1
105,1,547.89,381.66,171.73,320.12,1,-1,-1,-1
105,5,297.45,480.44,280.05,592.96,1,-1,-1,-1
105,7,791.36,359.08,119.45,245.61,1,-1,-1,-1
105,15,1741.70,453.12,76.08,50.92,1,-1,-1,-1
106,1,549.78,381.96,170.80,319.51,1,-1,-1,-1
106,5,298.14,479.45,279.41,594.08,1,-1,-1,-1
106,7,792.45,360.45,118.45,244.01,1,-1,-1,-1
106,15,1741.58,453.13,75.43,50.81,1,-1,-1,-1
107,1,550.87,382.12,169.85,318.65,1,-1,-1,-1
107,5,299.85,479.17,278.84,594.69,1,-1,-1,-1
107,7,793.49,360.65,118.21,243.62,1,-1,-1,-1
107,15,1741.69,452.96,75.04,50.82,1,-1,-1,-1
108,1,550.44,383.28,169.30,318.01,1,-1,-1,-1
108,5,301.33,478.95,278.26,594.52,1,-1,-1,-1
108,7,793.54,360.07,119.03,245.06,1,-1,-1,-1
108,15,1742.49,453.37,73.49,49.87,1,-1,-1,-1
109,1,550.19,383.59,169.12,317.83,1,-1,-1,-1
109,5,302.14,479.45,277.58,593.94,1,-1,-1,-1
109,7,793.41,359.76,119.78,246.40,1,-1,-1,-1
109,15,1743.42,453.49,72.46,49.22,1,-1,-1,-1
110,1,551.29,383.49,169.26,318.17,1,-1,-1,-1
110,5,302.51,479.11,277.28,594.32,1,-1,-1,-1
110,7,793.24,359.49,120.42,247.23,1,-1,-1,-1
110,15,1742.93,453.65,71.92,48.96,1,-1,-1,-1
110,27,757.67,368.15,54.03,93.62,1,-1,-1,-1
111,1,552.24,380.34,170.77,321.60,1,-1,-1,-1
111,5,303.98,478.97,276.77,594.35,1,-1,-1,-1
111,7,793.26,359.40,120.69,246.99,1,-1,-1,-1
111,15,1743.75,453.90,71.48,48.63,1,-1,-1,-1
111,27,758.26,367.68,54.38,94.28,1,-1,-1,-1
112,1,552.67,379.16,171.05,322.62,1,-1,-1,-1
112,5,304.56,479.03,276.30,594.28,1,-1,-1,-1
112,7,793.09,359.25,120.97,246.80,1,-1,-1,-1
112,15,1744.00,454.05,71.29,48.46,1,-1,-1,-1
112,27,758.36,367.47,54.50,94.50,1,-1,-1,-1
113,1,555.20,379.41,169.51,320.77,1,-1,-1,-1
113,5,306.55,479.21,275.68,594.56,1,-1,-1,-1
113,7,793.06,358.56,121.08,246.33,1,-1,-1,-1
113,15,1744.50,453.80,71.31,48.41,1,-1,-1,-1
113,27,759.37,367.94,54.09,93.79,1,-1,-1,-1
114,1,555.66,378.94,169.20,320.67,1,-1,-1,-1
114,5,307.94,478.88,275.11,594.57,1,-1,-1,-1
114,7,793.62,358.56,121.23,246.17,1,-1,-1,-1
114,15,1744.40,453.46,72.41,49.15,1,-1,-1,-1
114,27,760.15,368.11,53.97,93.63,1,-1,-1,-1
115,1,555.80,378.87,168.99,319.98,1,-1,-1,-1
115,5,308.72,479.09,274.59,594.22,1,-1,-1,-1
115,7,794.94,358.83,120.97,245.43,1,-1,-1,-1
115,15,1743.85,453.12,73.56,49.88,1,-1,-1,-1
115,27,760.62,367.47,54.11,93.94,1,-1,-1,-1
116,1,555.96,378.90,168.98,319.35,1,-1,-1,-1
116,5,310.31,478.44,274.18,594.70,1,-1,-1,-1
116,7,796.33,359.26,120.32,243.82,1,-1,-1,-1
116,15,1744.16,452.74,73.54,49.88,1,-1,-1,-1
116,27,761.07,367.37,54.14,93.99,1,-1,-1,-1
117,1,556.03,378.91,169.17,319.15,1,-1,-1,-1
117,5,311.21,478.25,273.71,594.80,1,-1,-1,-1
117,7,796.92,359.61,119.99,242.87,1,-1,-1,-1
117,15,1744.10,452.69,73.49,49.84,1,-1,-1,-1
118,1,556.77,378.93,169.22,318.42,1,-1,-1,-1
118,5,312.68,478.36,273.25,594.70,1,-1,-1,-1
118,7,798.13,361.23,119.04,240.57,1,-1,-1,-1
118,15,1744.48,452.75,73.45,49.87,1,-1,-1,-1
118,30,1485.41,546.21,55.32,30.37,1,-1,-1,-1
119,1,557.75,379.22,168.99,317.21,1,-1,-1,-1
119,5,313.73,478.50,272.86,594.58,1,-1,-1,-1
119,7,800.04,362.89,117.67,237.86,1,-1,-1,-1
119,15,1744.64,452.28,74.19,50.52,1,-1,-1,-1
119,30,1485.89,546.98,53.85,29.55,1,-1,-1,-1
120,1,558.09,379.23,169.14,316.78,1,-1,-1,-1
120,5,314.31,478.91,272.39,594.09,1,-1,-1,-1
120,7,800.82,363.53,117.03,236.61,1,-1,-1,-1
120,15,1744.59,452.08,74.42,50.77,1,-1,-1,-1
120,30,1485.85,547.19,53.48,29.33,1,-1,-1,-1
121,1,558.43,380.24,169.59,317.02,1,-1,-1,-1
121,5,315.84,479.51,272.07,593.48,1,-1,-1,-1
121,7,802.83,362.03,117.14,237.83,1,-1,-1,-1
121,15,1744.77,451.91,74.37,50.79,1,-1,-1,-1
121,27,764.14,367.74,53.85,93.27,1,-1,-1,-1
121,30,1486.14,547.22,52.38,28.68,1,-1,-1,-1
122,1,560.27,381.11,168.80,315.04,1,-1,-1,-1
122,5,318.96,479.17,272.43,594.39,1,-1,-1,-1
122,7,803.30,359.73,117.96,240.30,1,-1,-1,-1
122,15,1743.88,451.58,75.56,51.71,1,-1,-1,-1
122,27,764.72,366.71,53.96,93.99,1,-1,-1,-1
122,30,1486.31,547.23,51.77,28.24,1,-1,-1,-1
123,1,562.88,381.94,167.81,311.80,1,-1,-1,-1
123,5,317.88,478.73,274.47,595.57,1,-1,-1,-1
123,7,804.44,357.92,117.53,239.58,1,-1,-1,-1
123,15,1743.05,451.21,75.37,51.38,1,-1,-1,-1
123,27,766.71,364.87,54.02,94.62,1,-1,-1,-1
123,30,1485.99,546.77,51.14,27.66,1,-1,-1,-1
124,1,563.19,382.83,167.62,310.00,1,-1,-1,-1
124,5,317.63,478.48,276.31,596.22,1,-1,-1,-1
124,7,805.44,357.44,116.43,238.04,1,-1,-1,-1
124,15,1743.20,451.15,74.91,50.85,1,-1,-1,-1
124,27,767.41,364.26,54.00,95.01,1,-1,-1,-1
124,30,1485.28,545.76,51.24,27.54,1,-1,-1,-1
125,1,563.15,380.17,169.17,311.65,1,-1,-1,-1
125,5,318.91,477.36,277.60,597.48,1,-1,-1,-1
125,7,806.23,357.12,116.23,237.64,1,-1,-1,-1
125,15,1743.77,450.64,74.33,50.32,1,-1,-1,-1
125,27,768.40,363.13,53.79,95.26,1,-1,-1,-1
125,30,1485.91,546.27,48.94,25.90,1,-1,-1,-1
126,1,564.21,378.82,169.72,312.12,1,-1,-1,-1
126,5,322.82,477.23,277.73,597.24,1,-1,-1,-1
126,15,1745.04,450.67,72.35,48.86,1,-1,-1,-1
126,27,768.90,361.95,53.42,95.06,1,-1,-1,-1
126,30,1485.32,546.85,48.13,25.00,1,-1,-1,-1
127,1,564.39,378.19,170.10,312.35,1,-1,-1,-1
127,5,324.06,477.07,278.01,597.25,1,-1,-1,-1
127,15,1745.42,450.62,71.91,48.48,1,-1,-1,-1
127,27,769.07,361.35,53.25,95.20,1,-1,-1,-1
127,30,1484.99,547.46,47.81,24.33,1,-1,-1,-1
128,1,565.00,377.79,170.38,311.66,1,-1,-1,-1
128,5,327.59,474.11,278.65,599.75,1,-1,-1,-1
128,15,1744.95,451.37,70.73,47.30,1,-1,-1,-1
128,27,769.83,360.61,52.32,94.12,1,-1,-1,-1
128,30,1483.23,544.35,49.77,24.94,1,-1,-1,-1
129,1,565.91,375.08,171.36,312.65,1,-1,-1,-1
129,5,330.77,471.91,278.78,601.24,1,-1,-1,-1
129,15,1745.09,452.64,67.57,44.75,1,-1,-1,-1
129,27,770.41,360.05,52.31,94.11,1,-1,-1,-1
129,30,1482.73,542.71,50.62,25.00,1,-1,-1,-1
130,1,567.13,373.60,170.99,311.32,1,-1,-1,-1
130,5,332.42,471.22,279.05,601.85,1,-1,-1,-1
130,15,1746.17,456.11,61.53,39.60,1,-1,-1,-1
130,27,772.79,358.15,50.98,91.93,1,-1,-1,-1
130,30,1481.77,538.46,53.30,26.15,1,-1,-1,-1
131,1,568.90,372.07,170.78,310.11,1,-1,-1,-1
131,7,809.12,349.55,114.78,234.58,1,-1,-1,-1
131,15,1748.28,457.55,57.33,35.74,1,-1,-1,-1
131,27,773.99,355.94,50.93,91.89,1,-1,-1,-1
131,30,1477.65,531.19,61.19,30.17,1,-1,-1,-1
132,1,568.29,368.69,172.21,312.77,1,-1,-1,-1
132,7,808.44,346.26,114.78,236.17,1,-1,-1,-1
132,15,1749.11,458.20,54.90,34.23,1,-1,-1,-1
132,27,774.80,355.07,50.81,91.67,1,-1,-1,-1
132,30,1475.89,527.31,63.07,31.13,1,-1,-1,-1
133,1,568.03,367.45,172.78,313.86,1,-1,-1,-1
133,7,808.39,345.20,114.39,236.72,1,-1,-1,-1
133,15,1743.98,450.97,63.43,39.06,1,-1,-1,-1
133,30,1475.16,525.83,63.77,31.49,1,-1,-1,-1
134,1,570.35,364.68,172.84,313.30,1,-1,-1,-1
134,5,328.61,460.65,284.70,612.49,1,-1,-1,-1
134,7,808.77,344.16,114.31,236.55,1,-1,-1,-1
134,15,1740.32,444.73,70.02,43.14,1,-1,-1,-1
134,30,1474.12,525.51,62.74,30.80,1,-1,-1,-1
135,1,572.64,363.22,171.17,309.57,1,-1,-1,-1
135,5,347.10,462.08,221.92,458.06,1,-1,-1,-1
135,15,1738.06,440.98,71.83,44.25,1,-1,-1,-1
135,30,1473.67,523.26,62.51,30.63,1,-1,-1,-1
136,1,574.89,361.67,170.17,306.49,1,-1,-1,-1
136,5,350.20,460.98,215.07,443.94,1,-1,-1,-1
136,15,1734.85,435.48,75.81,47.05,1,-1,-1,-1
136,30,1472.55,519.22,62.44,30.56,1,-1,-1,-1
137,1,577.05,360.36,169.13,303.61,1,-1,-1,-1
137,7,808.29,334.04,115.66,241.16,1,-1,-1,-1
137,15,1737.95,437.05,68.28,41.77,1,-1,-1,-1
137,27,773.43,340.69,51.48,93.93,1,-1,-1,-1
137,30,1471.78,517.17,62.90,30.78,1,-1,-1,-1
138,1,578.45,357.17,167.92,300.75,1,-1,-1,-1
138,7,808.48,332.33,115.82,241.49,1,-1,-1,-1
138,15,1736.45,432.74,71.62,43.91,1,-1,-1,-1
138,27,773.74,338.94,51.52,94.00,1,-1,-1,-1
139,1,578.86,356.00,167.68,299.83,1,-1,-1,-1
139,15,1735.50,430.72,73.44,45.22,1,-1,-1,-1
140,1,577.89,351.99,169.87,304.28,1,-1,-1,-1
140,15,1738.06,433.56,67.58,41.07,1,-1,-1,-1
141,1,579.91,347.78,170.45,306.36,1,-1,-1,-1
141,5,338.82,448.18,298.02,614.55,1,-1,-1,-1
141,15,1740.85,436.28,59.80,35.38,1,-1,-1,-1
142,1,580.30,345.56,169.83,305.66,1,-1,-1,-1
142,5,339.14,446.32,303.32,625.49,1,-1,-1,-1
142,15,1736.34,427.98,67.13,39.74,1,-1,-1,-1
143,1,581.37,343.46,168.68,303.22,1,-1,-1,-1
143,7,811.73,319.83,113.52,237.28,1,-1,-1,-1
143,15,1732.44,420.89,75.07,45.01,1,-1,-1,-1
144,1,583.84,340.58,168.25,302.00,1,-1,-1,-1
144,5,350.36,437.85,307.25,636.14,1,-1,-1,-1
144,7,812.09,317.79,113.44,237.12,1,-1,-1,-1
144,15,1731.01,415.82,76.16,45.90,1,-1,-1,-1
144,30,1466.33,498.40,64.52,31.64,1,-1,-1,-1
145,1,584.65,339.73,168.28,301.69,1,-1,-1,-1
145,5,352.96,436.47,307.11,637.67,1,-1,-1,-1
145,7,813.87,323.64,110.07,227.65,1,-1,-1,-1
145,15,1729.79,412.63,78.10,47.47,1,-1,-1,-1
145,30,1466.21,497.75,64.24,31.50,1,-1,-1,-1
146,1,584.91,337.19,167.84,300.77,1,-1,-1,-1
146,5,369.08,434.08,229.62,461.29,1,-1,-1,-1
146,7,813.16,317.12,111.42,229.65,1,-1,-1,-1
146,15,1729.39,409.50,77.87,47.64,1,-1,-1,-1
146,30,1465.48,496.20,61.93,30.52,1,-1,-1,-1
147,1,584.50,334.80,167.07,298.77,1,-1,-1,-1
147,5,359.88,432.60,293.72,590.68,1,-1,-1,-1
147,7,812.68,310.64,112.88,232.23,1,-1,-1,-1
147,15,1728.37,406.31,77.69,47.70,1,-1,-1,-1
147,30,1464.75,494.05,61.98,30.54,1,-1,-1,-1
148,1,584.91,331.44,167.33,298.98,1,-1,-1,-1
148,5,358.24,428.22,312.25,628.07,1,-1,-1,-1
148,7,813.30,306.85,112.72,231.85,1,-1,-1,-1
148,15,1727.97,403.82,78.04,48.02,1,-1,-1,-1
149,1,585.69,327.17,167.72,300.09,1,-1,-1,-1
149,5,359.99,424.46,321.68,645.86,1,-1,-1,-1
149,7,813.07,305.08,112.08,230.57,1,-1,-1,-1
149,15,1731.14,407.08,69.47,42.10,1,-1,-1,-1
150,1,586.99,324.07,167.19,299.38,1,-1,-1,-1
150,5,360.01,420.26,327.16,655.13,1,-1,-1,-1
150,7,813.24,301.75,111.99,230.52,1,-1,-1,-1
150,15,1737.32,413.03,55.26,31.69,1,-1,-1,-1
151,1,587.43,323.05,166.89,299.05,1,-1,-1,-1
151,5,359.93,418.59,329.43,658.35,1,-1,-1,-1
151,7,813.27,300.60,111.97,230.54,1,-1,-1,-1
151,15,1739.24,415.35,51.11,28.00,1,-1,-1,-1
152,1,588.47,321.60,166.81,299.42,1,-1,-1,-1
152,5,362.67,416.58,331.04,659.40,1,-1,-1,-1
152,7,812.77,297.51,112.13,231.14,1,-1,-1,-1
152,15,1728.64,403.67,69.33,38.24,1,-1,-1,-1
153,1,589.22,318.06,166.62,300.05,1,-1,-1,-1
153,5,364.08,413.47,333.47,662.63,1,-1,-1,-1
153,7,813.55,294.50,112.44,231.61,1,-1,-1,-1
153,15,1722.77,394.99,79.85,44.88,1,-1,-1,-1
154,1,590.58,315.92,165.10,297.73,1,-1,-1,-1
154,5,367.76,410.10,335.40,664.57,1,-1,-1,-1
154,7,812.87,293.64,112.01,230.33,1,-1,-1,-1
154,15,1720.03,389.67,83.95,48.06,1,-1,-1,-1
155,1,592.02,313.70,162.87,293.55,1,-1,-1,-1
155,5,367.89,408.36,337.63,664.51,1,-1,-1,-1
155,7,812.46,290.54,112.80,231.82,1,-1,-1,-1
155,15,1718.71,386.13,83.87,48.69,1,-1,-1,-1
155,30,1462.57,474.21,52.95,25.52,1,-1,-1,-1
156,1,593.42,311.13,162.75,293.21,1,-1,-1,-1
156,5,369.00,406.93,339.53,665.11,1,-1,-1,-1
156,7,812.26,286.58,113.76,234.31,1,-1,-1,-1
156,15,1719.04,383.36,81.60,47.85,1,-1,-1,-1
156,30,1462.17,471.86,52.17,25.15,1,-1,-1,-1
157,1,594.02,310.31,162.62,292.90,1,-1,-1,-1
157,5,369.13,406.23,341.02,665.25,1,-1,-1,-1
157,7,812.24,284.81,114.12,235.55,1,-1,-1,-1
157,15,1719.83,382.71,79.52,47.00,1,-1,-1,-1
158,1,596.65,307.84,161.58,292.24,1,-1,-1,-1
158,5,369.92,404.03,342.66,666.13,1,-1,-1,-1
158,7,813.09,282.64,113.53,233.69,1,-1,-1,-1
158,15,1719.00,380.13,79.41,47.20,1,-1,-1,-1
158,30,1461.53,466.90,56.12,26.78,1,-1,-1,-1
159,1,595.28,304.07,162.56,293.51,1,-1,-1,-1
159,5,373.15,400.27,344.20,669.25,1,-1,-1,-1
159,7,813.13,279.42,113.17,232.92,1,-1,-1,-1
159,15,1719.70,380.13,76.31,45.36,1,-1,-1,-1
159,30,1461.74,465.02,53.58,25.11,1,-1,-1,-1
160,1,595.66,301.17,162.91,294.35,1,-1,-1,-1
160,5,376.12,397.79,344.76,670.68,1,-1,-1,-1
160,7,813.38,278.28,112.78,232.08,1,-1,-1,-1
160,15,1718.05,374.95,79.20,47.49,1,-1,-1,-1
160,30,1461.91,463.64,50.41,22.95,1,-1,-1,-1
161,1,595.23,297.50,163.73,295.46,1,-1,-1,-1
161,5,380.61,395.94,342.00,667.63,1,-1,-1,-1
161,7,813.64,274.92,113.47,233.15,1,-1,-1,-1
161,15,1718.28,373.89,75.69,45.57,1,-1,-1,-1
161,30,1461.85,461.44,49.25,22.42,1,-1,-1,-1
162,1,595.40,293.18,164.74,297.43,1,-1,-1,-1
162,5,380.84,391.54,341.87,668.41,1,-1,-1,-1
162,7,814.29,270.62,113.17,231.75,1,-1,-1,-1
162,15,1715.60,368.93,78.74,47.56,1,-1,-1,-1
163,1,595.37,291.79,165.11,298.20,1,-1,-1,-1
163,5,380.77,390.20,341.44,668.35,1,-1,-1,-1
163,7,814.56,269.24,113.05,230.85,1,-1,-1,-1
163,15,1714.67,367.30,79.68,48.27,1,-1,-1,-1
164,1,598.99,291.59,163.56,295.19,1,-1,-1,-1
164,5,384.82,387.45,340.52,668.65,1,-1,-1,-1
164,7,814.61,268.02,113.39,230.98,1,-1,-1,-1
164,15,1714.38,364.39,79.37,48.22,1,-1,-1,-1
164,40,1860.56,418.19,59.84,22.43,1,-1,-1,-1
165,1,601.49,288.83,164.48,296.32,1,-1,-1,-1
165,5,388.65,384.90,339.20,667.91,1,-1,-1,-1
165,7,815.46,266.19,113.86,231.90,1,-1,-1,-1
165,15,1713.13,360.92,80.35,49.20,1,-1,-1,-1
165,40,1861.50,416.74,56.63,21.18,1,-1,-1,-1
166,1,605.03,287.49,163.55,295.53,1,-1,-1,-1
166,5,389.66,379.71,337.83,666.03,1,-1,-1,-1
166,7,817.37,264.77,113.11,230.68,1,-1,-1,-1
166,15,1713.59,357.99,79.01,48.85,1,-1,-1,-1
166,40,1860.91,414.98,56.77,21.23,1,-1,-1,-1
167,1,607.67,285.90,161.59,293.15,1,-1,-1,-1
167,5,393.88,375.46,335.89,664.20,1,-1,-1,-1
167,7,817.53,261.55,112.26,228.75,1,-1,-1,-1
167,15,1713.75,356.15,77.49,48.25,1,-1,-1,-1
167,30,1452.10,442.85,60.61,27.93,1,-1,-1,-1
168,1,608.20,283.44,160.15,290.25,1,-1,-1,-1
168,5,396.76,371.63,332.50,658.66,1,-1,-1,-1
168,7,817.41,258.60,112.05,228.73,1,-1,-1,-1
168,15,1714.57,354.63,75.64,47.45,1,-1,-1,-1
168,30,1451.81,440.22,59.58,27.47,1,-1,-1,-1
169,1,608.06,282.55,159.72,289.19,1,-1,-1,-1
169,5,397.43,370.08,331.09,656.70,1,-1,-1,-1
169,7,817.41,257.51,111.82,228.76,1,-1,-1,-1
169,15,1714.60,353.31,75.56,47.84,1,-1,-1,-1
169,30,1451.56,439.01,59.44,27.45,1,-1,-1,-1
170,1,610.13,277.43,161.13,291.71,1,-1,-1,-1
170,5,398.07,366.69,330.27,655.56,1,-1,-1,-1
170,7,818.66,257.40,110.96,226.71,1,-1,-1,-1
170,15,1716.07,351.94,72.64,46.34,1,-1,-1,-1
170,30,1449.51,434.82,62.37,29.09,1,-1,-1,-1
171,1,611.69,274.33,161.24,292.36,1,-1,-1,-1
171,5,400.27,360.95,330.28,656.04,1,-1,-1,-1
171,7,818.95,255.56,111.25,227.33,1,-1,-1,-1
171,15,1715.39,352.06,69.72,44.30,1,-1,-1,-1
171,30,1451.78,434.77,58.53,27.07,1,-1,-1,-1
172,1,611.09,272.80,160.95,291.53,1,-1,-1,-1
172,5,404.21,356.99,330.07,656.77,1,-1,-1,-1
172,7,819.69,254.79,110.78,226.44,1,-1,-1,-1
172,15,1718.38,356.36,61.07,37.72,1,-1,-1,-1
172,30,1451.09,432.29,58.80,27.20,1,-1,-1,-1
173,1,611.68,272.56,160.75,290.64,1,-1,-1,-1
173,5,409.11,356.83,327.71,654.00,1,-1,-1,-1
173,7,820.23,253.42,110.56,225.95,1,-1,-1,-1
173,15,1718.04,357.45,58.96,35.56,1,-1,-1,-1
174,1,612.25,271.95,160.77,290.23,1,-1,-1,-1
174,5,411.87,357.15,326.35,653.66,1,-1,-1,-1
174,7,821.10,253.35,109.84,224.33,1,-1,-1,-1
174,15,1715.97,355.61,61.34,36.58,1,-1,-1,-1
175,1,612.15,271.78,161.13,290.51,1,-1,-1,-1
175,5,413.35,357.23,325.17,653.60,1,-1,-1,-1
175,7,821.35,253.32,109.52,223.67,1,-1,-1,-1
175,15,1715.12,354.82,62.70,37.02,1,-1,-1,-1
176,1,613.25,270.95,161.22,290.51,1,-1,-1,-1
176,5,413.18,354.38,325.40,654.06,1,-1,-1,-1
176,7,821.85,252.36,109.90,224.87,1,-1,-1,-1
176,15,1713.03,353.68,65.26,38.26,1,-1,-1,-1
177,1,614.91,271.13,160.38,288.82,1,-1,-1,-1
177,5,415.55,353.81,323.85,650.57,1,-1,-1,-1
177,7,822.87,251.93,109.64,225.26,1,-1,-1,-1
177,15,1712.52,354.44,64.44,37.28,1,-1,-1,-1
178,1,616.19,271.11,159.54,286.91,1,-1,-1,-1
178,5,416.48,355.04,322.22,646.81,1,-1,-1,-1
178,7,823.13,251.60,109.56,226.15,1,-1,-1,-1
178,15,1709.45,352.24,67.88,39.09,1,-1,-1,-1
178,43,1850.16,398.68,64.66,17.56,1,-1,-1,-1
179,1,617.21,272.37,158.47,284.33,1,-1,-1,-1
179,5,420.13,355.02,322.18,646.43,1,-1,-1,-1
179,7,823.55,251.24,109.33,226.67,1,-1,-1,-1
179,15,1707.42,350.50,71.36,41.11,1,-1,-1,-1
179,43,1849.37,398.74,65.14,17.61,1,-1,-1,-1
180,1,618.28,271.35,158.02,283.52,1,-1,-1,-1
180,5,439.46,358.60,222.72,441.73,1,-1,-1,-1
180,7,824.27,251.35,108.79,226.60,1,-1,-1,-1
180,15,1707.02,350.74,70.24,40.35,1,-1,-1,-1
180,43,1849.06,398.20,64.40,17.26,1,-1,-1,-1
181,1,607.48,275.48,159.35,280.78,1,-1,-1,-1
181,5,446.91,360.49,181.36,355.91,1,-1,-1,-1
181,7,824.84,251.36,108.32,226.59,1,-1,-1,-1
181,15,1706.70,350.68,70.42,40.39,1,-1,-1,-1
181,43,1848.53,398.06,64.98,17.27,1,-1,-1,-1
182,1,607.43,275.01,158.77,279.76,1,-1,-1,-1
182,5,451.84,359.92,164.51,322.85,1,-1,-1,-1
182,7,825.15,252.14,107.51,225.31,1,-1,-1,-1
182,15,1705.02,350.60,70.67,40.46,1,-1,-1,-1
182,43,1848.04,398.02,64.68,16.98,1,-1,-1,-1
183,7,825.39,253.22,106.69,223.54,1,-1,-1,-1
183,15,1702.54,349.24,72.75,41.75,1,-1,-1,-1
183,43,1846.27,397.00,66.91,17.38,1,-1,-1,-1
184,1,598.18,276.04,162.49,278.46,1,-1,-1,-1
184,5,449.02,363.11,171.60,332.00,1,-1,-1,-1
184,7,825.06,253.25,106.58,223.42,1,-1,-1,-1
184,15,1701.01,350.06,72.15,41.36,1,-1,-1,-1
184,43,1845.42,396.94,67.77,17.40,1,-1,-1,-1
185,1,608.20,276.12,162.25,277.74,1,-1,-1,-1
185,5,447.61,360.63,174.61,334.16,1,-1,-1,-1
185,7,825.17,252.40,106.79,223.83,1,-1,-1,-1
185,15,1695.41,348.65,75.28,43.00,1,-1,-1,-1
185,43,1840.38,395.37,75.43,19.36,1,-1,-1,-1
186,1,608.62,275.89,161.71,276.82,1,-1,-1,-1
186,5,449.64,362.33,175.04,330.68,1,-1,-1,-1
186,7,825.56,251.38,106.89,224.34,1,-1,-1,-1
186,15,1694.51,348.63,75.69,43.18,1,-1,-1,-1
186,43,1837.78,395.49,76.35,19.50,1,-1,-1,-1
187,5,449.50,362.89,176.81,330.35,1,-1,-1,-1
187,7,825.67,251.08,106.83,224.50,1,-1,-1,-1
187,15,1694.18,348.61,75.91,43.27,1,-1,-1,-1
187,43,1836.70,395.63,76.91,19.55,1,-1,-1,-1
188,5,450.70,361.63,178.89,331.15,1,-1,-1,-1
188,7,826.37,251.89,105.88,222.83,1,-1,-1,-1
188,15,1694.65,349.34,74.40,42.02,1,-1,-1,-1
188,43,1833.52,394.56,81.23,20.63,1,-1,-1,-1
189,1,615.51,276.26,162.39,277.17,1,-1,-1,-1
189,5,453.05,361.56,173.34,320.89,1,-1,-1,-1
189,7,826.79,252.21,105.32,222.03,1,-1,-1,-1
189,15,1694.76,351.37,71.62,39.99,1,-1,-1,-1
189,43,1830.01,395.18,80.61,20.45,1,-1,-1,-1
190,1,616.50,276.13,162.02,276.55,1,-1,-1,-1
190,7,827.09,251.93,105.14,221.66,1,-1,-1,-1
190,15,1692.46,349.01,73.41,41.14,1,-1,-1,-1
190,43,1829.06,396.25,76.26,19.24,1,-1,-1,-1
190,45,426.99,350.86,325.57,623.92,1,-1,-1,-1
191,7,825.18,253.62,104.27,220.37,1,-1,-1,-1
191,15,1690.78,350.54,71.07,39.91,1,-1,-1,-1
191,43,1826.95,395.16,72.96,18.33,1,-1,-1,-1
191,45,427.13,351.94,324.42,621.88,1,-1,-1,-1
192,7,825.23,253.55,104.05,219.90,1,-1,-1,-1
192,15,1690.53,351.21,69.46,39.03,1,-1,-1,-1
192,43,1825.45,394.58,73.03,18.31,1,-1,-1,-1
192,45,427.09,352.56,323.79,620.80,1,-1,-1,-1
193,7,824.07,252.58,104.50,220.77,1,-1,-1,-1
193,15,1689.92,353.69,64.76,35.86,1,-1,-1,-1
193,43,1823.14,394.53,72.16,18.08,1,-1,-1,-1
193,45,429.01,353.16,322.48,618.77,1,-1,-1,-1
194,7,824.38,253.09,104.10,220.59,1,-1,-1,-1
194,15,1688.66,354.71,64.44,35.24,1,-1,-1,-1
194,43,1821.49,394.80,72.44,18.14,1,-1,-1,-1
194,45,431.46,350.47,322.37,619.01,1,-1,-1,-1
195,7,824.33,253.00,103.95,220.28,1,-1,-1,-1
195,15,1689.16,357.27,61.81,33.15,1,-1,-1,-1
195,43,1820.35,394.93,73.04,18.31,1,-1,-1,-1
195,45,433.49,350.52,320.88,616.70,1,-1,-1,-1
196,15,1687.18,357.30,64.55,34.23,1,-1,-1,-1
196,43,1819.16,394.44,74.42,18.67,1,-1,-1,-1
196,45,436.20,356.27,316.49,608.45,1,-1,-1,-1
197,1,618.45,274.72,159.64,273.55,1,-1,-1,-1
197,5,453.60,359.38,178.99,324.02,1,-1,-1,-1
197,15,1686.06,356.56,66.52,35.00,1,-1,-1,-1
197,43,1818.39,394.39,74.50,18.66,1,-1,-1,-1
197,45,437.93,354.77,316.24,608.73,1,-1,-1,-1
198,1,618.56,274.58,159.23,273.72,1,-1,-1,-1
198,5,452.16,359.09,182.08,324.37,1,-1,-1,-1
198,15,1685.88,356.70,66.68,34.76,1,-1,-1,-1
198,43,1817.75,394.38,75.01,18.78,1,-1,-1,-1
198,45,438.71,354.04,316.03,609.24,1,-1,-1,-1
199,1,620.37,274.66,158.45,273.94,1,-1,-1,-1
199,5,453.12,358.88,180.42,321.42,1,-1,-1,-1
199,15,1685.70,357.13,67.03,34.78,1,-1,-1,-1
199,43,1816.37,394.22,75.20,18.83,1,-1,-1,-1
199,45,439.15,354.38,315.16,608.21,1,-1,-1,-1
200,1,622.07,274.51,158.05,274.69,1,-1,-1,-1
200,5,452.25,357.68,184.27,323.95,1,-1,-1,-1
200,7,824.57,251.89,104.13,220.47,1,-1,-1,-1
200,15,1686.06,358.28,65.05,33.37,1,-1,-1,-1
200,45,441.30,358.09,313.11,605.05,1,-1,-1,-1
201,1,623.24,274.43,157.34,274.32,1,-1,-1,-1
201,5,453.82,358.13,185.34,321.71,1,-1,-1,-1
201,7,824.88,252.06,104.19,220.46,1,-1,-1,-1
201,15,1686.19,359.21,63.88,32.45,1,-1,-1,-1
201,43,1818.28,395.77,70.51,17.54,1,-1,-1,-1
201,45,443.49,362.27,311.24,601.94,1,-1,-1,-1
202,1,623.78,274.30,156.90,274.25,1,-1,-1,-1
202,5,453.94,358.26,186.75,320.80,1,-1,-1,-1
202,7,824.95,252.12,104.25,220.54,1,-1,-1,-1
202,15,1685.74,359.22,64.53,32.54,1,-1,-1,-1
202,43,1818.43,396.05,70.25,17.37,1,-1,-1,-1
202,45,444.24,363.60,310.56,601.09,1,-1,-1,-1
203,1,619.48,275.08,158.08,274.08,1,-1,-1,-1
203,5,454.35,360.37,187.77,320.46,1,-1,-1,-1
203,7,825.13,252.35,104.30,220.35,1,-1,-1,-1
203,15,1685.52,359.44,65.15,32.71,1,-1,-1,-1
203,43,1816.71,395.74,71.40,17.71,1,-1,-1,-1
203,45,444.53,361.03,310.78,602.45,1,-1,-1,-1
203,46,1682.29,347.42,70.99,43.67,1,-1,-1,-1
204,1,619.87,274.87,159.22,274.64,1,-1,-1,-1
204,5,454.06,361.55,189.31,321.64,1,-1,-1,-1
204,7,825.53,252.36,104.59,220.97,1,-1,-1,-1
204,15,1686.28,360.88,62.42,30.98,1,-1,-1,-1
204,43,1814.46,395.10,73.51,18.41,1,-1,-1,-1
204,45,445.89,360.67,309.59,600.80,1,-1,-1,-1
204,46,1682.17,347.80,69.61,42.80,1,-1,-1,-1
205,1,615.21,275.48,161.63,275.16,1,-1,-1,-1
205,5,454.15,360.38,190.91,323.54,1,-1,-1,-1
205,7,825.77,252.10,104.81,221.54,1,-1,-1,-1
205,15,1682.99,358.05,68.15,34.00,1,-1,-1,-1
205,43,1812.14,394.38,76.37,19.34,1,-1,-1,-1
205,45,447.79,362.61,307.62,596.95,1,-1,-1,-1
205,46,1682.36,348.13,68.84,42.32,1,-1,-1,-1
206,1,613.12,275.60,163.38,275.17,1,-1,-1,-1
206,5,454.16,360.67,192.43,325.74,1,-1,-1,-1
206,7,826.18,251.98,105.11,222.52,1,-1,-1,-1
206,15,1682.46,358.16,68.01,33.93,1,-1,-1,-1
206,43,1812.68,394.87,73.48,18.65,1,-1,-1,-1
206,45,449.79,363.85,305.95,593.73,1,-1,-1,-1
206,46,1683.21,351.48,67.61,41.54,1,-1,-1,-1
207,1,619.25,274.45,162.98,275.36,1,-1,-1,-1
207,5,455.00,360.73,191.88,324.80,1,-1,-1,-1
207,7,826.72,251.77,105.18,222.85,1,-1,-1,-1
207,43,1812.62,395.51,72.48,18.47,1,-1,-1,-1
207,45,450.73,362.88,306.25,593.99,1,-1,-1,-1
207,46,1683.73,353.46,65.23,39.94,1,-1,-1,-1
208,1,621.50,274.42,162.38,274.82,1,-1,-1,-1
208,7,826.98,251.45,105.35,223.17,1,-1,-1,-1
208,43,1811.53,395.78,73.42,18.81,1,-1,-1,-1
208,45,452.08,362.20,306.77,593.80,1,-1,-1,-1
208,46,1684.10,355.37,63.52,38.61,1,-1,-1,-1
209,1,622.94,274.16,162.07,274.97,1,-1,-1,-1
209,5,456.11,360.97,193.40,326.66,1,-1,-1,-1
209,7,827.25,251.27,105.37,223.26,1,-1,-1,-1
209,43,1812.09,396.11,72.44,18.62,1,-1,-1,-1
209,45,452.85,362.44,306.90,593.21,1,-1,-1,-1
209,46,1684.76,356.66,62.20,37.47,1,-1,-1,-1
210,1,626.17,273.65,161.39,274.54,1,-1,-1,-1
210,5,456.34,361.11,195.91,330.80,1,-1,-1,-1
210,7,827.25,251.83,105.31,222.65,1,-1,-1,-1
210,43,1809.81,395.95,74.23,19.05,1,-1,-1,-1
210,45,453.73,360.10,308.06,594.42,1,-1,-1,-1
210,46,1684.22,357.11,62.66,37.56,1,-1,-1,-1
211,1,627.50,273.53,160.94,274.42,1,-1,-1,-1
211,5,456.26,361.10,197.05,332.62,1,-1,-1,-1
211,7,827.30,252.00,105.38,222.39,1,-1,-1,-1
211,43,1808.97,396.04,74.82,19.17,1,-1,-1,-1
211,45,453.92,359.73,308.59,594.43,1,-1,-1,-1
211,46,1683.67,356.72,63.86,38.17,1,-1,-1,-1
212,1,628.39,273.84,160.11,273.48,1,-1,-1,-1
212,5,458.12,361.45,197.31,332.71,1,-1,-1,-1
212,7,827.35,252.23,105.58,222.28,1,-1,-1,-1
212,43,1808.87,396.24,74.44,19.02,1,-1,-1,-1
212,45,454.49,358.80,309.59,595.66,1,-1,-1,-1
212,46,1683.89,357.13,63.12,37.53,1,-1,-1,-1
213,1,629.11,274.33,159.67,273.12,1,-1,-1,-1
213,5,458.92,361.54,197.38,332.82,1,-1,-1,-1
213,7,826.95,252.25,105.96,222.72,1,-1,-1,-1
213,43,1808.17,396.27,75.71,19.33,1,-1,-1,-1
213,45,454.01,358.41,310.24,595.96,1,-1,-1,-1
213,46,1684.57,358.47,61.10,35.98,1,-1,-1,-1
214,1,629.45,274.53,159.37,272.97,1,-1,-1,-1
214,7,826.80,252.30,106.18,222.89,1,-1,-1,-1
214,43,1807.90,396.26,76.26,19.46,1,-1,-1,-1
214,45,453.73,358.21,310.84,596.19,1,-1,-1,-1
214,46,1684.36,358.56,61.26,35.80,1,-1,-1,-1
215,1,631.31,274.09,159.84,274.34,1,-1,-1,-1
215,5,461.53,362.52,195.08,327.60,1,-1,-1,-1
215,7,827.85,252.71,106.36,222.91,1,-1,-1,-1
215,43,1805.59,396.02,80.08,20.55,1,-1,-1,-1
215,45,454.62,360.37,311.06,595.66,1,-1,-1,-1
215,46,1681.25,355.82,65.84,38.48,1,-1,-1,-1
216,1,631.89,273.66,160.01,275.31,1,-1,-1,-1
216,5,463.05,360.97,196.03,328.52,1,-1,-1,-1
216,7,828.51,253.07,106.44,222.82,1,-1,-1,-1
216,43,1804.74,396.30,80.87,20.84,1,-1,-1,-1
216,45,455.23,359.82,311.89,596.74,1,-1,-1,-1
216,46,1681.13,356.17,65.53,38.30,1,-1,-1,-1
217,1,632.29,273.54,159.94,275.85,1,-1,-1,-1
217,5,463.24,360.74,196.45,328.50,1,-1,-1,-1
217,7,828.88,253.21,106.53,222.75,1,-1,-1,-1
217,43,1804.17,396.43,81.40,21.09,1,-1,-1,-1
217,45,454.89,359.84,312.43,597.01,1,-1,-1,-1
218,1,588.58,272.99,170.65,275.64,1,-1,-1,-1
218,5,464.20,360.70,196.30,328.25,1,-1,-1,-1
218,7,830.99,253.33,106.28,221.76,1,-1,-1,-1
218,43,1803.52,396.86,82.20,21.44,1,-1,-1,-1
218,45,456.85,360.29,312.61,597.50,1,-1,-1,-1
218,46,1677.80,353.54,69.85,40.88,1,-1,-1,-1
219,1,567.97,274.22,180.40,275.08,1,-1,-1,-1
219,7,832.41,253.32,106.08,221.15,1,-1,-1,-1
219,43,1802.23,396.96,84.00,22.13,1,-1,-1,-1
219,45,459.30,360.81,311.96,596.48,1,-1,-1,-1
219,46,1677.62,353.25,70.17,41.14,1,-1,-1,-1
220,1,604.20,274.48,178.53,276.02,1,-1,-1,-1
220,5,466.26,361.67,195.95,327.60,1,-1,-1,-1
220,7,831.67,253.30,106.76,222.13,1,-1,-1,-1
220,43,1801.66,396.08,85.13,22.71,1,-1,-1,-1
220,45,460.35,361.52,311.91,595.44,1,-1,-1,-1
220,46,1676.08,351.51,74.20,43.90,1,-1,-1,-1
221,1,619.43,274.09,177.12,277.10,1,-1,-1,-1
221,5,467.23,361.74,195.79,327.33,1,-1,-1,-1
221,7,831.80,253.16,107.25,222.54,1,-1,-1,-1
221,43,1801.77,395.46,84.90,22.91,1,-1,-1,-1
221,45,460.86,362.36,312.42,595.94,1,-1,-1,-1
221,46,1676.17,350.93,75.13,44.86,1,-1,-1,-1
222,1,582.87,272.73,186.53,277.55,1,-1,-1,-1
222,7,832.29,253.13,107.15,221.84,1,-1,-1,-1
222,43,1803.69,395.56,80.85,21.92,1,-1,-1,-1
222,45,461.42,362.34,313.29,596.44,1,-1,-1,-1
222,46,1676.55,350.74,74.82,45.09,1,-1,-1,-1
223,1,566.04,271.96,195.51,278.70,1,-1,-1,-1
223,7,833.05,253.18,107.13,221.49,1,-1,-1,-1
223,43,1804.67,396.20,77.78,21.14,1,-1,-1,-1
223,45,461.41,362.31,313.96,596.78,1,-1,-1,-1
223,46,1676.86,350.45,74.52,45.27,1,-1,-1,-1
224,1,558.28,271.49,203.65,279.95,1,-1,-1,-1
224,7,833.56,253.19,106.94,221.13,1,-1,-1,-1
224,43,1805.49,396.54,75.88,20.64,1,-1,-1,-1
224,45,460.59,359.71,316.33,600.34,1,-1,-1,-1
224,46,1676.33,349.69,75.29,46.12,1,-1,-1,-1
225,1,554.09,272.23,210.65,280.63,1,-1,-1,-1
225,7,835.16,253.22,106.87,221.58,1,-1,-1,-1
225,43,1804.75,396.28,76.91,21.05,1,-1,-1,-1
225,45,460.72,359.32,317.92,602.72,1,-1,-1,-1
225,46,1677.09,349.77,74.94,46.24,1,-1,-1,-1
226,1,551.51,272.97,215.23,278.35,1,-1,-1,-1
226,7,836.15,253.23,106.13,220.34,1,-1,-1,-1
226,43,1802.89,395.68,80.51,22.32,1,-1,-1,-1
226,45,462.50,358.90,319.04,604.67,1,-1,-1,-1
226,46,1676.55,348.83,74.90,46.50,1,-1,-1,-1
227,1,548.40,273.89,220.68,277.92,1,-1,-1,-1
227,7,836.83,253.04,105.44,219.15,1,-1,-1,-1
227,43,1802.18,395.50,81.46,22.88,1,-1,-1,-1
227,45,464.82,362.26,318.34,602.90,1,-1,-1,-1
227,46,1676.68,348.33,74.65,46.78,1,-1,-1,-1
228,1,548.22,275.56,224.61,277.24,1,-1,-1,-1
228,7,838.12,253.10,105.00,218.89,1,-1,-1,-1
228,43,1804.20,396.10,78.04,22.07,1,-1,-1,-1
228,45,462.27,356.99,322.17,609.35,1,-1,-1,-1
228,46,1677.05,348.79,73.47,46.33,1,-1,-1,-1
229,1,552.96,276.56,225.22,273.93,1,-1,-1,-1
229,7,838.84,253.18,104.48,218.38,1,-1,-1,-1
229,43,1805.24,396.33,76.25,21.70,1,-1,-1,-1
229,45,461.35,356.55,323.08,610.19,1,-1,-1,-1
229,46,1677.13,348.90,73.06,46.36,1,-1,-1,-1
230,1,559.75,277.10,225.51,272.34,1,-1,-1,-1
230,5,630.99,280.25,163.73,274.82,1,-1,-1,-1
230,7,839.47,253.15,104.32,218.49,1,-1,-1,-1
230,43,1808.17,396.69,72.95,20.73,1,-1,-1,-1
230,45,462.57,359.72,322.55,608.85,1,-1,-1,-1
230,46,1680.02,351.93,68.59,43.51,1,-1,-1,-1
231,1,559.54,277.44,225.12,271.85,1,-1,-1,-1
231,5,639.44,276.88,162.59,274.20,1,-1,-1,-1
231,7,839.95,253.14,104.42,218.91,1,-1,-1,-1
231,43,1808.11,396.60,73.79,21.02,1,-1,-1,-1
231,45,463.08,360.85,322.83,608.66,1,-1,-1,-1
231,46,1680.87,352.68,67.37,42.74,1,-1,-1,-1
231,48,1421.80,426.92,59.86,29.02,1,-1,-1,-1
232,1,562.97,278.69,227.94,273.51,1,-1,-1,-1
232,5,650.96,271.38,160.53,270.73,1,-1,-1,-1
232,7,840.21,253.14,104.78,219.92,1,-1,-1,-1
232,43,1808.76,397.20,72.23,20.55,1,-1,-1,-1
232,45,463.80,358.50,324.79,612.18,1,-1,-1,-1
232,46,1681.61,353.29,66.24,41.99,1,-1,-1,-1
232,48,1421.23,426.46,61.09,29.65,1,-1,-1,-1
233,1,583.82,279.19,225.20,276.09,1,-1,-1,-1
233,7,840.55,253.08,104.72,219.87,1,-1,-1,-1
233,43,1808.60,397.52,72.50,20.68,1,-1,-1,-1
233,45,463.92,356.47,326.00,614.17,1,-1,-1,-1
233,46,1683.53,356.39,62.87,39.53,1,-1,-1,-1
233,48,1420.77,426.14,61.02,29.67,1,-1,-1,-1
234,1,603.84,277.64,219.23,277.03,1,-1,-1,-1
234,7,840.97,252.72,104.61,220.02,1,-1,-1,-1
234,15,1683.97,363.70,63.29,31.48,1,-1,-1,-1
234,43,1809.30,397.52,72.90,20.95,1,-1,-1,-1
234,45,468.84,361.37,324.07,611.16,1,-1,-1,-1
234,46,1681.05,352.51,66.76,42.07,1,-1,-1,-1
234,48,1420.54,425.98,61.41,29.85,1,-1,-1,-1
235,1,612.84,276.94,213.55,277.36,1,-1,-1,-1
235,7,841.53,251.98,104.74,220.62,1,-1,-1,-1
235,15,1683.72,363.53,63.84,31.82,1,-1,-1,-1
235,43,1809.68,397.51,72.52,20.97,1,-1,-1,-1
235,45,470.43,363.23,323.20,609.94,1,-1,-1,-1
235,46,1680.24,351.29,67.95,42.92,1,-1,-1,-1
236,1,617.88,277.16,208.66,278.08,1,-1,-1,-1
236,7,841.25,252.10,104.73,221.01,1,-1,-1,-1
236,15,1683.02,362.54,65.29,32.83,1,-1,-1,-1
236,43,1809.30,396.98,73.43,21.41,1,-1,-1,-1
236,45,472.70,362.98,322.32,608.13,1,-1,-1,-1
236,46,1680.08,350.77,68.31,43.22,1,-1,-1,-1
237,1,612.55,278.55,205.91,278.18,1,-1,-1,-1
237,7,841.47,251.80,105.09,222.33,1,-1,-1,-1
237,15,1683.61,363.20,63.89,32.02,1,-1,-1,-1
237,43,1809.05,396.90,73.52,21.60,1,-1,-1,-1
237,45,472.37,361.92,323.14,608.55,1,-1,-1,-1
237,46,1680.00,350.60,68.39,43.27,1,-1,-1,-1
238,1,581.97,278.23,211.51,279.22,1,-1,-1,-1
238,7,842.05,251.47,105.33,223.55,1,-1,-1,-1
238,15,1681.99,361.38,66.66,33.69,1,-1,-1,-1
238,43,1809.14,397.03,73.28,21.66,1,-1,-1,-1
238,45,475.76,362.04,323.22,609.50,1,-1,-1,-1
239,1,570.26,278.11,215.44,278.78,1,-1,-1,-1
239,7,842.54,251.40,105.12,223.68,1,-1,-1,-1
239,15,1681.32,360.51,67.70,34.46,1,-1,-1,-1
239,43,1809.88,397.11,72.53,21.53,1,-1,-1,-1
239,45,477.34,362.27,322.85,609.51,1,-1,-1,-1
240,1,566.53,278.28,218.76,278.38,1,-1,-1,-1
240,7,843.36,251.28,104.98,224.08,1,-1,-1,-1
240,15,1683.39,362.13,64.07,32.39,1,-1,-1,-1
240,43,1811.63,397.78,70.14,20.80,1,-1,-1,-1
240,45,481.01,357.00,325.03,616.00,1,-1,-1,-1
241,1,567.60,278.84,220.23,276.61,1,-1,-1,-1
241,5,643.97,279.54,161.47,272.28,1,-1,-1,-1
241,7,844.08,251.53,104.49,223.43,1,-1,-1,-1
241,15,1684.32,362.98,62.47,31.38,1,-1,-1,-1
241,43,1812.23,398.02,69.28,20.52,1,-1,-1,-1
241,45,480.86,333.60,334.70,640.64,1,-1,-1,-1
242,1,566.40,279.06,220.20,276.55,1,-1,-1,-1
242,5,649.17,281.14,159.01,270.74,1,-1,-1,-1
242,7,844.59,251.84,104.42,223.18,1,-1,-1,-1
242,15,1683.99,362.80,63.10,31.64,1,-1,-1,-1
242,43,1812.94,397.81,68.55,20.31,1,-1,-1,-1
242,45,479.87,351.04,327.21,623.86,1,-1,-1,-1
242,46,1680.66,350.73,67.21,42.49,1,-1,-1,-1
243,5,652.45,283.67,156.53,268.16,1,-1,-1,-1
243,7,845.63,252.68,104.09,222.08,1,-1,-1,-1
243,15,1683.52,362.42,63.83,31.96,1,-1,-1,-1
243,43,1812.82,397.52,68.75,20.37,1,-1,-1,-1
243,45,479.43,358.44,324.75,616.41,1,-1,-1,-1
243,46,1680.20,350.23,67.55,42.65,1,-1,-1,-1
244,1,587.73,278.68,217.12,273.77,1,-1,-1,-1
244,5,653.89,284.07,155.42,267.83,1,-1,-1,-1
244,7,846.72,253.33,103.89,221.42,1,-1,-1,-1
244,15,1681.90,361.11,66.28,33.29,1,-1,-1,-1
244,43,1812.62,397.35,68.68,20.34,1,-1,-1,-1
244,45,479.85,361.26,325.05,614.51,1,-1,-1,-1
244,46,1678.84,348.92,69.28,43.82,1,-1,-1,-1
245,1,588.86,278.81,216.88,273.45,1,-1,-1,-1
245,5,654.33,283.00,155.11,268.85,1,-1,-1,-1
245,7,847.09,253.53,103.84,221.20,1,-1,-1,-1
245,15,1680.91,359.94,68.11,34.41,1,-1,-1,-1
245,43,1812.45,397.44,68.94,20.44,1,-1,-1,-1
245,45,480.16,362.62,325.56,613.50,1,-1,-1,-1
245,46,1678.43,348.33,69.89,44.31,1,-1,-1,-1
246,5,652.71,278.09,157.01,273.40,1,-1,-1,-1
246,7,847.81,253.47,103.93,221.43,1,-1,-1,-1
246,15,1681.74,360.08,67.67,34.29,1,-1,-1,-1
246,43,1811.36,397.77,70.49,20.96,1,-1,-1,-1
246,45,480.61,360.25,327.53,615.74,1,-1,-1,-1
246,46,1678.22,348.03,70.14,44.46,1,-1,-1,-1
247,1,586.42,275.94,219.26,275.44,1,-1,-1,-1
247,5,653.88,278.69,156.12,272.01,1,-1,-1,-1
247,7,848.84,253.19,103.70,220.97,1,-1,-1,-1
247,15,1683.66,362.27,64.21,32.35,1,-1,-1,-1
247,43,1811.56,398.05,69.84,20.79,1,-1,-1,-1
247,45,485.49,347.78,331.78,627.34,1,-1,-1,-1
247,46,1680.67,350.72,66.46,41.84,1,-1,-1,-1
248,1,587.12,275.76,219.23,275.38,1,-1,-1,-1
248,5,656.18,281.65,154.28,268.34,1,-1,-1,-1
248,7,849.43,253.14,103.51,220.71,1,-1,-1,-1
248,15,1683.99,362.98,63.52,31.87,1,-1,-1,-1
248,43,1811.18,398.03,70.57,21.10,1,-1,-1,-1
248,45,484.88,337.01,335.88,637.47,1,-1,-1,-1
248,46,1681.09,351.53,65.98,41.30,1,-1,-1,-1
249,5,658.18,281.29,153.86,267.61,1,-1,-1,-1
249,7,850.13,253.71,102.97,219.68,1,-1,-1,-1
249,15,1683.67,362.32,64.30,32.22,1,-1,-1,-1
249,43,1812.71,398.52,68.03,20.26,1,-1,-1,-1
249,45,484.32,331.86,337.99,642.65,1,-1,-1,-1
249,46,1681.27,351.37,65.96,41.07,1,-1,-1,-1
250,7,850.33,253.86,103.45,220.96,1,-1,-1,-1
250,15,1684.15,362.49,63.93,31.95,1,-1,-1,-1
250,43,1813.20,398.83,67.66,20.09,1,-1,-1,-1
250,45,482.53,318.82,343.95,656.05,1,-1,-1,-1
250,46,1681.84,351.81,65.44,40.54,1,-1,-1,-1
251,7,850.51,253.65,103.89,222.44,1,-1,-1,-1
251,15,1683.00,360.93,66.44,33.31,1,-1,-1,-1
251,43,1814.03,398.88,66.94,19.86,1,-1,-1,-1
251,45,485.89,319.26,343.03,656.49,1,-1,-1,-1
251,46,1682.08,351.93,65.08,40.32,1,-1,-1,-1
252,7,851.07,253.51,104.16,223.23,1,-1,-1,-1
252,15,1682.45,360.45,67.02,33.70,1,-1,-1,-1
252,43,1815.33,398.64,65.87,19.52,1,-1,-1,-1
252,45,487.43,314.38,344.07,661.11,1,-1,-1,-1
253,7,851.40,253.61,104.02,223.08,1,-1,-1,-1
253,15,1681.87,359.80,67.87,34.26,1,-1,-1,-1
253,43,1816.32,398.81,64.55,19.05,1,-1,-1,-1
253,45,490.11,318.17,340.97,657.05,1,-1,-1,-1
254,7,851.86,253.07,104.24,223.70,1,-1,-1,-1
254,15,1683.00,360.44,66.28,33.44,1,-1,-1,-1
254,43,1816.02,398.54,65.62,19.34,1,-1,-1,-1
254,45,494.38,325.71,336.03,648.89,1,-1,-1,-1
255,7,852.55,253.39,104.08,223.05,1,-1,-1,-1
255,15,1682.79,360.25,67.01,33.88,1,-1,-1,-1
255,43,1815.54,398.28,66.32,19.56,1,-1,-1,-1
255,45,501.49,335.37,330.13,639.28,1,-1,-1,-1
256,7,853.24,253.35,103.99,222.58,1,-1,-1,-1
256,15,1684.73,362.09,64.02,32.16,1,-1,-1,-1
256,43,1815.77,398.12,66.06,19.50,1,-1,-1,-1
256,45,503.25,329.85,331.89,645.31,1,-1,-1,-1
257,5,674.43,327.39,136.97,230.57,1,-1,-1,-1
257,7,853.53,253.25,104.21,222.93,1,-1,-1,-1
257,15,1684.75,362.72,64.11,32.08,1,-1,-1,-1
257,43,1815.60,398.48,66.60,19.69,1,-1,-1,-1
257,45,505.80,338.24,328.59,639.90,1,-1,-1,-1
258,5,673.07,328.19,140.62,231.57,1,-1,-1,-1
258,7,855.55,252.28,103.65,221.29,1,-1,-1,-1
258,15,1685.01,363.05,64.10,31.94,1,-1,-1,-1
258,43,1814.93,398.41,67.75,20.10,1,-1,-1,-1
258,45,506.60,342.41,327.61,637.83,1,-1,-1,-1
259,5,675.08,331.23,139.03,228.94,1,-1,-1,-1
259,7,856.18,251.92,103.56,220.70,1,-1,-1,-1
259,15,1685.11,363.28,64.01,31.75,1,-1,-1,-1
259,43,1814.84,398.42,67.70,20.14,1,-1,-1,-1
259,45,507.15,344.24,327.09,636.85,1,-1,-1,-1
260,5,671.23,324.97,144.57,234.24,1,-1,-1,-1
260,7,856.69,251.87,103.68,220.50,1,-1,-1,-1
260,15,1685.32,363.47,64.04,31.66,1,-1,-1,-1
260,43,1813.99,397.87,69.61,20.86,1,-1,-1,-1
260,45,501.45,342.41,330.39,641.75,1,-1,-1,-1
261,5,667.23,316.37,153.43,248.23,1,-1,-1,-1
261,7,856.80,253.98,103.92,220.31,1,-1,-1,-1
261,15,1685.49,363.03,64.30,31.68,1,-1,-1,-1
261,43,1814.12,397.28,69.81,21.06,1,-1,-1,-1
261,45,499.34,339.28,333.71,647.26,1,-1,-1,-1
262,5,668.01,316.98,153.60,248.50,1,-1,-1,-1
262,7,856.67,254.72,104.11,220.10,1,-1,-1,-1
262,15,1686.43,364.40,62.24,30.29,1,-1,-1,-1
262,43,1813.93,397.27,69.50,21.08,1,-1,-1,-1
262,45,496.06,326.98,340.44,660.31,1,-1,-1,-1
262,46,1683.07,354.18,67.11,41.05,1,-1,-1,-1
263,7,858.01,253.34,104.08,219.69,1,-1,-1,-1
263,15,1687.47,365.43,60.24,28.90,1,-1,-1,-1
263,43,1813.08,397.02,71.30,21.86,1,-1,-1,-1
263,45,495.91,321.72,343.37,666.25,1,-1,-1,-1
263,46,1683.42,354.89,66.36,40.01,1,-1,-1,-1
264,7,858.89,252.61,104.18,219.56,1,-1,-1,-1
264,15,1686.64,365.30,62.03,29.52,1,-1,-1,-1
264,43,1814.00,397.75,69.91,21.57,1,-1,-1,-1
264,45,496.47,322.11,343.17,664.95,1,-1,-1,-1
264,46,1681.91,353.25,69.23,41.71,1,-1,-1,-1
265,7,859.25,252.46,104.30,219.38,1,-1,-1,-1
265,15,1686.16,365.25,63.08,29.82,1,-1,-1,-1
265,43,1814.26,397.70,69.46,21.59,1,-1,-1,-1
265,45,496.60,321.62,343.62,665.29,1,-1,-1,-1
265,46,1681.14,352.45,70.68,42.62,1,-1,-1,-1
266,7,859.44,252.24,104.54,219.18,1,-1,-1,-1
266,15,1685.02,364.69,64.78,30.48,1,-1,-1,-1
266,43,1815.05,398.55,68.08,21.19,1,-1,-1,-1
266,45,496.59,311.52,347.58,674.42,1,-1,-1,-1
266,46,1680.88,352.55,70.83,42.63,1,-1,-1,-1
267,7,859.52,252.59,104.67,218.72,1,-1,-1,-1
267,15,1683.47,363.64,67.34,31.65,1,-1,-1,-1
267,43,1814.95,398.62,68.13,21.26,1,-1,-1,-1
267,45,497.85,310.51,347.54,674.37,1,-1,-1,-1
267,46,1680.81,352.51,71.09,42.79,1,-1,-1,-1
268,7,860.11,252.55,104.57,218.50,1,-1,-1,-1
268,15,1683.71,363.93,66.87,31.31,1,-1,-1,-1
268,43,1815.82,399.30,65.99,20.55,1,-1,-1,-1
268,45,503.01,316.04,343.44,665.89,1,-1,-1,-1
269,15,1682.82,363.03,68.35,31.98,1,-1,-1,-1
269,43,1817.23,399.99,63.86,19.79,1,-1,-1,-1
269,45,505.15,315.10,342.39,663.64,1,-1,-1,-1
270,15,1682.65,362.64,69.17,32.38,1,-1,-1,-1
270,43,1817.49,399.89,63.74,19.69,1,-1,-1,-1
270,45,503.67,303.17,346.78,672.88,1,-1,-1,-1
271,5,666.93,293.28,163.56,267.22,1,-1,-1,-1
271,15,1682.57,362.48,69.75,32.74,1,-1,-1,-1
271,43,1817.23,399.53,64.36,19.86,1,-1,-1,-1
271,45,504.30,299.15,347.98,676.02,1,-1,-1,-1
272,5,667.76,289.19,164.21,271.46,1,-1,-1,-1
272,15,1682.15,362.00,70.56,33.22,1,-1,-1,-1
272,43,1818.29,399.73,62.72,19.22,1,-1,-1,-1
272,45,503.92,305.84,345.66,670.13,1,-1,-1,-1
273,5,669.02,288.91,163.18,272.04,1,-1,-1,-1
273,7,860.60,252.87,105.54,220.33,1,-1,-1,-1
273,15,1682.14,361.94,70.98,33.54,1,-1,-1,-1
273,43,1817.99,399.68,63.94,19.54,1,-1,-1,-1
273,45,504.84,307.09,345.95,669.81,1,-1,-1,-1
274,5,669.70,288.10,162.09,271.85,1,-1,-1,-1
274,7,860.56,252.93,105.70,220.48,1,-1,-1,-1
274,15,1682.28,361.63,71.23,33.82,1,-1,-1,-1
274,43,1817.73,399.85,64.41,19.62,1,-1,-1,-1
274,45,504.80,306.86,346.66,670.48,1,-1,-1,-1
275,5,671.68,289.43,159.35,268.20,1,-1,-1,-1
275,7,860.13,252.82,105.79,220.05,1,-1,-1,-1
275,15,1681.66,360.30,73.37,35.19,1,-1,-1,-1
275,43,1817.32,400.14,65.04,19.77,1,-1,-1,-1
275,45,504.85,308.92,347.10,670.51,1,-1,-1,-1
276,5,672.95,291.76,157.87,266.47,1,-1,-1,-1
276,7,860.41,252.75,105.76,219.77,1,-1,-1,-1
276,15,1682.46,360.68,72.09,34.84,1,-1,-1,-1
276,43,1817.22,400.18,65.17,19.76,1,-1,-1,-1
276,45,510.10,319.69,343.04,660.77,1,-1,-1,-1
277,5,673.38,292.98,157.41,266.47,1,-1,-1,-1
277,7,860.53,252.72,105.79,219.60,1,-1,-1,-1
277,15,1683.01,360.92,71.13,34.60,1,-1,-1,-1
277,43,1817.27,400.24,65.05,19.67,1,-1,-1,-1
277,45,512.00,324.08,341.82,656.73,1,-1,-1,-1
278,5,673.78,292.38,157.72,267.00,1,-1,-1,-1
278,7,861.01,252.35,105.76,219.71,1,-1,-1,-1
278,15,1682.14,360.12,72.97,35.84,1,-1,-1,-1
278,43,1818.83,400.69,63.02,18.89,1,-1,-1,-1
278,45,512.23,308.25,348.52,670.82,1,-1,-1,-1
279,7,861.75,252.61,105.56,219.30,1,-1,-1,-1
279,15,1680.94,359.40,75.06,37.25,1,-1,-1,-1
279,43,1820.67,400.21,61.23,18.15,1,-1,-1,-1
279,45,521.71,312.65,344.53,665.53,1,-1,-1,-1
280,7,862.01,252.73,105.48,219.12,1,-1,-1,-1
280,15,1681.18,359.45,74.52,37.25,1,-1,-1,-1
280,43,1820.59,399.55,62.23,18.33,1,-1,-1,-1
280,45,525.50,316.77,341.45,661.03,1,-1,-1,-1
281,7,862.07,253.11,105.39,218.32,1,-1,-1,-1
281,15,1681.71,360.22,73.37,36.88,1,-1,-1,-1
281,43,1821.01,399.21,61.48,17.99,1,-1,-1,-1
281,45,521.30,314.74,342.37,662.36,1,-1,-1,-1
282,7,862.22,253.80,105.21,217.45,1,-1,-1,-1
282,15,1681.77,360.26,73.75,37.34,1,-1,-1,-1
282,43,1820.44,398.38,62.51,18.23,1,-1,-1,-1
282,45,522.72,314.59,342.33,662.28,1,-1,-1,-1
283,7,861.87,255.67,105.18,216.96,1,-1,-1,-1
283,15,1682.22,359.99,73.71,37.60,1,-1,-1,-1
283,43,1820.12,397.65,63.34,18.44,1,-1,-1,-1
284,7,862.34,256.87,104.89,215.74,1,-1,-1,-1
284,15,1683.95,361.15,70.69,36.14,1,-1,-1,-1
284,43,1818.89,396.63,65.80,19.19,1,-1,-1,-1
285,7,862.83,255.66,105.32,216.10,1,-1,-1,-1
285,15,1683.78,361.11,70.46,36.10,1,-1,-1,-1
285,43,1818.19,395.90,67.37,19.72,1,-1,-1,-1
286,7,862.96,255.19,105.66,216.35,1,-1,-1,-1
286,15,1683.74,361.06,70.28,36.08,1,-1,-1,-1
286,43,1817.97,395.61,67.86,19.92,1,-1,-1,-1
287,7,863.65,255.44,105.75,215.72,1,-1,-1,-1
287,15,1682.99,360.06,72.12,37.20,1,-1,-1,-1
287,43,1817.79,395.41,68.25,20.09,1,-1,-1,-1
288,7,864.49,256.54,105.53,214.23,1,-1,-1,-1
288,15,1682.13,358.99,72.74,37.69,1,-1,-1,-1
288,43,1819.29,396.64,65.16,19.06,1,-1,-1,-1
289,7,864.69,256.71,105.81,213.92,1,-1,-1,-1
289,15,1682.59,358.91,71.99,37.48,1,-1,-1,-1
289,43,1819.55,397.05,64.59,18.78,1,-1,-1,-1
289,50,560.59,282.38,269.68,275.31,1,-1,-1,-1
290,7,865.61,255.82,105.74,213.37,1,-1,-1,-1
290,15,1683.21,358.59,71.81,37.59,1,-1,-1,-1
290,43,1819.54,397.33,64.87,18.76,1,-1,-1,-1
290,50,558.71,282.00,271.05,276.70,1,-1,-1,-1
291,7,866.30,255.78,105.55,212.53,1,-1,-1,-1
291,15,1683.53,358.34,71.76,37.78,1,-1,-1,-1
291,43,1819.52,397.51,65.30,18.78,1,-1,-1,-1
291,45,507.14,364.03,178.74,343.82,1,-1,-1,-1
291,50,562.52,278.75,268.62,273.58,1,-1,-1,-1
292,7,866.75,256.03,105.19,211.33,1,-1,-1,-1
292,15,1684.20,358.12,71.36,37.82,1,-1,-1,-1
292,43,1818.85,397.71,66.16,18.96,1,-1,-1,-1
292,45,506.92,366.76,171.80,328.11,1,-1,-1,-1
292,50,562.23,277.61,268.82,273.78,1,-1,-1,-1
293,7,867.12,255.89,105.42,211.19,1,-1,-1,-1
293,15,1684.52,358.19,70.93,37.77,1,-1,-1,-1
293,43,1818.84,397.79,66.88,19.11,1,-1,-1,-1
293,45,508.00,367.90,167.87,318.78,1,-1,-1,-1
294,7,867.34,255.93,105.73,211.25,1,-1,-1,-1
294,15,1685.23,358.57,69.58,37.10,1,-1,-1,-1
294,43,1818.28,397.75,67.74,19.34,1,-1,-1,-1
294,45,509.05,368.06,167.45,316.17,1,-1,-1,-1
295,7,867.34,256.12,105.77,210.78,1,-1,-1,-1
295,15,1685.18,358.90,69.28,37.00,1,-1,-1,-1
295,43,1818.18,397.39,68.16,19.44,1,-1,-1,-1
295,45,509.35,367.97,168.30,316.34,1,-1,-1,-1
296,7,867.95,256.19,105.66,209.97,1,-1,-1,-1
296,15,1685.86,359.60,67.97,36.29,1,-1,-1,-1
296,43,1817.71,397.09,69.01,19.69,1,-1,-1,-1
296,45,509.85,368.03,169.10,316.28,1,-1,-1,-1
297,7,867.73,256.30,105.88,209.88,1,-1,-1,-1
297,15,1685.01,358.74,68.85,36.86,1,-1,-1,-1
297,43,1818.01,397.24,69.02,19.67,1,-1,-1,-1
297,45,510.42,368.05,169.90,315.95,1,-1,-1,-1
297,50,581.64,280.60,262.98,269.41,1,-1,-1,-1
298,7,868.08,256.25,106.37,210.52,1,-1,-1,-1
298,15,1683.92,357.51,70.59,38.00,1,-1,-1,-1
298,43,1818.57,397.80,68.01,19.32,1,-1,-1,-1
298,45,511.64,367.92,171.12,316.32,1,-1,-1,-1
298,50,580.11,277.66,264.58,272.22,1,-1,-1,-1
299,7,868.21,256.36,106.52,210.61,1,-1,-1,-1
299,15,1683.47,356.96,71.42,38.68,1,-1,-1,-1
299,43,1818.73,398.16,67.83,19.20,1,-1,-1,-1
299,45,512.76,368.13,172.55,317.05,1,-1,-1,-1
299,50,574.84,280.86,265.06,272.41,1,-1,-1,-1
300,7,868.79,256.47,106.53,210.36,1,-1,-1,-1
300,15,1682.87,356.30,72.44,39.49,1,-1,-1,-1
300,43,1819.27,398.42,66.75,18.77,1,-1,-1,-1
300,45,513.77,368.97,169.56,311.55,1,-1,-1,-1
300,50,570.06,276.97,271.65,280.09,1,-1,-1,-1
301,7,869.15,256.51,106.57,210.24,1,-1,-1,-1
301,15,1683.05,356.53,71.77,39.29,1,-1,-1,-1
301,43,1819.54,398.55,66.13,18.48,1,-1,-1,-1
301,50,568.35,275.62,273.39,282.49,1,-1,-1,-1
302,7,869.54,256.01,106.49,210.24,1,-1,-1,-1
302,15,1683.13,356.41,71.75,39.45,1,-1,-1,-1
302,43,1819.76,398.61,66.52,18.49,1,-1,-1,-1
302,45,516.06,366.54,175.09,319.20,1,-1,-1,-1
302,50,571.41,275.66,269.60,278.83,1,-1,-1,-1
303,7,870.35,255.86,106.63,210.67,1,-1,-1,-1
303,15,1683.44,356.43,71.44,39.43,1,-1,-1,-1
303,43,1819.29,398.60,67.38,18.66,1,-1,-1,-1
303,45,518.07,366.44,176.60,319.20,1,-1,-1,-1
303,50,575.76,276.32,266.40,275.96,1,-1,-1,-1
304,5,517.84,349.73,375.07,636.35,1,-1,-1,-1
304,7,870.56,255.98,106.51,210.92,1,-1,-1,-1
304,15,1682.40,354.55,73.74,41.07,1,-1,-1,-1
304,43,1818.82,398.11,67.91,18.77,1,-1,-1,-1
304,45,517.83,364.41,179.87,323.37,1,-1,-1,-1
304,50,577.47,276.43,264.40,273.71,1,-1,-1,-1
305,5,515.21,348.49,379.38,647.01,1,-1,-1,-1
305,7,870.42,255.72,106.91,211.91,1,-1,-1,-1
305,15,1682.31,353.83,74.00,41.57,1,-1,-1,-1
305,43,1818.70,397.83,67.62,18.63,1,-1,-1,-1
305,45,519.03,364.44,178.69,321.26,1,-1,-1,-1
305,50,583.31,275.21,263.47,274.09,1,-1,-1,-1
306,5,514.05,340.22,383.65,658.00,1,-1,-1,-1
306,7,870.18,255.50,107.14,212.57,1,-1,-1,-1
306,15,1683.14,354.93,71.59,40.31,1,-1,-1,-1
306,43,1818.52,397.57,67.02,18.45,1,-1,-1,-1
306,50,588.53,275.11,260.76,272.71,1,-1,-1,-1
307,5,513.93,336.27,384.67,662.76,1,-1,-1,-1
307,7,870.06,255.42,107.19,212.84,1,-1,-1,-1
307,15,1683.73,355.68,70.04,39.51,1,-1,-1,-1
307,43,1818.65,397.61,66.54,18.28,1,-1,-1,-1
307,50,590.08,275.12,259.19,272.19,1,-1,-1,-1
308,5,508.14,337.79,392.90,676.94,1,-1,-1,-1
308,7,870.29,255.23,107.25,213.18,1,-1,-1,-1
308,15,1683.53,355.46,70.25,39.76,1,-1,-1,-1
308,43,1818.12,397.68,67.79,18.64,1,-1,-1,-1
308,45,518.68,363.08,182.04,325.36,1,-1,-1,-1
308,50,586.65,275.04,258.49,271.15,1,-1,-1,-1
309,5,514.44,337.47,382.72,660.07,1,-1,-1,-1
309,7,869.89,254.76,107.01,212.84,1,-1,-1,-1
309,15,1683.96,356.70,68.39,38.66,1,-1,-1,-1
309,43,1818.15,397.90,68.12,18.73,1,-1,-1,-1
309,45,517.71,362.50,184.24,327.99,1,-1,-1,-1
309,50,586.29,275.24,257.25,269.68,1,-1,-1,-1
310,5,518.86,332.39,382.04,663.48,1,-1,-1,-1
310,7,870.09,254.97,107.03,213.11,1,-1,-1,-1
310,15,1683.75,357.08,68.13,38.45,1,-1,-1,-1
310,43,1817.98,397.94,68.79,18.91,1,-1,-1,-1
310,45,518.87,363.48,183.23,324.25,1,-1,-1,-1
310,50,588.89,275.39,257.08,270.23,1,-1,-1,-1
311,5,519.94,329.20,381.73,666.63,1,-1,-1,-1
311,7,870.12,255.35,106.89,212.94,1,-1,-1,-1
311,15,1683.70,357.05,68.26,38.48,1,-1,-1,-1
311,43,1818.07,398.20,68.68,18.86,1,-1,-1,-1
311,45,518.84,363.71,183.75,323.70,1,-1,-1,-1
311,50,593.75,275.40,256.01,270.81,1,-1,-1,-1
312,5,523.27,329.42,379.45,666.88,1,-1,-1,-1
312,7,870.20,255.50,107.00,213.38,1,-1,-1,-1
312,15,1684.19,358.29,66.47,37.25,1,-1,-1,-1
312,43,1816.48,397.30,71.23,19.68,1,-1,-1,-1
312,45,518.73,363.81,185.05,324.69,1,-1,-1,-1
312,50,589.72,275.12,256.66,271.76,1,-1,-1,-1
312,51,1436.87,422.75,59.41,32.60,1,-1,-1,-1
312,52,-0.87,615.00,63.56,36.76,1,-1,-1,-1
313,5,523.02,314.16,384.04,681.70,1,-1,-1,-1
313,7,870.54,255.46,106.79,213.07,1,-1,-1,-1
313,15,1683.34,357.02,68.48,38.41,1,-1,-1,-1
313,43,1816.16,397.01,71.34,19.80,1,-1,-1,-1
313,45,519.23,364.09,184.75,322.45,1,-1,-1,-1
313,50,590.86,275.39,256.15,271.84,1,-1,-1,-1
313,51,1436.67,422.86,59.80,32.77,1,-1,-1,-1
313,52,0.24,615.60,61.99,35.83,1,-1,-1,-1
314,5,519.66,313.28,389.92,692.15,1,-1,-1,-1
314,7,871.64,255.95,106.60,212.94,1,-1,-1,-1
314,15,1679.70,352.60,74.64,42.16,1,-1,-1,-1
314,43,1814.09,396.11,73.97,20.77,1,-1,-1,-1
314,45,519.00,363.39,185.76,322.57,1,-1,-1,-1
314,50,591.60,275.24,256.08,271.76,1,-1,-1,-1
314,51,1436.82,423.12,59.38,32.54,1,-1,-1,-1
314,52,0.34,615.65,62.04,35.86,1,-1,-1,-1
315,7,870.65,255.69,106.84,212.91,1,-1,-1,-1
315,15,1681.75,354.64,71.01,40.06,1,-1,-1,-1
315,43,1813.46,396.08,74.40,21.10,1,-1,-1,-1
315,45,518.95,363.75,185.76,321.07,1,-1,-1,-1
315,50,594.66,274.47,255.15,272.35,1,-1,-1,-1
315,52,-0.74,614.69,61.96,35.89,1,-1,-1,-1
316,7,870.18,255.46,107.15,213.19,1,-1,-1,-1
316,15,1682.76,355.80,69.04,38.85,1,-1,-1,-1
316,43,1813.18,396.17,74.52,21.35,1,-1,-1,-1
316,45,518.83,363.82,186.12,320.42,1,-1,-1,-1
316,50,594.29,274.22,254.58,272.84,1,-1,-1,-1
316,52,-0.61,614.89,61.18,35.49,1,-1,-1,-1
317,7,870.37,255.78,107.22,213.25,1,-1,-1,-1
317,15,1683.05,356.23,68.34,38.38,1,-1,-1,-1
317,43,1813.41,396.44,73.60,21.25,1,-1,-1,-1
317,45,518.76,364.11,186.36,319.53,1,-1,-1,-1
317,50,598.91,274.58,252.22,272.17,1,-1,-1,-1
317,52,-0.36,615.09,60.54,35.16,1,-1,-1,-1
318,7,870.19,255.58,107.40,213.48,1,-1,-1,-1
318,15,1685.01,358.11,64.83,36.11,1,-1,-1,-1
318,43,1812.09,396.53,75.57,22.09,1,-1,-1,-1
318,45,518.61,363.93,186.76,318.88,1,-1,-1,-1
318,50,606.05,275.19,249.06,271.69,1,-1,-1,-1
318,52,-0.56,614.38,60.84,35.40,1,-1,-1,-1
319,7,870.23,255.76,107.62,214.01,1,-1,-1,-1
319,15,1685.73,358.81,63.56,35.14,1,-1,-1,-1
319,43,1812.08,396.66,75.43,22.29,1,-1,-1,-1
319,45,518.06,363.59,187.78,319.49,1,-1,-1,-1
319,50,628.26,274.82,241.71,271.40,1,-1,-1,-1
319,52,-0.79,613.56,60.48,35.28,1,-1,-1,-1
320,7,870.38,255.80,107.21,213.50,1,-1,-1,-1
320,15,1684.20,357.44,65.66,36.20,1,-1,-1,-1
320,43,1811.69,396.19,76.02,22.75,1,-1,-1,-1
320,45,517.80,363.00,188.64,320.03,1,-1,-1,-1
320,50,638.75,274.65,235.64,272.04,1,-1,-1,-1
320,52,-0.92,613.31,60.38,35.23,1,-1,-1,-1
321,7,869.66,255.50,107.32,213.58,1,-1,-1,-1
321,15,1683.24,356.15,67.19,36.98,1,-1,-1,-1
321,43,1811.87,396.29,75.38,22.78,1,-1,-1,-1
321,45,517.48,362.16,189.28,320.31,1,-1,-1,-1
321,50,621.80,274.45,235.61,272.89,1,-1,-1,-1
322,7,869.28,255.39,107.53,213.93,1,-1,-1,-1
322,15,1683.25,356.34,66.96,36.71,1,-1,-1,-1
322,43,1812.42,396.41,74.17,22.58,1,-1,-1,-1
322,45,517.31,361.80,189.65,320.20,1,-1,-1,-1
322,50,615.26,274.47,235.09,272.97,1,-1,-1,-1
323,5,528.12,292.52,389.61,706.72,1,-1,-1,-1
323,7,868.85,255.41,107.69,214.03,1,-1,-1,-1
323,15,1684.87,358.32,64.07,34.78,1,-1,-1,-1
323,43,1813.37,396.74,72.03,21.98,1,-1,-1,-1
323,45,516.55,361.05,191.07,322.25,1,-1,-1,-1
323,50,615.67,274.40,234.30,273.68,1,-1,-1,-1
323,55,513.86,596.42,194.55,83.46,1,-1,-1,-1
324,5,527.10,290.78,392.43,711.84,1,-1,-1,-1
324,7,868.57,255.21,108.07,214.47,1,-1,-1,-1
324,15,1685.88,359.91,61.89,33.16,1,-1,-1,-1
324,43,1813.80,397.27,70.29,21.43,1,-1,-1,-1
324,45,515.89,360.65,192.20,323.94,1,-1,-1,-1
324,50,616.05,274.08,233.00,273.71,1,-1,-1,-1
324,55,512.84,595.47,196.87,84.50,1,-1,-1,-1
325,5,531.47,317.74,372.72,676.03,1,-1,-1,-1
325,7,868.23,255.03,108.11,214.01,1,-1,-1,-1
325,15,1687.27,361.99,59.05,31.09,1,-1,-1,-1
325,43,1814.14,397.50,69.15,21.04,1,-1,-1,-1
325,45,515.74,360.49,192.36,324.05,1,-1,-1,-1
325,50,612.63,274.12,232.22,273.10,1,-1,-1,-1
325,55,512.44,595.15,197.68,84.85,1,-1,-1,-1
326,5,534.03,324.71,368.02,668.26,1,-1,-1,-1
326,7,868.10,255.06,108.26,213.87,1,-1,-1,-1
326,15,1687.11,362.10,59.44,30.89,1,-1,-1,-1
326,43,1814.09,397.37,69.24,21.03,1,-1,-1,-1
326,45,515.41,360.23,192.86,324.84,1,-1,-1,-1
326,50,608.76,274.19,232.03,272.29,1,-1,-1,-1
326,55,514.03,595.52,194.75,83.57,1,-1,-1,-1
326,57,1678.75,347.58,71.92,44.91,1,-1,-1,-1
327,5,529.75,299.15,379.81,696.48,1,-1,-1,-1
327,7,868.23,255.09,108.15,213.42,1,-1,-1,-1
327,15,1687.55,363.10,58.43,29.92,1,-1,-1,-1
327,43,1812.56,396.66,70.11,21.31,1,-1,-1,-1
327,45,514.74,359.44,192.87,324.55,1,-1,-1,-1
327,50,608.60,274.40,231.41,271.61,1,-1,-1,-1
327,55,514.07,595.35,194.73,83.56,1,-1,-1,-1
327,57,1678.75,348.01,71.21,44.48,1,-1,-1,-1
328,5,528.86,297.54,381.73,700.02,1,-1,-1,-1
328,7,868.28,254.94,108.16,213.27,1,-1,-1,-1
328,15,1686.85,362.80,59.67,30.25,1,-1,-1,-1
328,43,1812.71,396.60,69.45,21.09,1,-1,-1,-1
328,45,514.46,359.23,193.03,324.55,1,-1,-1,-1
328,50,613.66,274.43,229.69,271.14,1,-1,-1,-1
328,57,1679.05,348.37,70.72,44.18,1,-1,-1,-1
329,5,529.39,283.35,385.35,714.05,1,-1,-1,-1
329,7,869.06,255.21,107.53,211.89,1,-1,-1,-1
329,15,1687.65,363.85,58.49,29.26,1,-1,-1,-1
329,43,1812.58,396.52,69.16,20.95,1,-1,-1,-1
329,45,517.22,362.12,189.67,318.17,1,-1,-1,-1
329,50,616.77,274.98,227.40,269.64,1,-1,-1,-1
329,57,1679.59,348.53,70.25,43.91,1,-1,-1,-1
330,5,530.48,287.73,380.87,710.95,1,-1,-1,-1
330,7,869.86,255.54,106.80,210.03,1,-1,-1,-1
330,15,1686.73,363.38,59.48,29.48,1,-1,-1,-1
330,43,1813.07,396.81,68.52,20.68,1,-1,-1,-1
330,45,515.51,360.55,191.02,320.16,1,-1,-1,-1
330,50,624.31,275.03,225.76,270.94,1,-1,-1,-1
330,57,1679.56,348.29,70.12,43.88,1,-1,-1,-1
331,5,529.97,289.73,376.34,706.40,1,-1,-1,-1
331,7,870.63,255.79,106.67,209.64,1,-1,-1,-1
331,15,1685.80,362.74,60.63,29.83,1,-1,-1,-1
331,43,1812.88,396.45,68.41,20.54,1,-1,-1,-1
331,45,514.56,359.54,191.79,321.12,1,-1,-1,-1
331,50,620.62,275.06,225.37,271.17,1,-1,-1,-1
331,57,1679.83,348.36,69.27,43.37,1,-1,-1,-1
332,5,529.03,287.99,377.90,709.34,1,-1,-1,-1
332,7,870.88,255.80,106.67,209.43,1,-1,-1,-1
332,15,1683.34,361.99,63.93,31.51,1,-1,-1,-1
332,43,1811.44,396.21,69.52,20.81,1,-1,-1,-1
332,45,514.08,359.20,191.77,320.66,1,-1,-1,-1
332,50,609.93,274.98,227.02,270.93,1,-1,-1,-1
332,57,1678.11,347.33,72.20,45.61,1,-1,-1,-1
333,7,870.96,255.74,106.69,209.41,1,-1,-1,-1
333,15,1682.52,361.36,65.55,32.39,1,-1,-1,-1
333,43,1810.72,396.48,70.27,20.97,1,-1,-1,-1
333,45,514.02,358.95,191.64,320.45,1,-1,-1,-1
333,50,605.93,275.02,228.92,271.68,1,-1,-1,-1
333,57,1678.05,346.99,71.72,45.50,1,-1,-1,-1
334,7,871.18,255.35,106.67,209.18,1,-1,-1,-1
334,15,1682.42,361.55,65.13,32.23,1,-1,-1,-1
334,43,1810.89,396.70,69.41,20.57,1,-1,-1,-1
334,45,513.88,359.62,191.14,318.98,1,-1,-1,-1
334,50,603.47,274.87,231.53,273.62,1,-1,-1,-1
334,52,-3.12,608.17,60.37,36.06,1,-1,-1,-1
334,57,1677.78,346.84,72.24,46.25,1,-1,-1,-1
335,5,525.99,278.54,378.08,717.26,1,-1,-1,-1
335,7,871.24,255.65,106.85,209.52,1,-1,-1,-1
335,15,1682.25,361.62,65.08,32.20,1,-1,-1,-1
335,43,1809.51,395.41,70.95,21.00,1,-1,-1,-1
335,45,513.86,358.93,190.42,317.05,1,-1,-1,-1
335,50,611.87,274.23,230.36,273.91,1,-1,-1,-1
335,52,-3.31,607.82,60.43,36.10,1,-1,-1,-1
335,57,1681.40,352.71,64.73,41.05,1,-1,-1,-1
336,5,525.62,275.12,375.86,718.88,1,-1,-1,-1
336,7,870.64,255.75,106.73,209.10,1,-1,-1,-1
336,43,1808.05,394.77,72.36,21.44,1,-1,-1,-1
336,45,513.38,358.65,190.72,317.02,1,-1,-1,-1
336,50,612.37,273.16,229.07,272.89,1,-1,-1,-1
336,57,1680.19,352.07,66.34,42.04,1,-1,-1,-1
337,5,524.41,272.85,377.28,721.61,1,-1,-1,-1
337,7,869.88,255.87,106.80,208.85,1,-1,-1,-1
337,43,1807.23,393.66,73.24,21.70,1,-1,-1,-1
337,45,513.34,359.25,189.93,315.02,1,-1,-1,-1
337,50,611.18,272.79,228.96,273.33,1,-1,-1,-1
337,57,1678.33,348.79,69.48,44.35,1,-1,-1,-1
338,7,870.24,255.90,106.42,207.98,1,-1,-1,-1
338,43,1806.75,393.36,73.88,21.90,1,-1,-1,-1
338,45,513.21,358.90,190.08,314.63,1,-1,-1,-1
338,50,608.06,272.72,228.44,271.93,1,-1,-1,-1
338,57,1677.77,347.64,69.63,44.64,1,-1,-1,-1
339,7,870.48,255.37,106.50,208.43,1,-1,-1,-1
339,43,1806.53,393.46,74.67,22.19,1,-1,-1,-1
339,45,513.19,358.75,189.72,314.02,1,-1,-1,-1
339,50,607.28,272.25,226.98,269.17,1,-1,-1,-1
339,57,1676.21,346.72,70.06,45.04,1,-1,-1,-1
340,7,870.60,255.02,106.51,208.83,1,-1,-1,-1
340,43,1806.45,393.53,74.73,22.25,1,-1,-1,-1
340,50,604.85,272.22,227.47,268.28,1,-1,-1,-1
340,57,1675.56,346.36,70.19,45.21,1,-1,-1,-1
341,5,523.66,279.03,372.14,711.69,1,-1,-1,-1
341,7,870.69,254.84,106.36,208.96,1,-1,-1,-1
341,43,1805.06,393.94,75.14,22.46,1,-1,-1,-1
341,50,602.04,272.43,228.27,267.41,1,-1,-1,-1
341,57,1676.19,346.94,68.91,44.43,1,-1,-1,-1
342,5,528.36,275.52,369.54,711.39,1,-1,-1,-1
342,7,870.98,254.76,106.51,209.88,1,-1,-1,-1
342,43,1804.91,394.09,74.26,22.24,1,-1,-1,-1
342,50,601.50,272.30,229.68,268.03,1,-1,-1,-1
342,57,1676.88,347.48,67.89,43.80,1,-1,-1,-1
343,5,527.96,274.34,369.92,712.15,1,-1,-1,-1
343,7,870.77,254.53,106.35,210.13,1,-1,-1,-1
343,43,1806.84,395.23,69.52,20.66,1,-1,-1,-1
343,45,507.81,359.81,191.24,316.88,1,-1,-1,-1
343,50,601.41,272.18,230.13,267.60,1,-1,-1,-1
343,57,1677.45,348.31,66.05,42.50,1,-1,-1,-1
344,5,532.35,286.25,361.47,698.47,1,-1,-1,-1
344,7,871.07,254.59,106.13,210.53,1,-1,-1,-1
344,43,1804.64,395.12,70.34,20.89,1,-1,-1,-1
344,45,507.29,359.81,191.17,316.75,1,-1,-1,-1
344,50,599.79,272.15,232.13,269.26,1,-1,-1,-1
344,57,1677.46,348.30,65.25,41.92,1,-1,-1,-1
345,5,533.31,289.17,358.65,695.10,1,-1,-1,-1
345,7,871.23,254.67,105.79,210.53,1,-1,-1,-1
345,43,1803.45,394.59,71.40,21.23,1,-1,-1,-1
345,50,598.56,271.95,234.44,271.65,1,-1,-1,-1
345,57,1677.61,348.34,64.87,41.58,1,-1,-1,-1
346,5,533.94,290.43,357.11,693.74,1,-1,-1,-1
346,7,871.29,254.69,105.44,210.42,1,-1,-1,-1
346,43,1802.95,394.41,72.10,21.47,1,-1,-1,-1
346,50,596.95,271.80,235.49,272.22,1,-1,-1,-1
346,57,1677.76,348.44,64.61,41.32,1,-1,-1,-1
347,5,538.14,306.39,348.76,675.22,1,-1,-1,-1
347,7,871.27,254.75,104.74,209.71,1,-1,-1,-1
347,43,1802.87,393.92,71.84,21.43,1,-1,-1,-1
347,50,593.90,271.83,238.48,275.00,1,-1,-1,-1
347,57,1677.43,348.34,65.03,41.51,1,-1,-1,-1
348,5,536.55,296.27,352.11,684.52,1,-1,-1,-1
348,7,870.62,253.96,104.52,209.99,1,-1,-1,-1
348,43,1801.57,393.22,74.05,22.23,1,-1,-1,-1
348,50,592.84,271.93,239.36,275.45,1,-1,-1,-1
348,57,1676.43,348.17,66.07,42.11,1,-1,-1,-1
349,5,534.97,286.91,355.46,693.22,1,-1,-1,-1
349,7,871.18,254.32,103.99,209.56,1,-1,-1,-1
349,43,1799.99,392.60,76.71,23.26,1,-1,-1,-1
349,50,594.82,272.19,238.99,275.20,1,-1,-1,-1
349,57,1674.37,347.76,67.34,42.83,1,-1,-1,-1
350,5,532.01,287.31,356.14,694.55,1,-1,-1,-1
350,7,871.19,254.18,103.52,209.17,1,-1,-1,-1
350,43,1799.74,392.76,76.03,23.25,1,-1,-1,-1
350,50,591.72,270.79,243.94,281.57,1,-1,-1,-1
350,57,1672.21,347.96,68.22,43.22,1,-1,-1,-1
351,5,528.71,280.96,358.93,700.05,1,-1,-1,-1
351,7,870.72,254.20,103.27,209.10,1,-1,-1,-1
351,43,1799.06,392.57,76.84,23.75,1,-1,-1,-1
351,50,589.37,270.40,247.49,286.71,1,-1,-1,-1
351,57,1671.52,347.92,68.21,43.01,1,-1,-1,-1
352,5,519.34,277.15,362.81,704.63,1,-1,-1,-1
352,7,870.47,254.19,103.16,209.26,1,-1,-1,-1
352,43,1798.78,392.46,77.08,24.08,1,-1,-1,-1
352,50,588.60,270.26,248.58,288.89,1,-1,-1,-1
352,57,1671.50,347.86,67.89,42.60,1,-1,-1,-1
353,5,515.11,276.72,363.95,703.47,1,-1,-1,-1
353,7,870.43,253.96,103.06,209.44,1,-1,-1,-1
353,43,1797.99,392.10,77.92,24.66,1,-1,-1,-1
353,50,590.14,270.27,247.67,289.31,1,-1,-1,-1
353,57,1669.75,347.81,68.55,42.79,1,-1,-1,-1
354,5,516.48,273.66,367.01,707.08,1,-1,-1,-1
354,7,870.34,253.85,102.98,209.41,1,-1,-1,-1
354,43,1800.90,391.69,72.95,23.08,1,-1,-1,-1
354,50,605.27,270.59,237.05,280.23,1,-1,-1,-1
354,57,1669.00,347.57,68.99,42.85,1,-1,-1,-1
355,5,519.84,278.25,362.80,699.88,1,-1,-1,-1
355,7,869.85,253.58,103.17,210.02,1,-1,-1,-1
355,43,1801.83,392.37,68.93,21.79,1,-1,-1,-1
355,50,600.90,270.64,237.07,281.15,1,-1,-1,-1
355,57,1667.57,347.02,69.78,43.37,1,-1,-1,-1
356,5,520.08,274.08,364.02,702.28,1,-1,-1,-1
356,7,869.31,253.25,103.31,210.32,1,-1,-1,-1
356,43,1801.98,393.01,66.63,21.04,1,-1,-1,-1
356,50,597.78,270.93,233.74,276.27,1,-1,-1,-1
356,57,1667.23,346.89,69.79,43.38,1,-1,-1,-1
357,5,514.96,272.45,367.49,706.62,1,-1,-1,-1
357,7,868.74,252.63,103.49,210.90,1,-1,-1,-1
357,43,1802.48,393.87,63.70,19.96,1,-1,-1,-1
357,50,594.00,270.57,234.34,275.67,1,-1,-1,-1
357,57,1668.79,348.66,66.84,41.29,1,-1,-1,-1
358,5,512.80,271.89,369.47,708.27,1,-1,-1,-1
358,7,868.52,252.45,103.47,211.01,1,-1,-1,-1
358,43,1802.55,394.19,62.91,19.57,1,-1,-1,-1
358,45,495.00,359.91,187.53,311.54,1,-1,-1,-1
358,50,592.24,270.45,235.63,276.15,1,-1,-1,-1
358,57,1669.35,349.33,65.94,40.51,1,-1,-1,-1
359,5,511.36,273.38,370.07,707.98,1,-1,-1,-1
359,7,867.68,252.29,103.60,211.48,1,-1,-1,-1
359,43,1803.23,395.19,60.27,18.48,1,-1,-1,-1
359,45,495.01,359.05,185.39,308.45,1,-1,-1,-1
359,50,592.27,270.76,236.41,276.60,1,-1,-1,-1
359,57,1669.50,349.80,65.27,39.85,1,-1,-1,-1
360,5,517.88,271.66,367.70,708.20,1,-1,-1,-1
360,7,866.33,251.73,103.89,211.65,1,-1,-1,-1
360,43,1802.82,395.47,59.81,18.09,1,-1,-1,-1
360,45,494.25,358.97,185.04,307.86,1,-1,-1,-1
360,50,590.48,270.99,237.23,276.77,1,-1,-1,-1
360,57,1669.57,350.09,64.83,39.30,1,-1,-1,-1
361,5,520.86,271.43,363.08,705.08,1,-1,-1,-1
361,7,866.44,252.26,103.80,211.35,1,-1,-1,-1
361,43,1802.51,395.56,60.13,17.95,1,-1,-1,-1
361,50,594.52,271.13,239.85,281.87,1,-1,-1,-1
361,57,1669.44,350.06,65.14,39.25,1,-1,-1,-1
362,5,523.32,277.06,357.23,697.84,1,-1,-1,-1
362,7,866.03,252.62,103.72,211.14,1,-1,-1,-1
362,43,1801.31,395.41,62.36,18.51,1,-1,-1,-1
362,50,595.56,271.09,244.31,290.39,1,-1,-1,-1
362,57,1668.30,350.57,66.17,39.77,1,-1,-1,-1
363,5,524.59,273.66,357.04,701.27,1,-1,-1,-1
363,7,865.23,252.16,103.96,211.65,1,-1,-1,-1
363,43,1800.61,395.01,63.42,18.73,1,-1,-1,-1
363,50,595.13,271.39,244.59,292.96,1,-1,-1,-1
363,57,1668.72,350.01,65.78,39.36,1,-1,-1,-1
363,59,536.61,589.83,348.08,386.73,1,-1,-1,-1
364,5,525.80,272.57,355.81,702.62,1,-1,-1,-1
364,7,864.67,252.30,104.06,211.58,1,-1,-1,-1
364,43,1800.50,394.58,63.94,18.80,1,-1,-1,-1
364,50,604.12,271.50,241.57,294.05,1,-1,-1,-1
364,57,1669.30,352.03,64.00,37.99,1,-1,-1,-1
364,59,539.56,595.49,342.80,381.11,1,-1,-1,-1
365,5,526.31,271.43,352.59,701.09,1,-1,-1,-1
365,7,864.12,252.59,104.22,211.49,1,-1,-1,-1
365,43,1799.30,394.59,65.56,19.23,1,-1,-1,-1
365,45,491.37,358.14,183.29,304.92,1,-1,-1,-1
365,50,631.07,272.70,224.57,281.78,1,-1,-1,-1
365,57,1666.92,349.52,68.10,40.58,1,-1,-1,-1
365,59,539.74,595.53,336.94,375.43,1,-1,-1,-1
366,5,528.33,274.83,348.35,697.11,1,-1,-1,-1
366,7,864.25,253.06,104.27,211.51,1,-1,-1,-1
366,43,1797.48,393.48,68.99,20.30,1,-1,-1,-1
366,45,490.26,358.32,182.78,304.07,1,-1,-1,-1
366,50,635.48,273.07,218.94,281.11,1,-1,-1,-1
366,57,1666.47,350.33,67.85,40.38,1,-1,-1,-1
366,59,539.73,595.03,336.02,374.40,1,-1,-1,-1
367,5,524.72,277.10,346.30,695.20,1,-1,-1,-1
367,7,864.63,252.87,103.68,210.63,1,-1,-1,-1
367,43,1796.55,393.21,70.21,20.72,1,-1,-1,-1
367,45,489.11,358.00,182.67,304.10,1,-1,-1,-1
367,50,643.90,272.84,207.20,271.67,1,-1,-1,-1
367,57,1665.46,350.17,69.50,41.53,1,-1,-1,-1
368,5,518.01,278.26,347.17,694.47,1,-1,-1,-1
368,7,862.89,252.34,104.07,210.84,1,-1,-1,-1
368,43,1795.11,392.61,72.33,21.47,1,-1,-1,-1
368,45,488.57,357.94,181.77,302.99,1,-1,-1,-1
368,50,649.94,272.35,199.60,267.63,1,-1,-1,-1
368,57,1665.13,349.81,70.49,42.38,1,-1,-1,-1
369,5,517.25,275.33,349.14,699.95,1,-1,-1,-1
369,7,861.33,252.14,104.83,211.99,1,-1,-1,-1
369,43,1795.18,392.70,71.62,21.27,1,-1,-1,-1
369,45,487.45,357.53,180.34,301.56,1,-1,-1,-1
369,50,653.65,272.02,193.06,264.48,1,-1,-1,-1
369,57,1663.88,348.92,71.77,43.37,1,-1,-1,-1
370,5,517.10,274.28,349.51,702.19,1,-1,-1,-1
370,7,860.42,252.07,105.25,212.31,1,-1,-1,-1
370,43,1795.44,392.81,71.11,21.11,1,-1,-1,-1
370,45,487.16,357.46,179.50,300.82,1,-1,-1,-1
370,50,656.55,271.97,188.12,262.98,1,-1,-1,-1
370,57,1662.97,347.29,72.90,44.31,1,-1,-1,-1
371,5,517.35,272.38,349.56,704.47,1,-1,-1,-1
371,7,858.97,251.75,106.14,213.24,1,-1,-1,-1
371,43,1794.78,392.55,72.76,21.67,1,-1,-1,-1
371,45,487.32,357.55,179.18,300.76,1,-1,-1,-1
371,50,654.06,272.28,185.06,262.23,1,-1,-1,-1
371,57,1662.71,346.72,72.79,44.45,1,-1,-1,-1
372,5,512.11,276.87,348.01,698.74,1,-1,-1,-1
372,7,857.60,251.43,107.32,214.43,1,-1,-1,-1
372,43,1795.52,392.73,71.90,21.41,1,-1,-1,-1
372,45,487.66,357.33,179.36,301.56,1,-1,-1,-1
372,50,661.21,272.08,180.71,262.22,1,-1,-1,-1
372,57,1663.26,346.72,71.64,43.86,1,-1,-1,-1
373,5,509.88,274.34,348.34,697.54,1,-1,-1,-1
373,7,857.49,251.31,107.77,213.95,1,-1,-1,-1
373,43,1796.85,393.36,69.96,20.75,1,-1,-1,-1
373,45,488.77,357.00,179.47,301.90,1,-1,-1,-1
373,50,663.73,272.47,177.74,263.00,1,-1,-1,-1
373,57,1665.51,346.59,70.83,43.69,1,-1,-1,-1
374,5,508.56,274.38,348.25,695.43,1,-1,-1,-1
374,7,858.17,251.62,108.71,214.04,1,-1,-1,-1
374,43,1799.10,393.58,68.91,20.43,1,-1,-1,-1
374,45,490.24,356.91,179.47,301.93,1,-1,-1,-1
374,50,667.92,271.92,176.17,266.32,1,-1,-1,-1
374,57,1667.40,347.35,70.26,43.51,1,-1,-1,-1
375,5,516.99,288.37,341.98,681.04,1,-1,-1,-1
375,7,860.37,253.29,108.64,212.83,1,-1,-1,-1
375,43,1797.98,392.59,77.26,23.16,1,-1,-1,-1
375,45,493.29,357.89,179.13,301.72,1,-1,-1,-1
375,50,668.63,272.74,175.66,270.07,1,-1,-1,-1
375,57,1669.20,347.01,71.17,43.99,1,-1,-1,-1
376,5,520.13,294.69,339.93,674.90,1,-1,-1,-1
376,7,860.86,253.91,108.96,212.42,1,-1,-1,-1
376,43,1797.90,392.16,79.63,24.10,1,-1,-1,-1
376,45,494.50,358.28,178.84,301.50,1,-1,-1,-1
376,50,668.61,272.73,174.64,272.48,1,-1,-1,-1
376,57,1670.02,346.96,71.35,44.01,1,-1,-1,-1
377,5,517.44,311.54,334.10,657.01,1,-1,-1,-1
377,7,866.77,255.14,107.07,209.18,1,-1,-1,-1
377,43,1800.44,392.31,79.71,24.30,1,-1,-1,-1
377,45,494.75,358.31,178.66,301.19,1,-1,-1,-1
377,50,676.67,271.77,170.24,271.58,1,-1,-1,-1
377,57,1673.76,347.87,69.32,42.56,1,-1,-1,-1
378,5,522.87,337.80,324.42,630.93,1,-1,-1,-1
378,7,876.91,271.88,97.39,188.61,1,-1,-1,-1
378,43,1803.67,392.13,77.96,23.91,1,-1,-1,-1
378,45,497.06,357.20,181.15,305.62,1,-1,-1,-1
378,50,681.58,270.57,167.15,272.30,1,-1,-1,-1
378,57,1678.41,350.63,66.22,40.29,1,-1,-1,-1
379,5,520.51,324.39,333.93,647.62,1,-1,-1,-1
379,7,876.82,261.61,103.11,198.89,1,-1,-1,-1
379,43,1811.19,392.44,73.00,22.45,1,-1,-1,-1
379,45,497.52,357.11,181.26,305.81,1,-1,-1,-1
379,50,686.59,270.83,162.86,270.10,1,-1,-1,-1
379,57,1682.53,350.05,66.73,40.40,1,-1,-1,-1
380,5,528.14,328.67,334.13,645.51,1,-1,-1,-1
380,7,880.12,259.62,106.14,204.37,1,-1,-1,-1
380,43,1820.12,394.31,66.96,20.33,1,-1,-1,-1
380,45,504.31,355.43,179.21,302.86,1,-1,-1,-1
380,50,692.55,271.94,159.30,267.65,1,-1,-1,-1
380,57,1691.58,353.67,60.76,36.11,1,-1,-1,-1
381,5,534.16,345.94,328.09,628.38,1,-1,-1,-1
381,7,882.68,255.41,108.91,209.59,1,-1,-1,-1
381,43,1828.73,395.02,63.58,19.03,1,-1,-1,-1
381,45,510.43,356.70,178.46,302.54,1,-1,-1,-1
381,50,699.25,271.52,156.38,266.60,1,-1,-1,-1
381,57,1695.26,351.99,66.83,39.21,1,-1,-1,-1
382,5,535.64,352.58,327.19,621.74,1,-1,-1,-1
382,7,883.56,253.83,110.01,211.60,1,-1,-1,-1
382,43,1831.41,395.28,62.85,18.57,1,-1,-1,-1
382,45,512.73,357.18,177.81,302.26,1,-1,-1,-1
382,50,702.34,271.43,154.04,266.13,1,-1,-1,-1
382,57,1696.03,351.37,69.60,40.39,1,-1,-1,-1
383,5,537.94,348.78,331.73,627.20,1,-1,-1,-1
383,7,889.15,255.21,109.38,210.50,1,-1,-1,-1
383,43,1838.97,394.80,71.21,20.99,1,-1,-1,-1
383,45,516.70,356.83,178.07,303.77,1,-1,-1,-1
383,50,708.85,270.19,152.21,266.36,1,-1,-1,-1
383,57,1702.88,352.55,67.79,39.19,1,-1,-1,-1
384,5,540.12,347.11,334.20,628.71,1,-1,-1,-1
384,7,897.81,254.49,107.91,207.96,1,-1,-1,-1
384,43,1845.57,395.22,70.15,20.54,1,-1,-1,-1
384,45,521.41,357.03,178.55,304.58,1,-1,-1,-1
384,50,713.50,270.18,152.03,269.15,1,-1,-1,-1
384,57,1710.60,352.85,67.86,39.23,1,-1,-1,-1
385,5,539.35,336.94,341.38,640.83,1,-1,-1,-1
385,7,904.04,256.40,106.90,205.28,1,-1,-1,-1
385,43,1849.47,395.37,70.20,20.55,1,-1,-1,-1
385,45,524.77,355.48,179.61,306.96,1,-1,-1,-1
385,50,717.60,271.24,151.68,270.56,1,-1,-1,-1
385,57,1714.84,351.49,71.19,41.35,1,-1,-1,-1
386,5,542.83,323.38,347.64,652.88,1,-1,-1,-1
386,7,906.13,253.74,107.88,206.00,1,-1,-1,-1
386,45,530.65,355.35,178.27,305.36,1,-1,-1,-1
386,50,722.64,271.39,149.61,268.39,1,-1,-1,-1
386,57,1719.69,350.23,75.05,43.81,1,-1,-1,-1
387,5,546.69,331.84,344.16,643.42,1,-1,-1,-1
387,7,911.20,254.45,108.78,206.77,1,-1,-1,-1
387,45,533.31,355.16,178.36,305.51,1,-1,-1,-1
387,50,728.65,271.36,148.07,267.40,1,-1,-1,-1
387,57,1728.49,353.13,71.31,41.50,1,-1,-1,-1
388,5,547.50,334.61,343.75,640.09,1,-1,-1,-1
388,7,912.59,254.50,109.43,207.13,1,-1,-1,-1
388,50,730.86,271.28,147.14,267.35,1,-1,-1,-1
388,57,1731.32,353.91,70.47,40.91,1,-1,-1,-1
389,5,549.49,339.85,341.80,633.05,1,-1,-1,-1
389,7,916.19,255.27,109.14,205.98,1,-1,-1,-1
389,50,734.68,270.18,147.88,271.71,1,-1,-1,-1
389,57,1733.91,351.44,74.71,43.67,1,-1,-1,-1
390,5,551.02,334.73,343.94,634.73,1,-1,-1,-1
390,7,924.43,256.91,107.19,201.50,1,-1,-1,-1
390,50,741.38,271.19,143.96,266.52,1,-1,-1,-1
390,57,1738.28,350.91,77.31,45.08,1,-1,-1,-1
391,5,556.13,337.49,343.80,632.30,1,-1,-1,-1
391,7,926.75,256.00,108.57,202.11,1,-1,-1,-1
391,45,549.23,354.35,177.64,304.72,1,-1,-1,-1
391,50,747.35,271.72,141.27,263.24,1,-1,-1,-1
391,57,1742.95,349.76,80.05,47.00,1,-1,-1,-1
392,5,560.93,341.00,344.00,630.64,1,-1,-1,-1
392,7,928.56,254.70,111.19,206.07,1,-1,-1,-1
392,45,552.36,354.16,177.66,304.74,1,-1,-1,-1
392,50,753.15,271.30,140.72,263.37,1,-1,-1,-1
392,57,1752.74,354.85,73.38,42.38,1,-1,-1,-1
393,5,565.48,331.28,347.57,637.17,1,-1,-1,-1
393,7,933.67,255.82,111.34,205.47,1,-1,-1,-1
393,50,753.39,270.84,141.33,264.23,1,-1,-1,-1
393,57,1757.93,352.65,76.46,44.32,1,-1,-1,-1
394,5,567.14,330.71,347.60,636.65,1,-1,-1,-1
394,7,935.45,256.27,111.51,204.99,1,-1,-1,-1
394,50,753.24,270.72,141.64,264.54,1,-1,-1,-1
394,57,1758.89,351.06,78.52,45.75,1,-1,-1,-1
395,5,568.38,334.76,346.23,632.11,1,-1,-1,-1
395,7,942.36,256.91,111.16,204.77,1,-1,-1,-1
395,50,758.56,270.93,143.57,270.60,1,-1,-1,-1
395,57,1762.92,351.07,78.92,45.78,1,-1,-1,-1
396,5,567.75,328.61,350.70,638.98,1,-1,-1,-1
396,7,946.58,256.31,111.57,204.93,1,-1,-1,-1
396,45,569.29,355.09,180.26,308.67,1,-1,-1,-1
396,50,764.55,271.39,140.75,266.28,1,-1,-1,-1
396,57,1775.75,358.79,67.43,37.75,1,-1,-1,-1
397,5,570.57,331.20,351.12,637.81,1,-1,-1,-1
397,7,948.82,253.95,113.47,208.13,1,-1,-1,-1
397,45,572.82,355.05,180.47,309.04,1,-1,-1,-1
397,50,769.72,271.97,140.25,267.07,1,-1,-1,-1
397,57,1779.95,356.48,71.68,39.87,1,-1,-1,-1
398,5,578.68,344.38,345.02,624.22,1,-1,-1,-1
398,7,951.96,254.15,114.88,210.80,1,-1,-1,-1
398,45,574.48,354.68,180.54,308.47,1,-1,-1,-1
398,50,777.31,271.52,138.01,264.06,1,-1,-1,-1
398,57,1783.83,354.12,78.31,43.57,1,-1,-1,-1
399,5,582.60,348.62,342.95,617.88,1,-1,-1,-1
399,7,957.29,254.56,113.01,206.79,1,-1,-1,-1
399,45,577.85,354.61,180.70,308.75,1,-1,-1,-1
399,50,778.90,271.81,137.38,262.59,1,-1,-1,-1
399,57,1790.06,355.91,76.43,42.00,1,-1,-1,-1
400,5,583.54,350.99,343.03,615.79,1,-1,-1,-1
400,7,958.96,254.61,112.51,205.35,1,-1,-1,-1
400,50,778.14,271.91,137.65,262.82,1,-1,-1,-1
400,57,1789.35,353.95,81.18,44.66,1,-1,-1,-1
401,5,579.47,332.12,353.92,636.64,1,-1,-1,-1
401,7,965.69,256.86,110.34,201.65,1,-1,-1,-1
401,50,772.64,271.89,144.16,273.51,1,-1,-1,-1
401,57,1798.15,356.50,77.24,42.35,1,-1,-1,-1
402,5,585.55,334.05,351.18,632.67,1,-1,-1,-1
402,7,968.78,257.87,111.94,204.36,1,-1,-1,-1
402,45,589.18,353.53,173.79,297.75,1,-1,-1,-1
402,50,783.86,271.44,140.16,266.67,1,-1,-1,-1
402,57,1802.10,357.16,77.64,42.42,1,-1,-1,-1
403,5,588.21,317.56,356.56,645.32,1,-1,-1,-1
403,7,971.51,257.03,112.66,205.23,1,-1,-1,-1
403,45,591.41,352.88,173.34,297.42,1,-1,-1,-1
403,50,789.39,272.02,138.14,262.96,1,-1,-1,-1
403,57,1805.95,354.89,82.37,45.22,1,-1,-1,-1
404,5,593.84,334.62,347.39,628.35,1,-1,-1,-1
404,7,974.99,256.39,113.11,206.32,1,-1,-1,-1
404,45,596.02,353.29,173.77,296.65,1,-1,-1,-1
404,50,790.76,270.63,138.30,263.25,1,-1,-1,-1
404,57,1808.50,354.55,85.52,47.22,1,-1,-1,-1
405,5,598.18,340.15,342.86,619.09,1,-1,-1,-1
405,7,978.15,256.77,114.47,209.92,1,-1,-1,-1
405,45,599.61,354.55,174.85,298.09,1,-1,-1,-1
405,50,797.41,271.16,138.56,265.64,1,-1,-1,-1
405,57,1815.20,353.95,86.41,48.21,1,-1,-1,-1
406,5,599.55,342.25,341.57,615.83,1,-1,-1,-1
406,7,979.42,256.92,114.62,211.19,1,-1,-1,-1
406,45,600.69,354.96,175.42,298.79,1,-1,-1,-1
406,50,800.06,271.37,138.11,266.49,1,-1,-1,-1
406,57,1817.85,353.66,86.40,48.70,1,-1,-1,-1
407,5,602.98,348.09,340.13,611.68,1,-1,-1,-1
407,7,984.09,256.79,112.26,207.80,1,-1,-1,-1
407,45,603.95,355.03,175.20,298.41,1,-1,-1,-1
407,50,805.55,271.09,136.12,262.62,1,-1,-1,-1
407,57,1823.64,355.75,83.59,47.36,1,-1,-1,-1
408,5,606.41,348.61,340.28,610.45,1,-1,-1,-1
408,7,988.99,257.92,111.10,206.98,1,-1,-1,-1
408,45,605.50,353.92,174.73,297.66,1,-1,-1,-1
408,50,807.92,270.70,135.82,262.05,1,-1,-1,-1
408,57,1828.15,354.87,84.68,48.14,1,-1,-1,-1
409,5,609.21,346.32,342.82,615.52,1,-1,-1,-1
409,7,991.56,257.18,112.01,208.29,1,-1,-1,-1
409,45,610.60,352.65,173.12,295.43,1,-1,-1,-1
409,50,811.09,271.60,134.09,258.21,1,-1,-1,-1
409,57,1833.84,355.39,83.21,47.20,1,-1,-1,-1
410,5,610.47,348.14,342.85,615.85,1,-1,-1,-1
410,7,995.55,255.13,111.71,207.16,1,-1,-1,-1
410,45,613.88,352.45,172.76,294.81,1,-1,-1,-1
410,50,815.89,271.68,132.84,256.63,1,-1,-1,-1
410,57,1836.44,355.94,83.04,47.03,1,-1,-1,-1
411,5,611.85,349.87,342.25,615.18,1,-1,-1,-1
411,7,998.37,253.40,112.58,208.81,1,-1,-1,-1
411,50,819.74,272.12,131.69,254.92,1,-1,-1,-1
411,57,1843.06,356.80,78.18,44.40,1,-1,-1,-1
412,5,612.11,350.80,341.78,614.48,1,-1,-1,-1
412,7,999.18,252.74,112.96,209.61,1,-1,-1,-1
412,50,821.11,272.43,131.15,254.36,1,-1,-1,-1
412,57,1847.76,360.23,72.57,41.00,1,-1,-1,-1
413,5,609.15,340.68,348.06,628.26,1,-1,-1,-1
413,7,1001.09,253.84,112.34,208.62,1,-1,-1,-1
413,50,824.88,273.44,129.03,251.61,1,-1,-1,-1
413,57,1851.87,361.25,69.44,39.32,1,-1,-1,-1
414,5,612.18,340.49,345.62,625.50,1,-1,-1,-1
414,7,1004.74,255.59,111.27,207.26,1,-1,-1,-1
414,45,619.70,352.93,173.90,296.25,1,-1,-1,-1
414,50,827.35,273.37,128.48,251.90,1,-1,-1,-1
414,57,1851.39,359.14,73.05,41.97,1,-1,-1,-1
415,5,618.15,347.77,338.72,613.40,1,-1,-1,-1
415,7,1008.55,256.19,109.62,204.63,1,-1,-1,-1
415,45,622.32,352.86,173.75,295.99,1,-1,-1,-1
415,50,829.80,272.59,128.78,253.76,1,-1,-1,-1
415,57,1854.22,358.42,72.88,42.80,1,-1,-1,-1
