1,-1,175.14,498.3,316.42,445.28,80.7,-1,-1
1,-1,849.34,479.32,258.77,231.84,79.2,-1,-1
1,-1,678.24,490.93,215.36,281.03,54.0,-1,-1
2,-1,174.98,498.35,316.44,445.77,80.8,-1,-1
2,-1,849.34,479.3,258.75,231.63,79.4,-1,-1
2,-1,677.38,490.85,216.21,281.1,54.3,-1,-1
3,-1,849.02,479.78,259.19,231.13,74.4,-1,-1
3,-1,179.9,497.75,312.63,439.89,67.4,-1,-1
3,-1,677.53,491.4,216.95,281.24,55.1,-1,-1
3,-1,1384.34,480.77,96.3,136.77,53.3,-1,-1
4,-1,847.58,479.61,262.06,230.84,66.8,-1,-1
4,-1,1383.98,480.74,96.3,137.18,58.2,-1,-1
5,-1,1384.28,480.73,97.35,136.93,56.8,-1,-1
5,-1,696.08,490.71,200.91,283.36,51.1,-1,-1
6,-1,1384.04,480.79,98.15,136.74,56.0,-1,-1
7,-1,972.03,478.28,141.64,216.89,61.3,-1,-1
7,-1,201.1,494.54,306.37,434.29,58.7,-1,-1
7,-1,1384.02,480.97,97.9,136.26,55.4,-1,-1
8,-1,971.96,478.24,141.7,216.5,61.5,-1,-1
8,-1,200.67,494.47,306.72,434.18,59.1,-1,-1
8,-1,1383.96,480.95,97.96,136.18,56.4,-1,-1
9,-1,974.72,479.2,139.65,216.11,71.4,-1,-1
9,-1,205.34,495.62,306.5,434.55,65.5,-1,-1
9,-1,1385.7,480.91,96.33,135.37,60.1,-1,-1
9,-1,702.51,488.24,202.82,285.22,55.2,-1,-1
10,-1,976.01,480.29,139.05,215.4,73.1,-1,-1
10,-1,215.51,495.73,298.82,426.76,61.4,-1,-1
10,-1,710.61,488.56,194.74,283.31,59.6,-1,-1
10,-1,1385.85,480.81,96.55,135.59,57.3,-1,-1
11,-1,976.23,480.75,142.25,213.88,70.9,-1,-1
11,-1,711.67,485.14,195.8,287.23,65.5,-1,-1
11,-1,228.48,493.75,300.87,424.94,61.8,-1,-1
11,-1,1386.34,481.04,96.45,135.26,55.8,-1,-1
12,-1,713.34,484.43,195.26,287.89,64.1,-1,-1
13,-1,711.27,483.37,198.92,288.35,66.8,-1,-1
13,-1,980.16,481.42,140.34,211.74,60.0,-1,-1
13,-1,228.23,492.66,304.77,428.12,54.2,-1,-1
14,-1,710.16,483.45,199.9,288.14,66.1,-1,-1
14,-1,980.02,481.39,140.41,211.85,59.0,-1,-1
14,-1,228.06,492.78,304.63,428.16,56.1,-1,-1
14,-1,1387.08,480.99,95.06,135.77,52.1,-1,-1
15,-1,240.19,492.71,299.16,437.03,71.0,-1,-1
15,-1,979.95,481.24,140.22,211.52,70.5,-1,-1
15,-1,715.94,483.1,196.77,288.49,63.2,-1,-1
16,-1,240.47,491.8,300.97,433.9,70.1,-1,-1
16,-1,979.66,480.93,141.37,211.03,65.8,-1,-1
16,-1,721.54,482.89,192.58,287.97,63.2,-1,-1
16,-1,1387.78,481.3,94.65,136.32,50.5,-1,-1
17,-1,979.13,480.26,143.04,211.67,69.7,-1,-1
17,-1,252.52,493.03,288.56,425.19,69.5,-1,-1
17,-1,724.51,483.68,191.74,288.37,68.4,-1,-1
17,-1,1388.08,482.01,94.62,136.0,57.0,-1,-1
18,-1,261.88,491.76,283.66,424.18,78.0,-1,-1
18,-1,727.55,485.72,190.15,286.68,71.4,-1,-1
18,-1,1386.13,481.71,95.91,137.28,64.8,-1,-1
18,-1,981.19,480.08,141.52,211.8,54.6,-1,-1
19,-1,267.36,492.77,283.13,420.93,73.8,-1,-1
19,-1,729.67,486.56,189.17,287.42,69.8,-1,-1
19,-1,1385.89,481.11,95.73,137.11,65.7,-1,-1
20,-1,266.28,492.86,283.44,421.27,75.4,-1,-1
20,-1,729.4,486.76,189.48,287.52,69.7,-1,-1
20,-1,1385.75,480.9,96.03,137.16,63.6,-1,-1
21,-1,267.49,495.82,284.25,424.78,79.9,-1,-1
21,-1,731.1,486.92,188.7,284.83,68.1,-1,-1
21,-1,1385.49,480.87,95.9,136.68,63.0,-1,-1
21,-1,1219.33,477.66,108.19,145.84,51.9,-1,-1
22,-1,269.16,496.89,282.35,423.72,81.9,-1,-1
22,-1,730.77,485.49,188.43,286.05,69.0,-1,-1
22,-1,1385.05,480.85,96.51,136.99,66.3,-1,-1
22,-1,1220.52,477.69,106.51,146.28,52.0,-1,-1
23,-1,281.17,495.02,276.47,420.77,74.8,-1,-1
23,-1,731.99,486.23,188.01,285.46,69.1,-1,-1
23,-1,1384.39,480.52,96.01,136.57,67.7,-1,-1
23,-1,984.8,481.42,138.81,210.88,58.2,-1,-1
23,-1,1221.46,477.79,105.02,147.43,56.4,-1,-1
24,-1,276.69,493.74,285.22,423.21,80.0,-1,-1
24,-1,1384.05,480.34,96.19,136.02,70.9,-1,-1
24,-1,732.57,485.69,188.7,286.17,59.5,-1,-1
24,-1,986.5,480.76,138.95,211.25,58.3,-1,-1
24,-1,1220.1,477.83,106.83,147.36,54.5,-1,-1
25,-1,278.46,495.58,289.3,424.86,83.6,-1,-1
25,-1,1382.92,480.43,96.03,135.91,70.0,-1,-1
25,-1,986.31,481.41,139.71,209.74,64.9,-1,-1
25,-1,1219.08,477.63,107.97,148.42,57.8,-1,-1
25,-1,736.3,487.07,187.12,282.72,57.7,-1,-1
26,-1,278.61,495.95,290.6,424.67,84.0,-1,-1
26,-1,1382.85,480.44,96.3,136.15,69.1,-1,-1
26,-1,985.63,481.31,140.34,209.78,67.0,-1,-1
26,-1,736.22,486.97,187.26,282.54,57.5,-1,-1
26,-1,1219.59,477.67,107.61,148.07,56.9,-1,-1
27,-1,983.19,480.77,143.55,212.14,79.5,-1,-1
27,-1,281.98,493.21,287.49,421.84,78.4,-1,-1
27,-1,1381.72,480.11,96.42,136.32,71.9,-1,-1
27,-1,738.19,488.15,187.53,281.53,64.7,-1,-1
27,-1,1220.52,478.53,106.58,147.11,57.6,-1,-1
28,-1,287.98,495.58,281.89,420.33,79.9,-1,-1
28,-1,1380.7,480.07,97.77,136.61,71.7,-1,-1
28,-1,985.73,482.13,142.43,211.29,69.5,-1,-1
28,-1,740.61,488.35,188.24,281.4,66.6,-1,-1
28,-1,1220.04,478.61,107.1,147.06,57.7,-1,-1
29,-1,291.02,495.29,284.48,421.52,78.2,-1,-1
29,-1,1380.44,480.5,98.26,136.09,73.0,-1,-1
29,-1,986.31,481.75,143.52,211.43,70.0,-1,-1
29,-1,742.56,487.68,186.9,282.72,69.6,-1,-1
29,-1,1219.23,478.65,107.95,147.36,52.9,-1,-1
30,-1,985.51,480.98,144.26,211.54,79.9,-1,-1
30,-1,293.86,497.29,286.0,424.74,73.7,-1,-1
30,-1,1380.8,480.26,96.22,135.72,73.1,-1,-1
30,-1,744.64,489.02,185.12,279.77,65.5,-1,-1
30,-1,1218.64,478.38,108.04,147.01,50.3,-1,-1
31,-1,988.32,480.88,142.69,212.76,81.1,-1,-1
31,-1,745.69,491.05,185.6,277.36,74.5,-1,-1
31,-1,1380.78,479.94,94.8,135.7,73.3,-1,-1
31,-1,300.46,496.47,281.02,415.28,65.5,-1,-1
31,-1,1218.28,478.73,108.57,146.63,50.8,-1,-1
32,-1,988.46,480.86,142.39,213.01,81.9,-1,-1
32,-1,745.0,491.11,186.43,276.94,74.0,-1,-1
32,-1,1380.49,479.92,95.12,135.71,73.0,-1,-1
32,-1,299.34,496.56,282.29,415.52,62.7,-1,-1
32,-1,1218.71,478.77,108.4,146.78,50.9,-1,-1
33,-1,990.0,480.3,141.21,212.58,82.8,-1,-1
33,-1,1380.75,480.02,95.03,135.74,73.3,-1,-1
33,-1,752.55,489.24,180.4,279.29,71.7,-1,-1
33,-1,312.32,496.06,271.74,417.87,61.6,-1,-1
33,-1,1219.07,478.72,107.86,145.43,50.2,-1,-1
34,-1,990.84,479.86,140.26,213.18,84.3,-1,-1
34,-1,748.84,489.68,184.39,279.95,75.3,-1,-1
34,-1,323.82,496.81,263.77,416.49,75.0,-1,-1
34,-1,1380.54,479.83,94.2,135.44,73.3,-1,-1
34,-1,1217.05,478.94,109.24,145.06,51.1,-1,-1
35,-1,990.48,479.47,141.49,213.3,84.0,-1,-1
35,-1,753.14,488.94,182.52,280.55,75.4,-1,-1
35,-1,1380.98,479.64,93.59,135.36,73.5,-1,-1
35,-1,331.33,496.47,257.51,409.59,54.3,-1,-1
36,-1,990.52,479.02,142.28,211.35,84.2,-1,-1
36,-1,753.63,487.39,184.85,280.72,79.4,-1,-1
36,-1,326.93,492.82,265.58,409.58,76.8,-1,-1
36,-1,1381.36,479.32,93.39,136.51,76.7,-1,-1
36,-1,1218.61,478.98,107.72,145.18,50.0,-1,-1
37,-1,991.29,478.48,141.67,210.35,83.2,-1,-1
37,-1,754.73,486.71,185.07,280.82,80.2,-1,-1
37,-1,1381.72,478.54,93.18,137.15,76.0,-1,-1
37,-1,329.2,492.98,269.94,412.88,72.4,-1,-1
37,-1,1219.11,478.69,107.13,145.84,51.3,-1,-1
38,-1,991.55,478.97,141.94,209.22,79.6,-1,-1
38,-1,1381.75,479.09,93.55,137.1,75.7,-1,-1
38,-1,757.02,488.66,183.57,277.42,75.2,-1,-1
38,-1,366.18,496.44,235.82,407.39,61.2,-1,-1
39,-1,992.49,479.06,141.12,209.69,79.9,-1,-1
39,-1,1382.46,479.35,93.12,137.04,76.0,-1,-1
39,-1,757.98,488.46,182.46,277.25,72.9,-1,-1
39,-1,367.49,494.08,233.63,408.59,65.9,-1,-1
40,-1,992.47,479.14,140.88,209.43,79.8,-1,-1
40,-1,1382.47,479.36,93.33,137.1,75.8,-1,-1
40,-1,758.0,488.47,182.43,277.25,73.8,-1,-1
40,-1,367.55,494.08,233.69,408.38,66.5,-1,-1
41,-1,994.52,478.92,139.82,209.05,80.6,-1,-1
41,-1,1382.42,479.41,93.63,137.19,77.0,-1,-1
41,-1,761.73,486.62,180.37,279.23,72.6,-1,-1
41,-1,325.68,495.92,279.18,405.79,67.5,-1,-1
42,-1,996.81,480.21,138.24,208.22,83.7,-1,-1
42,-1,1382.17,479.49,93.41,137.26,78.1,-1,-1
42,-1,763.39,484.44,179.98,281.39,69.5,-1,-1
42,-1,344.01,496.79,261.76,406.1,56.5,-1,-1
43,-1,998.04,480.73,137.99,208.29,82.6,-1,-1
43,-1,1381.31,479.48,93.92,138.16,79.6,-1,-1
43,-1,764.85,483.96,179.75,280.55,67.2,-1,-1
43,-1,343.27,497.8,266.94,407.79,59.6,-1,-1
43,-1,1214.88,477.79,111.61,146.88,53.7,-1,-1
44,-1,997.88,480.81,137.92,208.28,82.7,-1,-1
44,-1,1381.38,479.47,93.84,138.02,79.4,-1,-1
44,-1,764.78,483.72,179.82,280.97,68.3,-1,-1
44,-1,343.53,497.85,266.46,407.26,59.2,-1,-1
44,-1,1215.02,477.82,111.46,146.88,54.1,-1,-1
45,-1,998.52,481.26,137.7,209.89,84.1,-1,-1
45,-1,1381.7,479.49,93.51,137.75,78.5,-1,-1
45,-1,764.99,484.49,181.93,280.94,69.4,-1,-1
45,-1,1207.3,478.0,119.1,146.73,51.0,-1,-1
46,-1,999.07,482.71,140.34,209.02,84.4,-1,-1
46,-1,1381.86,479.7,93.3,137.51,79.4,-1,-1
46,-1,1207.83,478.56,119.69,145.19,53.5,-1,-1
46,-1,770.04,487.31,182.5,277.26,53.0,-1,-1
47,-1,997.49,482.49,143.41,210.6,83.7,-1,-1
47,-1,1381.99,479.71,93.26,137.41,79.1,-1,-1
48,-1,1380.33,479.89,94.92,138.63,78.5,-1,-1
48,-1,997.86,482.62,144.94,210.6,74.5,-1,-1
48,-1,1231.52,478.83,97.64,146.37,61.9,-1,-1
48,-1,344.18,496.74,288.51,413.0,55.6,-1,-1
49,-1,1380.53,480.1,94.31,137.79,79.2,-1,-1
49,-1,997.82,482.27,145.43,212.41,77.9,-1,-1
49,-1,355.08,497.72,282.33,412.84,61.0,-1,-1
49,-1,1233.77,478.86,95.26,145.85,60.5,-1,-1
50,-1,997.81,482.26,145.28,212.28,79.2,-1,-1
50,-1,1380.57,480.09,94.3,137.74,79.2,-1,-1
50,-1,1233.79,478.86,95.05,145.95,60.7,-1,-1
50,-1,355.63,497.73,281.84,412.55,57.0,-1,-1
50,-1,776.62,485.06,182.51,279.96,51.1,-1,-1
51,-1,1380.55,480.05,94.38,137.85,76.4,-1,-1
51,-1,998.4,482.99,145.37,208.78,65.7,-1,-1
51,-1,364.79,498.75,279.75,411.58,59.1,-1,-1
52,-1,1380.8,480.13,94.2,137.86,78.2,-1,-1
52,-1,1232.73,479.18,96.99,145.08,50.1,-1,-1
53,-1,1380.97,480.69,93.98,136.86,76.7,-1,-1
53,-1,1000.16,483.45,146.23,210.98,55.6,-1,-1
53,-1,1238.72,479.67,89.41,143.95,54.9,-1,-1
53,-1,377.67,501.2,272.97,407.61,52.2,-1,-1
54,-1,1381.71,481.19,93.96,136.7,75.5,-1,-1
54,-1,1238.64,479.5,89.46,145.47,59.4,-1,-1
55,-1,1381.7,480.83,93.81,137.18,77.9,-1,-1
55,-1,1239.08,479.71,88.67,145.29,58.5,-1,-1
55,-1,376.24,500.0,280.64,418.04,57.4,-1,-1
56,-1,1381.67,480.78,93.79,137.12,77.5,-1,-1
56,-1,378.11,500.01,278.67,418.58,58.6,-1,-1
56,-1,1238.96,479.51,88.81,145.48,58.4,-1,-1
57,-1,1381.62,480.77,93.42,137.33,76.9,-1,-1
57,-1,795.08,487.64,179.71,282.07,66.7,-1,-1
57,-1,1015.25,485.51,137.56,210.03,63.6,-1,-1
57,-1,1241.15,480.07,88.36,144.42,58.1,-1,-1
57,-1,388.36,499.81,273.59,418.16,58.0,-1,-1
58,-1,1382.21,481.11,94.76,137.54,75.6,-1,-1
58,-1,1014.82,485.81,138.44,210.83,70.6,-1,-1
58,-1,804.2,488.14,168.64,280.58,66.0,-1,-1
58,-1,1239.62,481.29,91.43,145.44,59.5,-1,-1
59,-1,1383.08,480.91,93.13,137.41,74.6,-1,-1
59,-1,1016.98,485.41,138.7,212.91,72.9,-1,-1
59,-1,1240.49,481.89,91.49,144.96,59.1,-1,-1
59,-1,807.29,488.25,167.27,277.58,55.6,-1,-1
60,-1,1383.32,481.13,94.38,137.33,74.3,-1,-1
60,-1,1018.48,485.67,139.38,213.06,71.2,-1,-1
60,-1,810.53,489.09,165.81,277.01,56.7,-1,-1
60,-1,1242.7,482.95,90.48,146.31,51.1,-1,-1
61,-1,1384.01,481.69,94.84,137.89,72.8,-1,-1
61,-1,1242.57,482.54,90.43,149.02,65.3,-1,-1
61,-1,814.38,488.73,163.21,276.79,61.9,-1,-1
61,-1,1019.62,488.3,138.68,212.89,59.7,-1,-1
61,-1,370.42,504.38,313.96,408.09,53.9,-1,-1
62,-1,1383.91,481.73,95.42,138.05,72.4,-1,-1
62,-1,1242.85,482.53,89.83,148.14,63.3,-1,-1
62,-1,814.86,488.83,162.9,276.72,60.7,-1,-1
62,-1,1019.64,488.24,139.13,213.26,58.6,-1,-1
62,-1,378.88,504.36,305.81,407.03,51.8,-1,-1
63,-1,1383.78,481.9,95.56,138.36,73.9,-1,-1
63,-1,1242.45,483.31,89.66,148.69,69.6,-1,-1
63,-1,813.66,489.72,166.83,277.13,63.5,-1,-1
63,-1,418.79,504.94,268.02,403.63,63.4,-1,-1
63,-1,1022.1,488.08,135.87,210.4,61.3,-1,-1
64,-1,1384.2,482.26,95.27,137.85,73.4,-1,-1
64,-1,816.72,490.92,167.14,275.54,61.8,-1,-1
64,-1,1023.54,488.14,136.56,209.85,59.9,-1,-1
64,-1,397.69,504.64,298.4,402.45,53.7,-1,-1
64,-1,1240.76,483.81,94.05,151.4,51.4,-1,-1
65,-1,1384.02,482.89,94.68,138.05,75.2,-1,-1
65,-1,434.59,506.27,266.21,406.4,64.1,-1,-1
65,-1,1028.94,488.44,131.76,209.99,60.2,-1,-1
65,-1,819.67,491.49,165.6,274.3,59.7,-1,-1
66,-1,1384.63,482.6,94.76,137.86,74.0,-1,-1
66,-1,433.09,507.95,268.82,401.39,65.2,-1,-1
66,-1,1241.04,484.62,94.58,148.89,62.7,-1,-1
66,-1,820.18,492.15,166.79,273.58,57.8,-1,-1
66,-1,1029.28,489.57,133.3,208.04,55.7,-1,-1
67,-1,1384.09,483.0,94.61,138.47,73.4,-1,-1
67,-1,1241.74,486.02,94.73,148.52,64.5,-1,-1
67,-1,821.37,492.89,167.01,273.45,58.1,-1,-1
67,-1,1030.12,490.24,134.7,215.45,56.3,-1,-1
67,-1,437.24,508.53,268.86,407.79,55.9,-1,-1
68,-1,1384.06,483.01,94.62,138.51,73.2,-1,-1
68,-1,1241.99,486.01,94.36,148.44,63.8,-1,-1
68,-1,821.18,492.8,167.49,273.43,58.3,-1,-1
68,-1,1030.45,490.26,134.4,216.2,57.8,-1,-1
68,-1,436.66,508.54,268.99,406.72,54.7,-1,-1
69,-1,1384.1,483.69,94.87,139.23,74.7,-1,-1
69,-1,1240.83,486.52,95.34,149.11,70.8,-1,-1
69,-1,1030.33,493.25,135.77,206.78,65.1,-1,-1
69,-1,821.62,494.39,171.43,273.28,63.5,-1,-1
70,-1,1386.88,483.66,90.95,136.19,68.8,-1,-1
70,-1,822.3,496.11,173.87,272.12,68.0,-1,-1
70,-1,1243.72,487.54,94.2,146.12,62.3,-1,-1
70,-1,1028.9,493.28,138.64,205.98,54.0,-1,-1
71,-1,1387.12,483.97,89.86,135.33,70.3,-1,-1
71,-1,1243.97,487.47,93.9,146.54,54.4,-1,-1
71,-1,1029.17,491.91,138.03,213.77,52.4,-1,-1
71,-1,824.01,496.28,175.16,271.15,51.0,-1,-1
72,-1,1388.32,484.43,88.51,134.35,69.3,-1,-1
72,-1,1033.25,492.08,135.17,205.71,57.7,-1,-1
72,-1,825.4,495.58,175.19,271.93,52.8,-1,-1
72,-1,451.96,511.13,274.13,409.68,51.3,-1,-1
73,-1,1389.23,485.87,87.22,133.26,65.9,-1,-1
73,-1,1034.3,492.27,134.95,206.72,65.5,-1,-1
73,-1,825.08,495.92,176.56,273.66,57.2,-1,-1
73,-1,461.09,512.82,267.53,406.81,54.7,-1,-1
74,-1,1388.11,488.4,88.06,131.46,67.8,-1,-1
74,-1,1034.11,492.59,133.53,206.63,64.8,-1,-1
74,-1,455.32,512.26,273.2,406.3,50.5,-1,-1
75,-1,1035.87,491.12,133.42,208.6,68.1,-1,-1
75,-1,449.85,514.21,279.39,404.51,64.9,-1,-1
75,-1,1390.8,488.62,85.44,131.57,64.3,-1,-1
76,-1,449.89,515.35,282.65,406.31,76.0,-1,-1
76,-1,1389.27,489.07,87.86,132.63,65.7,-1,-1
76,-1,1037.07,493.09,134.14,207.34,59.1,-1,-1
77,-1,449.12,515.78,286.64,405.44,80.2,-1,-1
77,-1,1038.52,493.33,135.37,210.77,72.7,-1,-1
77,-1,1390.0,489.0,87.93,132.54,61.9,-1,-1
78,-1,447.56,516.11,289.45,404.04,79.6,-1,-1
78,-1,1039.7,495.31,135.92,207.89,71.0,-1,-1
78,-1,1389.67,489.21,88.54,131.94,61.8,-1,-1
79,-1,452.35,517.71,288.67,403.88,81.4,-1,-1
79,-1,1041.74,495.47,134.43,208.33,64.0,-1,-1
79,-1,1390.86,490.01,87.0,132.58,63.4,-1,-1
80,-1,452.58,517.79,288.55,403.85,80.9,-1,-1
80,-1,1042.06,495.75,134.2,207.87,65.6,-1,-1
80,-1,1390.79,490.04,87.19,132.87,61.6,-1,-1
81,-1,450.08,518.29,291.49,403.78,82.0,-1,-1
81,-1,1389.95,489.54,88.45,133.73,62.5,-1,-1
81,-1,1041.53,496.65,135.53,207.21,61.7,-1,-1
81,-1,1256.35,491.32,81.18,148.66,53.6,-1,-1
82,-1,452.76,522.12,294.35,400.41,77.3,-1,-1
82,-1,1042.05,499.2,136.45,205.5,66.4,-1,-1
82,-1,1389.64,490.08,88.13,135.54,62.8,-1,-1
83,-1,454.28,522.5,297.72,401.03,76.5,-1,-1
83,-1,1043.29,500.6,135.76,206.14,67.7,-1,-1
83,-1,1390.54,490.06,88.68,133.44,56.1,-1,-1
84,-1,452.04,524.48,300.23,400.35,73.2,-1,-1
84,-1,1044.01,501.07,134.55,208.1,70.6,-1,-1
84,-1,1389.57,489.73,89.25,134.53,56.2,-1,-1
85,-1,451.64,526.09,301.82,399.93,72.5,-1,-1
85,-1,1045.47,501.92,134.37,207.67,70.0,-1,-1
85,-1,1388.64,489.99,91.0,134.5,55.0,-1,-1
86,-1,451.77,525.85,301.71,400.1,72.2,-1,-1
86,-1,1045.68,501.89,134.2,207.44,68.7,-1,-1
86,-1,1388.63,489.98,91.08,134.14,54.5,-1,-1
87,-1,1046.43,501.75,133.83,207.31,69.3,-1,-1
87,-1,446.64,526.0,316.95,402.28,64.7,-1,-1
87,-1,1261.41,493.83,76.42,147.29,61.9,-1,-1
87,-1,1387.74,489.86,92.46,136.13,59.8,-1,-1
88,-1,1045.9,502.5,135.62,210.96,71.4,-1,-1
88,-1,1386.32,489.86,93.7,138.43,62.3,-1,-1
88,-1,447.64,527.34,315.7,402.16,55.7,-1,-1
88,-1,1260.86,493.4,75.76,148.23,54.5,-1,-1
89,-1,1046.72,503.0,137.21,210.72,70.6,-1,-1
89,-1,1385.59,491.2,93.71,138.73,68.1,-1,-1
89,-1,1259.39,494.59,78.85,146.49,57.5,-1,-1
89,-1,459.75,530.17,308.86,402.71,50.2,-1,-1
90,-1,1046.81,504.23,140.48,210.65,68.3,-1,-1
90,-1,1385.06,491.24,93.71,137.51,66.3,-1,-1
90,-1,1259.16,495.55,79.42,145.57,59.8,-1,-1
91,-1,1045.54,504.79,142.72,213.26,71.1,-1,-1
91,-1,1385.64,494.93,94.66,133.94,66.3,-1,-1
91,-1,1261.01,496.43,76.09,142.83,51.2,-1,-1
92,-1,1046.13,503.9,141.84,213.49,71.3,-1,-1
92,-1,1386.05,495.2,94.39,133.49,66.2,-1,-1
92,-1,1260.67,496.42,76.36,142.72,50.9,-1,-1
93,-1,1047.71,507.4,140.73,207.81,67.3,-1,-1
93,-1,1387.05,496.76,93.39,132.19,64.9,-1,-1
93,-1,1260.65,496.53,77.54,143.75,61.0,-1,-1
94,-1,1385.99,497.46,92.98,132.27,64.0,-1,-1
94,-1,1047.69,507.49,142.08,207.31,58.0,-1,-1
94,-1,1260.04,496.53,78.19,144.16,50.6,-1,-1
95,-1,1045.55,507.71,145.24,211.52,63.3,-1,-1
95,-1,1386.02,497.39,92.83,131.8,61.2,-1,-1
95,-1,1259.51,497.76,79.17,144.56,58.1,-1,-1
96,-1,1260.26,498.5,78.11,145.21,69.8,-1,-1
96,-1,1045.86,507.55,144.72,211.12,63.6,-1,-1
96,-1,1387.27,498.67,91.84,130.49,61.6,-1,-1
97,-1,1260.81,497.95,77.64,146.96,77.2,-1,-1
97,-1,1386.14,501.97,93.05,128.1,63.3,-1,-1
97,-1,1045.98,507.5,144.96,211.86,58.5,-1,-1
98,-1,1260.66,497.94,77.77,147.46,76.3,-1,-1
98,-1,1385.18,501.86,94.52,128.4,63.6,-1,-1
98,-1,1046.12,507.5,144.83,211.79,58.6,-1,-1
99,-1,1260.19,497.92,78.46,148.4,82.9,-1,-1
99,-1,1386.4,501.96,94.62,130.03,66.6,-1,-1
99,-1,1047.27,508.67,144.36,209.63,55.7,-1,-1
100,-1,1258.33,499.58,81.25,146.88,77.7,-1,-1
100,-1,1384.81,503.39,93.6,127.98,66.1,-1,-1
100,-1,1048.29,510.06,143.62,208.71,64.4,-1,-1
101,-1,1259.1,500.11,80.52,147.0,77.5,-1,-1
101,-1,1384.08,504.84,93.76,128.11,69.4,-1,-1
101,-1,1049.01,510.54,142.82,209.85,64.3,-1,-1
102,-1,1261.59,501.84,76.85,144.9,80.1,-1,-1
102,-1,1383.63,504.52,92.95,130.1,71.8,-1,-1
102,-1,1051.93,514.99,139.68,205.47,63.7,-1,-1
103,-1,1262.48,502.46,75.76,144.05,82.9,-1,-1
103,-1,1383.34,504.0,93.32,131.28,70.7,-1,-1
103,-1,1053.02,515.25,139.49,204.71,66.0,-1,-1
104,-1,1262.78,502.31,75.08,143.87,81.4,-1,-1
104,-1,1383.24,504.17,93.4,130.89,70.3,-1,-1
104,-1,1053.15,515.31,139.42,204.49,63.3,-1,-1
105,-1,1261.57,503.06,77.23,141.96,79.0,-1,-1
105,-1,1385.11,505.13,91.72,130.2,67.2,-1,-1
105,-1,1054.48,515.98,137.31,202.97,53.5,-1,-1
106,-1,1263.56,504.04,77.31,144.34,72.3,-1,-1
106,-1,1384.55,505.34,91.81,130.95,66.2,-1,-1
106,-1,546.28,558.26,248.52,386.51,55.8,-1,-1
106,-1,1053.6,516.61,138.41,204.12,50.0,-1,-1
107,-1,1263.35,503.5,76.85,144.98,67.9,-1,-1
107,-1,1385.36,505.4,90.77,131.01,67.3,-1,-1
107,-1,1054.87,517.57,137.76,203.36,53.3,-1,-1
108,-1,1263.73,503.49,74.78,142.66,72.0,-1,-1
108,-1,1386.59,505.38,89.8,131.09,68.2,-1,-1
109,-1,1264.0,502.64,73.64,144.69,73.1,-1,-1
109,-1,1386.4,505.97,91.14,130.98,67.2,-1,-1
109,-1,535.85,562.53,262.01,385.91,51.2,-1,-1
110,-1,1263.84,502.77,73.56,144.15,71.7,-1,-1
110,-1,1386.53,505.92,91.59,131.0,66.4,-1,-1
110,-1,1054.61,519.85,139.4,206.52,51.2,-1,-1
111,-1,1386.24,507.31,91.81,131.37,71.8,-1,-1
111,-1,1055.55,522.41,138.29,205.76,62.7,-1,-1
111,-1,1261.92,505.15,75.15,142.97,58.5,-1,-1
112,-1,1387.05,508.12,89.46,132.3,73.3,-1,-1
112,-1,1056.9,522.94,138.03,206.6,63.2,-1,-1
113,-1,1387.74,508.74,89.49,132.06,74.5,-1,-1
113,-1,1058.48,524.17,135.63,205.69,61.8,-1,-1
114,-1,1386.94,508.71,90.83,132.08,74.9,-1,-1
114,-1,1060.38,525.27,135.0,206.29,64.5,-1,-1
115,-1,1385.66,509.29,92.64,132.16,75.2,-1,-1
115,-1,1263.55,510.21,71.65,143.99,70.7,-1,-1
115,-1,1059.41,527.32,135.88,204.72,57.8,-1,-1
116,-1,1386.27,509.25,91.86,132.41,75.5,-1,-1
116,-1,1263.96,509.61,70.97,144.17,69.9,-1,-1
116,-1,1059.38,527.37,135.82,204.53,53.6,-1,-1
117,-1,1385.35,511.36,92.47,130.52,73.6,-1,-1
117,-1,1264.66,511.72,69.27,141.34,61.4,-1,-1
117,-1,1061.44,527.46,135.87,205.68,52.6,-1,-1
118,-1,1384.44,511.29,92.51,131.74,74.4,-1,-1
118,-1,1060.7,528.63,136.89,206.39,62.4,-1,-1
118,-1,1264.5,511.74,70.26,141.56,57.7,-1,-1
119,-1,1385.99,511.6,90.58,132.79,75.3,-1,-1
119,-1,1263.56,511.23,68.34,143.94,68.2,-1,-1
119,-1,1062.25,528.5,134.78,206.14,54.1,-1,-1
120,-1,1386.41,512.2,90.42,132.38,76.0,-1,-1
120,-1,1263.21,511.34,70.62,146.54,72.8,-1,-1
120,-1,1060.77,529.62,138.71,206.36,55.5,-1,-1
121,-1,1384.68,514.13,91.95,131.06,75.5,-1,-1
121,-1,1263.58,512.25,70.44,146.77,70.7,-1,-1
121,-1,1059.37,530.44,139.35,206.42,56.1,-1,-1
122,-1,1384.55,514.24,92.2,131.03,74.9,-1,-1
122,-1,1263.51,512.24,70.58,146.84,70.4,-1,-1
122,-1,1059.41,530.37,139.45,206.18,55.9,-1,-1
123,-1,1386.12,514.73,89.89,131.28,73.9,-1,-1
123,-1,1262.83,512.54,68.82,145.97,62.5,-1,-1
123,-1,1059.17,530.76,141.07,209.0,50.5,-1,-1
124,-1,1386.89,515.52,89.22,131.5,75.7,-1,-1
124,-1,1058.84,530.91,142.08,209.74,63.3,-1,-1
124,-1,1262.98,512.85,68.66,146.44,60.0,-1,-1
125,-1,1386.0,516.48,89.5,130.75,78.3,-1,-1
125,-1,1060.08,534.12,140.24,206.92,72.2,-1,-1
125,-1,1259.74,513.18,74.05,149.7,60.8,-1,-1
126,-1,1386.39,516.69,88.88,131.14,79.5,-1,-1
126,-1,1062.33,535.56,137.42,207.02,71.8,-1,-1
126,-1,1258.44,513.9,75.32,148.51,67.5,-1,-1
127,-1,1385.13,517.12,89.85,129.62,77.0,-1,-1
127,-1,1256.36,514.52,75.79,148.64,69.5,-1,-1
127,-1,1061.91,535.21,138.41,208.15,67.4,-1,-1
127,-1,873.72,554.01,175.5,261.05,55.0,-1,-1
128,-1,1385.92,517.34,88.88,129.22,76.6,-1,-1
128,-1,1255.67,514.5,76.5,150.07,70.1,-1,-1
128,-1,1061.55,535.11,138.86,208.15,68.5,-1,-1
128,-1,874.03,553.77,175.11,261.08,53.5,-1,-1
129,-1,1386.07,517.74,89.09,129.15,77.7,-1,-1
129,-1,1060.7,537.6,140.61,207.08,73.9,-1,-1
129,-1,1254.4,515.34,77.03,150.28,70.2,-1,-1
130,-1,1384.86,517.9,89.12,130.18,78.7,-1,-1
130,-1,1255.7,516.61,73.96,150.6,69.8,-1,-1
130,-1,1061.54,539.21,140.91,204.73,66.9,-1,-1
131,-1,1386.12,517.81,86.15,133.64,80.1,-1,-1
131,-1,1256.37,516.78,72.47,148.93,68.1,-1,-1
131,-1,1063.04,539.77,140.73,203.64,59.4,-1,-1
132,-1,1386.84,518.59,85.75,131.72,79.8,-1,-1
132,-1,1262.85,519.7,62.51,143.89,68.4,-1,-1
132,-1,1063.12,540.03,140.47,203.65,61.8,-1,-1
132,-1,460.56,560.66,149.08,270.66,51.8,-1,-1
133,-1,1385.35,519.37,87.25,131.46,78.6,-1,-1
133,-1,1062.23,541.58,140.37,203.14,72.7,-1,-1
133,-1,1261.76,520.23,63.31,144.64,70.7,-1,-1
133,-1,458.91,561.27,151.97,270.67,58.4,-1,-1
134,-1,1385.57,519.41,87.05,131.34,78.6,-1,-1
134,-1,1062.37,541.38,139.99,203.02,72.7,-1,-1
134,-1,1261.84,520.17,63.3,144.66,69.0,-1,-1
134,-1,459.19,561.28,151.81,270.63,57.9,-1,-1
135,-1,1385.09,519.66,87.28,129.78,76.7,-1,-1
135,-1,1261.34,521.25,61.69,143.79,70.0,-1,-1
135,-1,1063.95,541.22,136.86,204.02,69.0,-1,-1
135,-1,459.33,560.05,153.7,273.42,59.9,-1,-1
136,-1,1384.64,519.83,88.54,132.66,76.6,-1,-1
136,-1,1260.85,521.15,61.94,144.0,71.9,-1,-1
136,-1,1064.95,541.66,136.44,202.83,64.1,-1,-1
137,-1,1383.84,519.19,87.79,130.96,78.8,-1,-1
137,-1,1260.72,522.6,62.94,141.91,69.0,-1,-1
137,-1,1065.72,541.19,136.09,203.21,62.5,-1,-1
138,-1,1383.9,520.3,88.21,131.22,76.0,-1,-1
138,-1,1065.5,541.93,135.2,202.64,65.0,-1,-1
138,-1,1260.63,523.36,63.27,141.4,64.3,-1,-1
139,-1,1384.75,520.36,86.0,131.83,77.9,-1,-1
139,-1,1065.14,543.1,137.13,201.6,71.7,-1,-1
139,-1,1260.9,524.96,62.65,140.12,60.2,-1,-1
139,-1,455.37,569.51,161.51,268.95,51.8,-1,-1
140,-1,1384.26,521.7,87.01,131.75,78.3,-1,-1
140,-1,1064.97,543.19,137.42,201.35,70.3,-1,-1
140,-1,1260.83,524.96,62.69,140.23,58.0,-1,-1
140,-1,455.16,569.28,162.0,269.78,51.7,-1,-1
141,-1,1383.81,520.55,86.83,132.07,77.4,-1,-1
141,-1,1064.07,544.47,139.0,199.67,63.9,-1,-1
141,-1,1260.65,525.35,61.16,141.74,63.6,-1,-1
141,-1,452.76,569.63,164.97,269.88,54.1,-1,-1
142,-1,1383.15,521.02,87.15,132.75,80.2,-1,-1
142,-1,1065.06,544.77,138.96,200.41,65.4,-1,-1
142,-1,1260.38,525.87,62.58,142.23,64.4,-1,-1
142,-1,596.26,594.16,236.73,380.27,50.5,-1,-1
143,-1,1382.52,520.84,87.98,132.69,81.3,-1,-1
143,-1,1064.68,544.46,139.79,200.94,66.4,-1,-1
143,-1,1260.1,525.79,63.18,142.46,64.5,-1,-1
144,-1,1382.92,523.89,87.93,132.45,79.8,-1,-1
144,-1,1065.36,545.91,138.45,199.23,63.6,-1,-1
144,-1,1259.6,525.72,63.98,142.55,60.9,-1,-1
145,-1,1381.73,520.72,88.78,132.5,81.8,-1,-1
145,-1,1065.57,547.38,138.0,198.97,67.9,-1,-1
145,-1,1259.04,525.91,64.86,142.13,66.1,-1,-1
146,-1,1381.81,521.57,89.15,131.86,81.7,-1,-1
146,-1,1259.15,526.57,63.19,140.89,68.5,-1,-1
146,-1,1064.97,548.0,138.07,198.69,66.7,-1,-1
147,-1,1381.49,524.62,89.78,128.59,86.1,-1,-1
147,-1,1064.28,548.79,138.81,197.9,69.5,-1,-1
147,-1,1259.31,528.39,59.63,142.6,68.5,-1,-1
147,-1,451.59,575.38,172.62,264.19,54.8,-1,-1
148,-1,1381.31,525.28,89.59,128.06,86.9,-1,-1
148,-1,1066.13,550.52,137.11,195.94,70.0,-1,-1
148,-1,1258.8,527.04,60.19,143.35,63.3,-1,-1
148,-1,450.72,575.9,174.86,264.83,56.9,-1,-1
149,-1,1381.53,525.18,89.25,127.99,87.7,-1,-1
149,-1,1066.28,550.53,136.98,195.96,70.0,-1,-1
149,-1,1258.81,527.02,60.29,143.36,63.0,-1,-1
149,-1,450.51,576.01,175.0,264.27,57.8,-1,-1
150,-1,1382.27,525.32,88.34,127.95,85.3,-1,-1
150,-1,1066.62,550.55,137.45,196.03,67.4,-1,-1
150,-1,1257.46,527.45,61.29,143.42,57.7,-1,-1
150,-1,449.58,575.5,178.49,266.12,51.6,-1,-1
151,-1,1381.5,524.95,87.73,127.98,84.5,-1,-1
151,-1,1066.56,551.64,137.21,196.99,58.9,-1,-1
152,-1,1381.49,524.75,86.44,129.14,82.5,-1,-1
152,-1,1066.15,551.74,137.84,197.32,62.7,-1,-1
152,-1,1254.88,527.62,62.22,143.79,53.3,-1,-1
153,-1,1381.85,524.38,85.72,129.87,81.3,-1,-1
153,-1,1066.17,552.06,138.93,196.84,62.2,-1,-1
154,-1,1381.71,524.43,85.32,129.41,82.2,-1,-1
154,-1,1065.2,551.85,140.29,196.97,61.2,-1,-1
155,-1,1381.87,524.16,85.55,129.67,83.0,-1,-1
155,-1,1065.26,551.86,140.47,197.11,61.3,-1,-1
156,-1,1381.74,523.81,86.35,129.78,80.7,-1,-1
156,-1,1066.1,552.82,138.53,196.05,60.1,-1,-1
157,-1,1381.37,524.33,86.92,129.1,82.5,-1,-1
157,-1,1065.38,552.89,139.84,195.63,60.3,-1,-1
158,-1,1380.39,524.3,87.97,129.3,83.1,-1,-1
158,-1,1065.59,552.86,140.3,198.04,57.1,-1,-1
159,-1,1380.29,524.82,87.24,128.64,81.8,-1,-1
159,-1,1067.5,553.09,137.68,196.76,63.1,-1,-1
160,-1,1380.6,525.25,87.59,128.33,79.9,-1,-1
160,-1,1067.76,553.45,137.92,198.7,63.2,-1,-1
161,-1,1380.62,525.25,87.57,128.33,79.9,-1,-1
161,-1,1067.83,553.4,137.87,198.73,62.7,-1,-1
162,-1,1380.88,525.63,87.15,128.16,79.5,-1,-1
162,-1,1068.18,553.01,137.24,201.5,68.6,-1,-1
163,-1,1380.19,525.4,87.82,128.45,78.6,-1,-1
163,-1,1065.22,552.98,139.99,202.08,65.5,-1,-1
164,-1,1379.56,525.61,88.12,128.53,76.7,-1,-1
164,-1,1066.69,552.38,138.63,197.46,65.4,-1,-1
165,-1,1379.93,525.28,87.05,128.77,78.2,-1,-1
165,-1,1066.78,552.58,137.37,193.59,67.5,-1,-1
166,-1,1378.65,524.97,88.53,129.48,78.0,-1,-1
166,-1,1069.24,553.17,134.81,195.66,74.1,-1,-1
167,-1,1378.33,524.95,89.18,129.6,77.9,-1,-1
167,-1,1069.58,553.21,134.55,195.66,74.9,-1,-1
168,-1,1377.35,525.0,89.42,129.73,77.5,-1,-1
168,-1,1068.96,553.05,135.43,195.17,69.8,-1,-1
169,-1,1377.17,525.88,89.28,128.84,77.2,-1,-1
169,-1,1070.08,552.68,134.34,196.56,70.0,-1,-1
170,-1,1377.39,526.47,88.8,127.88,80.4,-1,-1
170,-1,1069.81,552.82,135.28,194.72,65.9,-1,-1
171,-1,1378.14,526.37,88.34,127.37,81.3,-1,-1
171,-1,1069.54,552.58,135.29,195.14,62.8,-1,-1
172,-1,1377.53,526.33,86.89,127.25,79.7,-1,-1
172,-1,1069.79,552.54,134.95,194.3,69.5,-1,-1
173,-1,1377.49,526.28,86.62,127.27,79.7,-1,-1
173,-1,1069.33,552.59,135.45,194.43,68.7,-1,-1
174,-1,1378.43,526.17,85.11,127.09,80.1,-1,-1
174,-1,1070.38,551.27,134.1,194.56,70.6,-1,-1
175,-1,1377.18,525.68,84.17,127.62,77.7,-1,-1
175,-1,1071.26,551.63,132.37,194.2,69.0,-1,-1
176,-1,1377.0,525.73,84.46,126.85,76.5,-1,-1
176,-1,1071.72,551.17,131.22,195.98,72.0,-1,-1
177,-1,1376.77,526.58,84.01,126.45,76.9,-1,-1
177,-1,1069.77,552.12,134.18,194.09,66.9,-1,-1
178,-1,1376.59,526.72,84.37,126.45,77.0,-1,-1
178,-1,1069.77,552.43,134.15,193.67,61.7,-1,-1
179,-1,1376.14,526.71,84.79,126.75,77.5,-1,-1
179,-1,1069.44,552.45,134.46,193.68,63.4,-1,-1
180,-1,1375.69,527.44,84.86,126.59,78.5,-1,-1
180,-1,1069.84,552.45,134.0,193.8,64.5,-1,-1
181,-1,1375.25,527.24,85.44,127.26,80.0,-1,-1
181,-1,1070.03,552.56,134.74,194.06,66.6,-1,-1
182,-1,1374.74,527.7,85.05,127.13,78.2,-1,-1
182,-1,1073.1,552.64,131.73,194.82,70.6,-1,-1
183,-1,1073.48,552.82,131.53,196.76,73.7,-1,-1
183,-1,1374.49,527.76,83.91,127.19,73.4,-1,-1
183,-1,496.58,578.94,160.26,258.84,55.6,-1,-1
184,-1,1373.71,527.77,84.84,126.3,74.8,-1,-1
184,-1,1073.04,553.08,131.47,198.52,74.0,-1,-1
184,-1,493.61,578.47,166.16,259.04,67.2,-1,-1
184,-1,649.67,560.05,223.35,414.04,53.7,-1,-1
185,-1,1373.89,527.75,84.62,126.61,74.7,-1,-1
185,-1,1073.3,553.11,131.23,198.49,73.7,-1,-1
185,-1,493.55,578.56,166.41,259.33,64.6,-1,-1
185,-1,648.9,560.3,224.09,413.71,57.4,-1,-1
186,-1,1074.36,553.08,129.96,197.79,73.5,-1,-1
186,-1,1372.14,527.59,85.91,127.0,71.3,-1,-1
186,-1,648.67,559.21,223.57,413.53,66.6,-1,-1
186,-1,494.75,577.56,165.24,259.69,62.3,-1,-1
187,-1,1372.01,527.32,85.18,127.01,74.8,-1,-1
187,-1,652.17,559.03,219.91,413.26,72.8,-1,-1
187,-1,1074.1,552.96,129.96,196.71,72.3,-1,-1
187,-1,498.74,577.94,162.62,257.74,65.5,-1,-1
188,-1,1073.47,553.15,130.88,198.93,74.2,-1,-1
188,-1,1371.75,527.38,85.72,127.23,72.9,-1,-1
188,-1,655.24,559.66,216.74,411.04,68.2,-1,-1
188,-1,496.56,577.59,165.07,259.47,61.8,-1,-1
189,-1,1071.89,551.73,130.71,197.58,74.0,-1,-1
189,-1,1371.68,529.37,81.23,125.43,74.0,-1,-1
189,-1,654.8,560.76,216.67,412.09,57.8,-1,-1
190,-1,1365.56,528.63,80.96,123.67,79.4,-1,-1
190,-1,1066.56,550.76,131.8,196.72,72.0,-1,-1
190,-1,498.33,579.77,158.45,256.68,63.1,-1,-1
191,-1,1365.43,528.54,81.11,124.02,80.1,-1,-1
191,-1,1066.4,550.91,132.1,197.63,73.4,-1,-1
191,-1,497.72,579.62,158.88,256.54,64.9,-1,-1
192,-1,1357.08,527.6,82.51,124.57,79.9,-1,-1
192,-1,1066.45,550.54,122.57,194.7,71.0,-1,-1
193,-1,1349.32,529.06,81.58,123.62,78.5,-1,-1
193,-1,1058.48,553.0,122.57,192.24,64.7,-1,-1
193,-1,1206.44,532.83,63.88,139.73,58.9,-1,-1
194,-1,1337.42,526.45,82.63,125.86,82.3,-1,-1
194,-1,1045.43,550.71,125.96,193.69,63.1,-1,-1
195,-1,1327.63,526.98,85.49,124.31,77.0,-1,-1
195,-1,1041.05,550.91,122.86,196.47,76.2,-1,-1
196,-1,1320.86,528.04,83.06,124.21,73.9,-1,-1
196,-1,1034.15,552.53,123.48,194.8,70.0,-1,-1
196,-1,614.65,560.28,219.73,406.69,55.5,-1,-1
197,-1,1321.95,528.68,81.65,124.31,74.4,-1,-1
197,-1,1033.86,552.42,124.06,195.17,69.7,-1,-1
197,-1,614.58,560.34,219.98,406.88,58.8,-1,-1
198,-1,1313.81,528.01,82.53,123.17,80.6,-1,-1
198,-1,1028.84,551.47,125.0,194.38,77.9,-1,-1
198,-1,612.54,561.41,215.65,404.73,61.3,-1,-1
198,-1,457.07,573.21,162.41,261.8,52.8,-1,-1
199,-1,1024.81,551.58,126.92,198.03,78.9,-1,-1
199,-1,1309.07,528.87,86.41,120.51,78.7,-1,-1
200,-1,1025.02,551.16,125.54,192.02,80.9,-1,-1
200,-1,1308.06,528.95,86.47,120.1,76.0,-1,-1
200,-1,606.98,561.3,221.61,403.85,53.8,-1,-1
200,-1,458.61,572.66,159.72,264.27,51.4,-1,-1
201,-1,1023.08,550.74,128.54,195.23,78.0,-1,-1
201,-1,1307.88,529.19,86.37,120.53,77.2,-1,-1
201,-1,463.61,576.78,153.08,262.53,55.5,-1,-1
202,-1,1026.12,550.74,124.64,190.06,78.9,-1,-1
202,-1,1308.52,529.25,85.75,119.7,76.4,-1,-1
202,-1,443.47,576.2,174.13,261.59,60.5,-1,-1
203,-1,1026.4,550.64,124.54,190.3,79.0,-1,-1
203,-1,1308.43,529.27,85.81,119.64,76.6,-1,-1
203,-1,448.95,576.17,168.82,262.01,62.7,-1,-1
204,-1,1027.09,551.52,124.17,188.9,78.9,-1,-1
204,-1,1308.13,529.25,84.71,119.12,74.7,-1,-1
204,-1,458.94,576.35,158.83,260.95,63.1,-1,-1
205,-1,1027.92,551.28,123.78,187.61,75.7,-1,-1
205,-1,1308.14,528.93,83.76,119.19,75.5,-1,-1
205,-1,461.85,577.01,157.54,259.28,64.3,-1,-1
205,-1,1165.39,534.48,64.72,138.17,51.3,-1,-1
206,-1,1027.82,551.56,124.49,187.6,76.3,-1,-1
206,-1,1308.49,529.32,83.49,118.07,74.3,-1,-1
206,-1,456.9,576.71,165.49,260.5,60.0,-1,-1
206,-1,1164.46,533.9,64.91,138.42,53.0,-1,-1
207,-1,1027.8,551.69,124.07,187.31,77.1,-1,-1
207,-1,1308.97,529.43,81.82,117.24,75.4,-1,-1
207,-1,434.88,576.92,190.31,260.62,62.5,-1,-1
208,-1,1309.19,529.05,81.04,117.87,76.4,-1,-1
208,-1,1028.97,552.33,122.93,186.95,75.0,-1,-1
208,-1,430.27,577.72,196.32,257.63,58.2,-1,-1
209,-1,1309.16,529.52,81.81,117.03,76.7,-1,-1
209,-1,1028.61,552.05,123.82,186.1,71.8,-1,-1
209,-1,429.43,576.91,197.01,259.58,54.9,-1,-1
210,-1,1310.2,527.62,79.84,119.51,76.3,-1,-1
210,-1,1028.65,551.96,123.77,185.99,74.0,-1,-1
211,-1,1309.83,529.14,78.98,117.49,77.2,-1,-1
211,-1,1029.28,551.48,123.47,186.79,72.2,-1,-1
212,-1,1309.21,528.84,80.22,117.72,77.4,-1,-1
212,-1,1028.64,551.49,124.45,186.04,72.7,-1,-1
213,-1,1308.67,528.68,78.05,117.76,79.2,-1,-1
213,-1,1029.43,551.88,123.7,185.92,74.4,-1,-1
213,-1,1162.11,535.25,63.64,136.04,50.1,-1,-1
214,-1,1308.52,528.64,77.97,118.19,79.5,-1,-1
214,-1,1028.65,551.92,124.25,187.71,79.0,-1,-1
214,-1,639.41,558.25,203.09,396.89,50.4,-1,-1
215,-1,1308.56,528.62,77.94,118.18,79.6,-1,-1
215,-1,1028.42,551.9,124.47,187.78,79.1,-1,-1
215,-1,638.86,558.34,203.78,397.11,50.5,-1,-1
216,-1,1028.39,551.71,123.77,189.81,80.7,-1,-1
216,-1,1308.97,528.5,77.86,117.6,78.0,-1,-1
216,-1,1161.52,535.74,62.43,135.62,52.3,-1,-1
217,-1,1028.24,551.22,123.24,187.38,79.5,-1,-1
217,-1,1307.89,528.54,78.56,117.71,78.6,-1,-1
218,-1,1307.56,528.57,78.45,118.59,79.9,-1,-1
218,-1,1027.43,550.9,124.31,185.24,77.1,-1,-1
218,-1,640.65,557.7,208.42,397.44,50.7,-1,-1
218,-1,415.06,580.53,218.09,254.95,50.5,-1,-1
219,-1,1307.67,528.67,78.41,118.86,80.6,-1,-1
219,-1,1024.0,550.96,128.34,184.41,76.6,-1,-1
219,-1,642.68,558.52,205.0,395.75,59.1,-1,-1
219,-1,419.79,580.88,215.75,254.97,56.5,-1,-1
220,-1,1307.55,528.16,79.7,118.84,80.6,-1,-1
220,-1,1024.02,550.65,127.73,183.57,73.9,-1,-1
220,-1,412.63,577.97,223.84,255.99,56.7,-1,-1
220,-1,647.78,558.73,202.53,396.66,53.9,-1,-1
221,-1,1307.63,528.23,79.36,118.7,80.4,-1,-1
221,-1,1023.8,550.59,128.03,183.3,72.9,-1,-1
221,-1,412.59,577.57,223.78,255.91,57.2,-1,-1
221,-1,647.14,558.57,203.03,396.82,56.0,-1,-1
222,-1,1308.09,528.23,78.62,119.3,80.7,-1,-1
222,-1,1021.91,550.09,129.91,182.88,71.1,-1,-1
222,-1,1159.51,534.39,62.19,137.94,51.3,-1,-1
222,-1,651.75,560.11,201.38,395.99,50.2,-1,-1
223,-1,1307.17,528.06,79.69,119.35,81.2,-1,-1
223,-1,1023.33,549.51,129.0,183.44,72.8,-1,-1
224,-1,1308.09,527.98,78.45,118.95,81.2,-1,-1
224,-1,1020.67,548.93,131.87,186.83,73.8,-1,-1
224,-1,466.26,576.95,175.33,254.73,57.4,-1,-1
224,-1,1158.93,534.66,63.54,137.47,51.5,-1,-1
225,-1,1307.92,527.82,78.41,119.55,80.9,-1,-1
225,-1,1022.17,549.04,131.18,185.63,71.9,-1,-1
225,-1,1158.95,534.6,64.53,137.7,53.3,-1,-1
226,-1,1307.99,527.43,78.47,120.03,80.1,-1,-1
226,-1,1024.81,548.14,128.42,185.44,70.1,-1,-1
226,-1,1159.19,534.58,64.1,137.36,55.3,-1,-1
227,-1,1307.42,527.48,79.1,120.32,80.3,-1,-1
227,-1,1024.79,548.1,128.46,185.44,71.0,-1,-1
227,-1,1159.17,534.58,64.14,137.52,55.7,-1,-1
228,-1,1307.92,528.03,77.74,119.25,77.2,-1,-1
228,-1,1018.76,547.53,134.61,186.79,66.5,-1,-1
228,-1,1158.29,534.5,65.0,136.21,51.8,-1,-1
229,-1,1307.66,528.02,78.5,120.81,79.3,-1,-1
229,-1,1015.27,546.88,138.34,191.49,67.5,-1,-1
229,-1,658.01,558.8,210.87,390.69,53.9,-1,-1
229,-1,1158.63,534.51,64.23,136.31,52.9,-1,-1
230,-1,1306.97,527.88,79.37,120.81,79.4,-1,-1
230,-1,1016.35,547.71,137.51,192.88,68.7,-1,-1
230,-1,1158.21,534.17,64.28,136.35,51.5,-1,-1
230,-1,658.52,558.63,211.16,388.85,50.8,-1,-1
231,-1,1306.6,527.73,79.84,118.54,78.4,-1,-1
231,-1,1019.9,547.9,133.88,190.59,68.4,-1,-1
231,-1,661.08,559.35,208.12,389.2,64.5,-1,-1
231,-1,1158.49,536.0,64.6,136.09,51.7,-1,-1
232,-1,1307.32,528.07,79.35,118.37,77.5,-1,-1
232,-1,660.62,557.73,211.11,392.14,64.9,-1,-1
232,-1,1018.99,548.06,135.7,192.09,61.6,-1,-1
233,-1,1307.47,528.04,79.58,118.75,77.9,-1,-1
233,-1,660.9,557.8,210.9,392.34,64.7,-1,-1
233,-1,1019.55,548.13,135.03,195.96,63.9,-1,-1
234,-1,1306.94,527.98,79.67,118.03,77.1,-1,-1
234,-1,660.37,559.83,213.9,386.05,60.5,-1,-1
234,-1,1024.21,548.54,130.86,186.84,53.9,-1,-1
234,-1,1158.27,536.35,65.36,136.12,52.1,-1,-1
235,-1,1308.01,528.02,78.66,116.77,76.1,-1,-1
235,-1,660.02,559.5,214.3,385.63,63.7,-1,-1
235,-1,1158.24,536.29,65.84,136.64,53.5,-1,-1
235,-1,1025.96,547.59,129.29,183.6,53.5,-1,-1
236,-1,1308.17,528.33,79.09,117.11,76.1,-1,-1
236,-1,660.91,558.97,219.25,382.99,70.4,-1,-1
236,-1,1158.2,536.2,66.05,136.23,57.3,-1,-1
236,-1,1029.63,547.49,126.85,183.37,51.8,-1,-1
237,-1,1308.09,528.25,78.42,117.7,76.1,-1,-1
237,-1,667.52,560.13,216.29,379.38,68.6,-1,-1
237,-1,1158.17,536.29,65.07,135.02,58.4,-1,-1
238,-1,1308.14,528.33,78.5,118.11,76.3,-1,-1
238,-1,669.54,558.95,214.72,379.02,66.5,-1,-1
238,-1,1158.1,536.4,64.87,135.53,59.4,-1,-1
238,-1,1030.51,546.53,126.89,185.99,52.3,-1,-1
239,-1,1308.23,528.27,78.43,117.83,76.1,-1,-1
239,-1,668.96,558.83,215.36,378.87,64.9,-1,-1
239,-1,1158.16,536.35,64.52,135.52,58.9,-1,-1
239,-1,1031.04,546.5,126.21,185.49,51.7,-1,-1
240,-1,1308.12,528.3,78.55,118.02,76.4,-1,-1
240,-1,669.19,558.86,215.18,379.01,64.4,-1,-1
240,-1,1158.15,536.32,64.68,135.59,59.2,-1,-1
240,-1,1031.0,546.5,126.19,185.81,52.2,-1,-1
241,-1,1308.36,528.3,78.19,118.12,76.3,-1,-1
241,-1,669.72,558.81,214.66,379.07,65.1,-1,-1
241,-1,1158.16,536.32,64.94,135.57,59.2,-1,-1
241,-1,1031.29,546.35,125.92,185.72,52.2,-1,-1
242,-1,1308.41,528.3,78.13,118.09,76.1,-1,-1
242,-1,670.24,558.84,214.15,378.86,65.2,-1,-1
242,-1,1158.15,536.36,64.97,135.58,59.3,-1,-1
242,-1,1030.75,546.33,126.46,185.84,52.5,-1,-1
243,-1,1307.93,528.28,78.6,118.45,76.5,-1,-1
243,-1,668.46,559.94,216.33,378.86,68.9,-1,-1
243,-1,1158.2,536.41,64.53,135.46,58.8,-1,-1
243,-1,1030.48,546.34,127.01,185.74,51.1,-1,-1
244,-1,1307.96,528.31,78.67,118.51,76.9,-1,-1
244,-1,669.02,560.01,215.93,378.78,69.3,-1,-1
244,-1,1158.11,536.31,64.45,135.71,58.3,-1,-1
244,-1,1030.12,546.33,127.35,186.04,51.1,-1,-1
245,-1,1308.16,528.31,78.34,118.7,76.7,-1,-1
245,-1,668.94,560.04,216.07,378.71,69.1,-1,-1
245,-1,1158.18,536.36,64.36,135.64,57.9,-1,-1
245,-1,1030.13,546.35,127.33,186.03,51.0,-1,-1
246,-1,1308.29,528.3,78.36,118.38,76.5,-1,-1
246,-1,668.78,559.98,216.32,378.79,69.5,-1,-1
246,-1,1158.21,536.4,64.22,135.5,57.2,-1,-1
246,-1,1030.0,546.36,127.43,186.27,51.3,-1,-1
247,-1,1308.29,528.32,78.32,118.43,76.4,-1,-1
247,-1,669.98,558.92,215.02,378.79,69.8,-1,-1
247,-1,1158.2,536.39,64.31,135.6,57.8,-1,-1
247,-1,1030.18,546.32,127.26,186.04,51.2,-1,-1
248,-1,1307.86,528.35,78.66,118.44,76.6,-1,-1
248,-1,670.04,558.94,214.88,378.74,68.5,-1,-1
248,-1,1158.25,536.47,64.04,135.48,58.5,-1,-1
248,-1,1029.81,546.48,127.67,186.08,51.0,-1,-1
249,-1,1307.4,528.28,78.64,119.05,77.3,-1,-1
249,-1,670.22,559.06,214.96,378.88,69.4,-1,-1
249,-1,1158.23,536.38,64.45,135.45,59.3,-1,-1
249,-1,1030.84,546.76,126.6,185.73,52.1,-1,-1
250,-1,1307.39,528.27,78.7,119.13,77.3,-1,-1
250,-1,670.4,559.11,215.05,378.68,69.9,-1,-1
250,-1,1158.22,536.42,64.52,135.38,59.0,-1,-1
250,-1,1030.98,546.75,126.54,185.69,52.0,-1,-1
251,-1,1307.39,528.26,78.69,119.19,77.3,-1,-1
251,-1,670.5,559.11,214.97,378.68,69.8,-1,-1
251,-1,1158.22,536.42,64.53,135.41,59.2,-1,-1
251,-1,1031.01,546.75,126.5,185.61,52.0,-1,-1
252,-1,1307.39,528.26,78.69,119.17,77.3,-1,-1
252,-1,670.45,559.12,215.03,378.62,69.5,-1,-1
252,-1,1158.22,536.38,64.54,135.45,59.2,-1,-1
252,-1,1031.05,546.76,126.39,185.58,52.0,-1,-1
253,-1,1217.77,527.43,74.76,116.98,78.1,-1,-1
253,-1,970.66,551.19,104.24,179.97,69.5,-1,-1
254,-1,1217.92,526.72,74.67,118.15,76.1,-1,-1
254,-1,970.08,551.62,104.94,179.5,69.5,-1,-1
255,-1,1206.94,527.48,72.59,112.81,69.5,-1,-1
256,-1,1198.47,531.6,69.14,105.88,76.4,-1,-1
257,-1,1189.53,533.22,65.39,103.18,60.6,-1,-1
258,-1,1176.18,528.6,66.76,107.21,70.0,-1,-1
258,-1,376.27,578.22,177.2,246.07,59.3,-1,-1
258,-1,925.87,551.89,108.52,171.48,52.1,-1,-1
259,-1,1165.49,527.98,71.85,111.25,75.9,-1,-1
259,-1,1017.54,538.33,68.62,135.91,53.3,-1,-1
259,-1,924.52,551.98,101.66,174.74,51.5,-1,-1
260,-1,1165.45,528.14,71.85,111.28,76.5,-1,-1
260,-1,1017.44,538.27,68.63,136.1,53.1,-1,-1
260,-1,924.61,551.99,101.57,174.86,51.2,-1,-1
261,-1,1156.38,528.75,73.98,110.21,76.6,-1,-1
261,-1,555.54,563.46,223.45,375.84,69.3,-1,-1
261,-1,1008.44,537.71,71.98,133.17,52.6,-1,-1
262,-1,1150.71,527.52,69.2,109.73,72.8,-1,-1
262,-1,554.13,563.4,222.04,378.01,53.7,-1,-1
262,-1,1001.56,539.12,70.78,133.05,53.4,-1,-1
262,-1,899.97,549.9,109.97,179.31,52.7,-1,-1
263,-1,540.12,562.76,228.35,379.06,60.0,-1,-1
263,-1,1143.11,529.01,66.18,105.35,58.0,-1,-1
263,-1,893.35,550.91,113.31,174.99,55.7,-1,-1
263,-1,993.35,536.71,68.39,132.74,52.2,-1,-1
264,-1,1133.51,528.82,71.35,105.9,66.1,-1,-1
265,-1,1121.55,527.94,73.53,111.02,78.9,-1,-1
266,-1,1121.68,527.91,72.93,111.02,79.4,-1,-1
267,-1,1112.63,526.06,71.76,111.15,73.5,-1,-1
268,-1,1105.07,524.05,69.89,113.32,67.2,-1,-1
269,-1,1095.56,526.09,71.6,110.3,72.3,-1,-1
269,-1,511.78,565.16,219.67,375.08,56.0,-1,-1
269,-1,855.91,550.4,105.1,172.37,51.3,-1,-1
270,-1,1089.57,525.95,72.3,110.16,68.4,-1,-1
270,-1,508.01,565.4,219.11,373.41,53.4,-1,-1
270,-1,846.18,549.17,111.48,171.72,52.6,-1,-1
271,-1,1086.32,526.22,73.48,112.3,75.0,-1,-1
271,-1,845.14,549.59,111.92,171.15,55.6,-1,-1
271,-1,513.83,569.43,212.43,371.01,54.9,-1,-1
271,-1,936.95,537.06,75.32,136.52,51.1,-1,-1
272,-1,1086.09,526.16,73.92,112.26,72.1,-1,-1
272,-1,844.6,549.76,112.13,171.91,58.1,-1,-1
272,-1,514.92,569.81,211.19,370.62,56.6,-1,-1
272,-1,937.89,536.72,73.72,134.76,50.1,-1,-1
273,-1,1088.63,526.1,71.54,110.09,68.8,-1,-1
273,-1,847.13,549.26,110.46,171.83,57.4,-1,-1
273,-1,940.99,535.3,71.12,133.32,53.3,-1,-1
274,-1,1090.63,525.43,70.13,110.04,63.5,-1,-1
274,-1,526.74,565.04,203.86,372.25,57.4,-1,-1
274,-1,849.45,547.81,108.31,174.34,54.4,-1,-1
274,-1,943.31,534.08,70.6,133.16,54.3,-1,-1
275,-1,1091.73,525.88,69.24,109.49,59.3,-1,-1
275,-1,526.94,564.23,212.09,372.53,56.3,-1,-1
275,-1,944.2,533.97,70.71,135.86,53.5,-1,-1
275,-1,850.48,548.25,108.15,173.24,52.4,-1,-1
276,-1,1092.21,526.41,69.83,109.24,68.6,-1,-1
276,-1,853.61,548.11,106.76,174.54,58.6,-1,-1
277,-1,1092.55,526.72,72.1,109.55,73.7,-1,-1
277,-1,857.16,549.72,104.83,173.99,59.0,-1,-1
278,-1,1092.57,526.58,72.3,109.71,73.2,-1,-1
278,-1,857.45,549.61,104.55,173.78,58.3,-1,-1
279,-1,1093.24,526.18,72.55,110.7,68.0,-1,-1
279,-1,857.08,548.57,105.67,173.43,53.7,-1,-1
280,-1,1094.49,525.4,72.21,111.22,60.8,-1,-1
280,-1,857.54,547.99,106.06,175.69,59.8,-1,-1
281,-1,1094.44,525.36,72.25,111.19,60.7,-1,-1
281,-1,857.58,547.93,106.01,175.38,59.9,-1,-1
282,-1,1095.5,524.9,71.55,111.62,60.5,-1,-1
282,-1,856.68,549.72,107.73,172.72,55.2,-1,-1
283,-1,1093.53,525.82,75.71,112.28,70.9,-1,-1
283,-1,860.75,550.71,105.75,173.69,54.4,-1,-1
284,-1,1093.53,525.52,76.52,113.29,75.6,-1,-1
285,-1,1093.14,525.85,77.37,113.28,71.8,-1,-1
286,-1,1096.2,525.44,75.62,112.7,70.5,-1,-1
287,-1,1096.26,525.52,76.11,112.5,74.0,-1,-1
288,-1,1098.4,525.46,74.46,112.49,73.4,-1,-1
288,-1,872.37,552.23,103.32,168.63,51.5,-1,-1
289,-1,1099.54,525.45,73.3,112.35,68.9,-1,-1
290,-1,1101.18,526.21,71.85,110.65,63.4,-1,-1
291,-1,1102.97,526.9,71.83,109.94,66.5,-1,-1
291,-1,568.23,584.54,211.58,350.57,61.1,-1,-1
292,-1,1102.56,527.8,73.74,108.46,68.4,-1,-1
293,-1,1102.12,527.76,74.1,108.29,68.1,-1,-1
294,-1,1102.95,528.22,75.55,108.27,70.4,-1,-1
294,-1,577.47,578.35,205.16,356.0,52.9,-1,-1
295,-1,1100.94,527.99,80.18,110.69,72.6,-1,-1
295,-1,879.44,554.26,102.02,166.01,52.0,-1,-1
296,-1,1100.22,527.49,81.55,111.8,73.8,-1,-1
296,-1,877.28,553.27,106.41,168.35,62.0,-1,-1
297,-1,1098.93,527.51,82.97,113.24,74.2,-1,-1
297,-1,877.44,553.53,105.74,168.46,60.0,-1,-1
298,-1,1099.18,526.81,74.84,111.03,65.6,-1,-1
299,-1,1099.39,526.7,74.81,111.13,64.8,-1,-1
300,-1,1096.86,525.53,72.62,110.63,73.6,-1,-1
301,-1,1093.32,525.88,73.18,111.52,53.5,-1,-1
303,-1,1089.32,525.0,70.48,111.75,51.8,-1,-1
304,-1,1080.2,525.49,78.65,117.31,71.5,-1,-1
304,-1,860.27,552.25,103.25,167.43,55.7,-1,-1
304,-1,574.03,622.3,206.68,305.96,52.6,-1,-1
305,-1,1078.7,526.0,72.44,109.7,67.9,-1,-1
305,-1,860.43,551.47,100.05,166.8,57.6,-1,-1
305,-1,570.5,622.69,205.37,304.49,56.2,-1,-1
305,-1,755.46,578.78,119.17,208.92,52.6,-1,-1
306,-1,1072.73,524.53,74.47,112.53,70.7,-1,-1
306,-1,568.05,617.2,207.27,309.94,62.4,-1,-1
306,-1,853.76,550.88,106.09,167.38,62.2,-1,-1
306,-1,753.56,578.83,119.07,207.06,62.1,-1,-1
307,-1,1069.25,524.24,76.25,112.09,67.5,-1,-1
307,-1,566.54,616.91,208.28,309.19,60.5,-1,-1
307,-1,751.73,579.02,119.35,204.39,60.2,-1,-1
307,-1,853.33,551.05,106.52,163.85,54.3,-1,-1
308,-1,1068.85,524.28,76.88,112.29,67.6,-1,-1
308,-1,566.67,617.39,208.15,308.67,60.4,-1,-1
308,-1,751.84,579.15,118.94,204.03,60.2,-1,-1
308,-1,853.67,551.11,106.17,163.83,55.2,-1,-1
309,-1,562.95,616.0,211.55,309.44,68.8,-1,-1
309,-1,1070.16,524.81,71.76,110.15,60.0,-1,-1
309,-1,749.12,579.93,119.2,201.15,52.2,-1,-1
310,-1,564.32,616.45,210.57,307.23,60.9,-1,-1
310,-1,1062.8,525.53,79.66,111.79,56.7,-1,-1
310,-1,748.88,579.61,117.66,198.26,51.3,-1,-1
311,-1,562.61,617.42,212.88,306.14,58.1,-1,-1
311,-1,1061.72,525.6,79.54,111.37,53.3,-1,-1
311,-1,748.03,578.7,118.46,199.65,50.3,-1,-1
312,-1,1060.38,524.77,78.92,113.99,64.9,-1,-1
312,-1,745.43,581.11,121.45,204.01,54.2,-1,-1
313,-1,1058.81,522.92,77.53,117.26,67.0,-1,-1
313,-1,743.72,579.12,121.52,206.8,61.0,-1,-1
313,-1,924.34,537.83,71.38,123.5,50.5,-1,-1
314,-1,1058.63,522.95,77.72,117.18,68.4,-1,-1
314,-1,744.42,581.04,120.77,204.65,58.3,-1,-1
315,-1,1055.54,522.23,78.98,119.17,75.1,-1,-1
315,-1,570.16,616.16,205.65,302.18,51.6,-1,-1
316,-1,1052.75,524.24,78.72,113.46,68.5,-1,-1
316,-1,566.41,614.51,206.88,306.08,55.8,-1,-1
317,-1,1052.6,523.33,71.1,110.47,55.7,-1,-1
318,-1,836.19,552.13,102.84,164.29,59.0,-1,-1
319,-1,833.63,552.2,103.38,164.61,57.5,-1,-1
320,-1,834.24,552.12,103.15,164.75,57.5,-1,-1
321,-1,1045.07,523.82,67.92,108.67,55.6,-1,-1
321,-1,833.26,552.88,101.29,163.93,54.4,-1,-1
322,-1,831.73,552.47,101.47,164.96,52.1,-1,-1
323,-1,1034.94,520.74,74.82,116.59,61.7,-1,-1
323,-1,831.06,553.01,100.34,165.17,52.3,-1,-1
324,-1,1033.26,520.14,74.44,114.07,69.6,-1,-1
325,-1,1028.32,521.24,80.04,116.64,67.9,-1,-1
326,-1,1028.47,521.25,79.87,116.62,68.2,-1,-1
327,-1,1029.13,521.08,78.22,113.41,60.7,-1,-1
328,-1,1030.55,521.47,74.84,109.8,62.1,-1,-1
329,-1,1029.86,522.23,75.78,109.74,68.6,-1,-1
329,-1,565.92,611.56,204.84,309.95,52.6,-1,-1
330,-1,1027.84,522.41,77.8,108.3,69.6,-1,-1
331,-1,1028.19,522.31,76.68,108.63,70.3,-1,-1
332,-1,1028.04,522.32,76.7,108.72,70.1,-1,-1
332,-1,319.27,585.49,177.08,239.31,51.7,-1,-1
333,-1,1026.2,523.29,77.6,107.16,71.6,-1,-1
333,-1,824.1,549.94,108.92,171.39,54.7,-1,-1
334,-1,1025.37,522.76,77.84,108.67,67.9,-1,-1
334,-1,823.74,549.48,109.26,168.12,53.9,-1,-1
335,-1,1025.72,522.59,77.43,107.42,67.4,-1,-1
335,-1,825.51,548.55,108.55,168.88,55.8,-1,-1
