1,-1,383.63,907.24,62.76,31.43,40.1,-1,-1
2,-1,383.65,907.26,62.81,31.41,39.7,-1,-1
3,-1,383.73,907.24,62.83,31.46,39.7,-1,-1
4,-1,383.74,907.23,62.82,31.48,39.7,-1,-1
5,-1,383.74,907.23,62.82,31.48,39.7,-1,-1
6,-1,383.74,907.23,62.82,31.48,39.7,-1,-1
7,-1,383.74,907.23,62.81,31.48,39.7,-1,-1
8,-1,383.67,907.31,63.11,31.38,39.1,-1,-1
9,-1,383.36,907.23,63.66,31.4,40.5,-1,-1
10,-1,382.48,907.2,64.59,31.32,40.1,-1,-1
11,-1,382.06,907.17,65.31,31.21,41.9,-1,-1
12,-1,382.74,907.07,64.35,30.91,40.0,-1,-1
13,-1,382.26,907.05,65.05,31.26,40.5,-1,-1
14,-1,383.4,907.3,62.98,30.89,38.9,-1,-1
15,-1,383.72,907.39,62.5,30.58,40.6,-1,-1
16,-1,383.62,906.99,63.16,31.57,40.1,-1,-1
17,-1,379.05,901.57,68.6,38.62,55.7,-1,-1
18,-1,375.01,904.78,69.57,36.1,51.2,-1,-1
18,-1,1673.75,739.61,40.11,16.17,25.5,-1,-1
19,-1,372.5,908.91,73.19,34.38,41.8,-1,-1
19,-1,1675.0,740.22,38.97,15.99,38.9,-1,-1
20,-1,1675.62,739.89,40.02,16.72,36.4,-1,-1
20,-1,370.31,916.66,75.33,25.75,28.8,-1,-1
20,-1,375.91,908.21,69.59,29.3,28.4,-1,-1
21,-1,370.11,906.49,75.41,34.04,44.7,-1,-1
21,-1,1675.07,740.39,40.37,16.36,41.5,-1,-1
22,-1,1676.25,739.98,40.62,16.49,37.3,-1,-1
23,-1,1676.94,740.01,37.49,15.23,36.4,-1,-1
24,-1,1679.62,740.42,34.26,14.29,29.4,-1,-1
25,-1,363.08,928.75,40.61,17.25,25.8,-1,-1
26,-1,362.65,913.31,60.74,33.38,37.9,-1,-1
27,-1,361.52,926.7,38.13,19.67,38.6,-1,-1
29,-1,358.74,925.12,51.41,22.85,30.4,-1,-1
30,-1,359.31,921.45,57.61,27.04,48.7,-1,-1
31,-1,357.97,920.98,57.77,27.55,60.3,-1,-1
32,-1,354.9,926.67,41.69,22.85,49.7,-1,-1
33,-1,355.96,921.36,60.81,28.05,66.7,-1,-1
34,-1,357.31,919.34,57.75,30.74,60.8,-1,-1
35,-1,359.23,919.66,45.15,30.53,71.1,-1,-1
36,-1,358.12,922.46,45.59,28.61,62.3,-1,-1
37,-1,356.68,922.77,42.79,29.3,69.4,-1,-1
38,-1,354.36,923.88,48.04,30.01,56.2,-1,-1
39,-1,355.02,918.78,48.61,36.47,61.1,-1,-1
40,-1,351.42,917.61,53.52,37.9,48.3,-1,-1
41,-1,349.12,922.82,54.1,34.83,39.0,-1,-1
43,-1,349.5,921.74,56.38,36.08,32.1,-1,-1
44,-1,351.01,921.88,54.53,33.08,26.7,-1,-1
46,-1,344.1,923.47,68.43,34.43,28.9,-1,-1
48,-1,338.16,924.01,84.66,34.29,32.5,-1,-1
49,-1,333.94,921.08,91.57,40.35,50.7,-1,-1
51,-1,331.14,925.58,93.8,35.89,26.9,-1,-1
53,-1,333.63,921.55,96.46,40.36,41.2,-1,-1
54,-1,330.95,921.45,95.4,43.44,47.3,-1,-1
54,-1,327.01,936.96,46.23,26.96,32.9,-1,-1
55,-1,324.39,939.23,49.14,24.22,36.9,-1,-1
56,-1,323.09,937.71,63.38,27.9,46.4,-1,-1
57,-1,322.56,940.1,59.4,26.4,48.7,-1,-1
57,-1,324.16,933.14,73.21,35.0,34.3,-1,-1
58,-1,320.93,936.19,66.63,30.63,53.5,-1,-1
58,-1,324.36,929.2,99.94,37.19,46.6,-1,-1
59,-1,318.2,933.61,75.56,34.07,54.1,-1,-1
59,-1,321.94,930.4,105.21,35.96,48.3,-1,-1
60,-1,317.36,935.16,67.03,32.85,52.4,-1,-1
60,-1,321.55,928.87,73.37,38.02,38.3,-1,-1
60,-1,316.37,944.85,62.2,21.79,27.3,-1,-1
61,-1,316.55,940.19,70.02,27.59,48.4,-1,-1
61,-1,316.22,947.32,56.3,19.65,38.5,-1,-1
62,-1,317.71,939.21,73.23,28.75,59.0,-1,-1
62,-1,316.56,946.62,63.83,20.88,31.9,-1,-1
63,-1,318.83,938.63,69.64,29.39,58.7,-1,-1
63,-1,317.34,945.03,64.33,22.65,29.1,-1,-1
64,-1,318.13,936.19,68.24,32.57,60.0,-1,-1
65,-1,315.53,935.6,73.8,34.34,59.1,-1,-1
65,-1,314.35,944.64,70.91,24.82,29.4,-1,-1
66,-1,314.55,948.52,56.31,21.33,51.7,-1,-1
66,-1,315.8,941.68,59.34,27.85,50.0,-1,-1
67,-1,315.21,939.55,61.53,29.98,54.9,-1,-1
67,-1,312.73,946.53,60.7,23.93,51.4,-1,-1
68,-1,312.54,940.79,65.92,29.65,55.9,-1,-1
68,-1,310.0,947.87,63.08,22.93,51.1,-1,-1
69,-1,312.72,939.68,70.04,30.93,57.6,-1,-1
69,-1,310.15,947.73,65.12,23.44,48.6,-1,-1
70,-1,310.32,939.77,72.85,32.82,66.7,-1,-1
71,-1,309.25,942.85,64.61,30.91,58.6,-1,-1
72,-1,306.81,947.05,61.02,26.22,61.7,-1,-1
73,-1,305.75,949.01,59.96,25.19,45.7,-1,-1
73,-1,309.1,941.98,63.46,32.51,41.2,-1,-1
74,-1,304.49,945.96,65.34,29.05,38.3,-1,-1
74,-1,305.75,939.3,76.39,36.87,34.7,-1,-1
75,-1,302.79,950.17,61.65,24.84,38.1,-1,-1
76,-1,299.95,951.5,61.27,24.35,36.9,-1,-1
85,-1,285.18,968.86,31.48,16.73,33.3,-1,-1
86,-1,284.34,970.18,32.27,16.21,49.6,-1,-1
87,-1,282.78,970.4,35.4,16.66,56.4,-1,-1
88,-1,282.24,971.2,38.33,16.74,57.1,-1,-1
89,-1,282.39,971.45,37.79,16.99,58.8,-1,-1
90,-1,280.66,969.02,44.78,20.21,62.0,-1,-1
90,-1,279.56,963.5,51.61,27.6,27.5,-1,-1
91,-1,280.3,964.27,46.46,25.55,57.9,-1,-1
91,-1,280.01,949.44,50.54,41.37,35.5,-1,-1
92,-1,278.07,963.73,52.04,26.67,62.4,-1,-1
92,-1,278.26,949.41,54.1,42.3,29.5,-1,-1
93,-1,278.42,965.98,49.98,25.13,66.3,-1,-1
94,-1,278.05,962.7,52.76,29.23,63.9,-1,-1
95,-1,276.17,958.99,56.17,32.89,60.4,-1,-1
95,-1,1866.15,799.37,48.01,22.86,37.1,-1,-1
96,-1,273.0,958.49,61.54,33.71,60.3,-1,-1
96,-1,1864.79,799.89,46.76,21.0,51.8,-1,-1
97,-1,270.81,961.48,65.29,30.5,63.2,-1,-1
97,-1,1862.22,798.96,50.2,22.39,53.0,-1,-1
98,-1,268.14,960.88,70.01,31.56,64.9,-1,-1
98,-1,1860.98,800.64,37.96,19.29,52.5,-1,-1
99,-1,268.48,959.56,72.38,32.03,64.9,-1,-1
99,-1,1859.74,800.93,45.29,22.12,26.3,-1,-1
100,-1,264.22,958.31,80.1,34.37,66.6,-1,-1
101,-1,262.79,960.35,81.76,33.13,63.1,-1,-1
102,-1,263.18,961.2,81.16,31.99,63.4,-1,-1
103,-1,261.13,959.98,86.66,34.07,58.9,-1,-1
104,-1,259.21,959.19,89.19,35.46,64.7,-1,-1
105,-1,258.54,961.33,89.4,35.09,59.9,-1,-1
106,-1,256.84,961.32,90.53,36.22,66.3,-1,-1
107,-1,256.66,960.56,91.94,36.17,59.9,-1,-1
107,-1,256.49,967.62,81.7,26.95,44.8,-1,-1
108,-1,255.83,957.42,89.0,39.86,47.4,-1,-1
108,-1,271.69,955.32,70.23,35.74,45.4,-1,-1
108,-1,255.64,968.17,74.71,28.43,41.8,-1,-1
109,-1,254.95,957.25,88.74,40.86,51.0,-1,-1
109,-1,253.92,965.76,70.95,30.96,47.4,-1,-1
110,-1,255.09,961.11,92.71,37.24,42.7,-1,-1
110,-1,253.45,970.81,69.83,26.22,38.3,-1,-1
111,-1,253.3,971.32,55.88,25.93,28.4,-1,-1
112,-1,251.16,969.48,63.21,28.19,32.9,-1,-1
112,-1,253.15,960.69,91.82,38.85,26.5,-1,-1
113,-1,250.11,966.84,59.78,31.4,41.7,-1,-1
114,-1,249.58,968.21,57.82,30.62,53.1,-1,-1
114,-1,1815.92,757.4,32.83,18.62,33.3,-1,-1
115,-1,248.29,970.15,57.93,29.86,35.7,-1,-1
116,-1,247.7,970.79,60.48,29.82,33.6,-1,-1
120,-1,244.94,965.43,70.18,35.45,51.4,-1,-1
120,-1,243.17,975.35,70.5,25.63,27.0,-1,-1
121,-1,245.01,965.45,69.69,35.69,47.9,-1,-1
122,-1,243.11,966.78,72.03,34.4,43.1,-1,-1
123,-1,241.08,968.25,76.74,34.25,55.1,-1,-1
124,-1,239.96,968.9,78.13,34.35,53.3,-1,-1
125,-1,238.36,968.22,78.74,35.59,55.4,-1,-1
126,-1,236.66,967.93,83.19,35.64,65.3,-1,-1
127,-1,236.24,965.6,88.56,38.3,66.5,-1,-1
128,-1,234.88,966.74,89.53,36.69,63.1,-1,-1
129,-1,235.24,969.54,89.89,34.38,53.0,-1,-1
130,-1,235.44,966.74,92.59,37.1,36.6,-1,-1
131,-1,234.96,966.79,95.11,36.52,29.6,-1,-1
132,-1,236.45,967.6,78.81,33.25,31.3,-1,-1
133,-1,236.98,968.02,56.38,31.49,39.6,-1,-1
134,-1,228.53,972.46,65.29,30.51,45.9,-1,-1
135,-1,228.69,970.03,70.27,32.62,51.4,-1,-1
136,-1,228.21,972.69,68.87,30.87,49.9,-1,-1
137,-1,228.5,972.13,67.58,32.04,56.3,-1,-1
138,-1,228.7,973.62,60.96,31.01,61.3,-1,-1
139,-1,225.65,974.13,67.88,30.58,63.6,-1,-1
140,-1,227.21,975.86,60.82,30.39,63.5,-1,-1
141,-1,227.06,974.26,59.23,31.77,66.9,-1,-1
142,-1,226.1,970.09,62.76,36.51,68.1,-1,-1
143,-1,224.89,971.75,64.14,33.23,67.0,-1,-1
144,-1,224.01,975.4,63.27,29.99,63.3,-1,-1
145,-1,225.25,975.95,63.08,29.59,64.5,-1,-1
146,-1,227.26,974.15,60.56,29.97,65.2,-1,-1
147,-1,230.08,973.77,62.57,30.81,68.4,-1,-1
148,-1,230.31,972.76,62.61,31.8,68.7,-1,-1
149,-1,231.58,971.53,62.05,32.52,71.5,-1,-1
150,-1,231.15,969.6,67.4,33.12,72.0,-1,-1
151,-1,235.93,970.69,57.25,30.73,70.7,-1,-1
152,-1,234.89,974.27,58.19,26.77,63.9,-1,-1
153,-1,229.75,971.65,66.75,29.51,63.2,-1,-1
153,-1,213.8,989.48,35.67,13.87,27.5,-1,-1
154,-1,227.62,972.15,70.31,29.4,61.5,-1,-1
155,-1,218.94,973.53,79.95,28.99,59.7,-1,-1
155,-1,1271.32,796.15,52.08,22.93,33.6,-1,-1
155,-1,212.34,989.25,40.6,15.52,29.6,-1,-1
156,-1,221.38,969.35,79.72,34.48,58.5,-1,-1
156,-1,211.74,990.42,38.7,14.73,25.5,-1,-1
157,-1,221.72,968.5,75.2,35.62,53.9,-1,-1
157,-1,211.36,990.23,37.97,14.76,35.8,-1,-1
158,-1,212.86,969.78,84.7,36.29,59.9,-1,-1
158,-1,211.02,990.16,41.67,15.54,39.9,-1,-1
159,-1,212.46,969.98,95.62,36.57,47.6,-1,-1
159,-1,211.6,990.27,40.23,15.99,34.1,-1,-1
159,-1,1018.01,1047.37,75.91,28.1,25.2,-1,-1
160,-1,212.33,969.8,97.16,37.37,45.0,-1,-1
160,-1,211.41,989.74,40.78,17.27,30.4,-1,-1
161,-1,208.93,988.91,40.95,17.22,42.7,-1,-1
162,-1,208.88,988.76,43.19,18.31,51.6,-1,-1
163,-1,208.45,988.38,43.53,18.45,54.3,-1,-1
164,-1,209.16,986.53,48.63,20.64,43.8,-1,-1
164,-1,209.33,979.63,55.43,27.82,30.2,-1,-1
165,-1,207.8,986.21,50.01,21.4,38.0,-1,-1
165,-1,208.57,979.96,54.31,28.92,33.2,-1,-1
166,-1,208.8,972.91,53.73,36.92,54.8,-1,-1
166,-1,207.15,985.1,51.15,22.76,30.0,-1,-1
167,-1,207.94,971.32,60.26,37.7,63.2,-1,-1
168,-1,208.33,970.42,62.49,38.77,63.2,-1,-1
169,-1,207.48,970.09,62.99,38.71,60.0,-1,-1
170,-1,208.43,970.1,63.59,38.05,63.1,-1,-1
171,-1,207.74,975.0,64.81,31.88,50.7,-1,-1
172,-1,207.81,973.9,65.6,33.84,51.1,-1,-1
173,-1,207.33,975.32,66.64,32.44,57.6,-1,-1
174,-1,205.22,975.07,66.36,32.19,51.0,-1,-1
175,-1,204.59,975.52,70.18,31.68,53.1,-1,-1
176,-1,203.68,976.44,73.06,30.97,57.2,-1,-1
177,-1,204.96,974.5,74.94,34.82,57.3,-1,-1
178,-1,206.98,973.77,71.63,34.57,59.2,-1,-1
179,-1,208.45,973.32,72.98,33.51,54.0,-1,-1
180,-1,204.7,976.8,80.76,29.93,26.4,-1,-1
181,-1,203.89,976.33,80.8,30.62,28.8,-1,-1
183,-1,206.75,971.04,77.28,33.66,27.3,-1,-1
185,-1,208.52,970.36,82.15,33.66,26.4,-1,-1
186,-1,207.69,968.22,88.23,36.08,33.5,-1,-1
186,-1,205.93,975.7,74.99,28.64,26.0,-1,-1
188,-1,208.51,966.71,71.52,37.28,46.1,-1,-1
189,-1,208.03,973.27,58.07,31.37,32.7,-1,-1
190,-1,214.19,965.08,55.37,40.13,32.2,-1,-1
191,-1,212.99,966.03,56.87,38.55,28.6,-1,-1
192,-1,209.82,966.59,69.28,37.2,58.4,-1,-1
193,-1,212.43,968.46,74.16,35.5,60.0,-1,-1
193,-1,208.78,973.24,64.87,29.58,45.8,-1,-1
194,-1,213.75,969.52,59.11,31.98,56.2,-1,-1
195,-1,207.8,969.19,66.94,33.52,57.9,-1,-1
195,-1,0.17,651.84,29.56,16.94,30.8,-1,-1
196,-1,207.87,970.39,63.57,32.12,49.4,-1,-1
196,-1,205.14,985.92,47.55,15.8,27.3,-1,-1
197,-1,209.67,970.9,59.92,30.16,52.6,-1,-1
197,-1,2.54,651.51,30.47,15.53,30.1,-1,-1
197,-1,205.93,986.34,45.68,15.22,29.9,-1,-1
198,-1,209.05,970.23,61.2,29.99,39.9,-1,-1
198,-1,6.45,650.11,31.9,15.56,29.4,-1,-1
198,-1,206.01,987.15,42.38,14.53,26.3,-1,-1
199,-1,213.08,971.74,69.17,29.59,33.5,-1,-1
199,-1,14.15,651.86,27.05,14.46,26.0,-1,-1
200,-1,207.68,971.76,81.28,30.58,26.5,-1,-1
201,-1,208.02,978.22,58.18,26.1,44.8,-1,-1
201,-1,208.57,984.16,44.95,17.85,39.4,-1,-1
201,-1,208.55,972.69,75.28,31.58,33.0,-1,-1
202,-1,208.19,973.57,64.38,30.42,42.7,-1,-1
202,-1,209.1,968.33,84.94,36.32,42.5,-1,-1
203,-1,209.51,972.2,59.92,32.15,42.1,-1,-1
203,-1,209.56,969.04,77.55,36.19,38.9,-1,-1
204,-1,209.67,967.51,62.94,36.52,60.3,-1,-1
205,-1,211.24,968.69,52.68,36.21,60.8,-1,-1
206,-1,214.84,964.97,52.44,39.13,65.9,-1,-1
206,-1,1615.13,764.27,32.86,19.7,28.6,-1,-1
207,-1,214.55,965.0,64.39,38.54,65.9,-1,-1
208,-1,216.41,965.41,60.38,36.24,63.0,-1,-1
208,-1,1619.97,762.51,40.44,22.5,29.6,-1,-1
209,-1,217.34,966.76,57.08,34.04,65.1,-1,-1
210,-1,217.4,966.88,54.54,33.24,58.1,-1,-1
211,-1,217.87,965.78,61.23,35.71,65.6,-1,-1
212,-1,218.55,965.21,61.12,35.66,59.7,-1,-1
213,-1,219.38,965.25,62.76,37.78,60.4,-1,-1
214,-1,218.85,965.54,61.92,37.96,64.0,-1,-1
215,-1,219.19,966.73,63.7,36.94,68.0,-1,-1
216,-1,218.8,965.22,70.16,38.53,62.8,-1,-1
217,-1,216.02,965.92,76.24,36.42,52.3,-1,-1
218,-1,215.84,968.47,80.0,33.78,30.7,-1,-1
219,-1,215.43,966.38,78.04,36.28,58.3,-1,-1
220,-1,214.9,966.99,83.9,36.5,52.3,-1,-1
221,-1,214.83,967.55,85.12,34.39,51.1,-1,-1
221,-1,214.37,976.9,81.53,23.44,26.3,-1,-1
222,-1,215.49,966.64,88.68,36.26,59.4,-1,-1
223,-1,216.23,966.17,88.76,36.54,62.3,-1,-1
224,-1,216.71,966.28,88.08,36.26,61.4,-1,-1
225,-1,219.39,968.23,88.46,32.85,46.8,-1,-1
226,-1,223.55,960.66,97.94,39.95,37.1,-1,-1
227,-1,224.62,961.03,98.96,40.39,45.1,-1,-1
234,-1,213.33,985.06,40.36,14.56,26.0,-1,-1
238,-1,210.31,988.8,41.8,16.12,28.6,-1,-1
238,-1,210.54,978.48,50.82,25.58,25.6,-1,-1
239,-1,210.92,988.89,40.89,18.21,32.4,-1,-1
240,-1,208.69,986.56,43.78,20.83,40.4,-1,-1
240,-1,209.36,975.77,49.98,32.01,34.3,-1,-1
241,-1,208.03,988.96,39.7,21.47,31.9,-1,-1
242,-1,203.77,985.55,44.84,26.47,45.4,-1,-1
243,-1,200.66,988.15,44.64,26.9,51.1,-1,-1
244,-1,196.09,983.56,56.71,32.65,57.3,-1,-1
245,-1,189.51,994.78,44.47,25.51,65.4,-1,-1
245,-1,190.32,987.16,47.93,34.08,47.2,-1,-1
246,-1,184.89,995.3,47.54,26.44,63.3,-1,-1
247,-1,179.88,997.66,51.86,27.77,59.8,-1,-1
248,-1,174.94,1000.33,58.42,29.08,61.0,-1,-1
249,-1,171.13,1001.55,61.84,32.76,47.2,-1,-1
250,-1,163.78,1015.45,48.8,23.71,37.0,-1,-1
250,-1,165.56,1003.6,57.24,34.27,28.5,-1,-1
253,-1,144.04,1016.97,54.6,28.58,39.7,-1,-1
254,-1,134.88,1016.83,59.74,33.29,29.6,-1,-1
255,-1,142.82,1023.62,43.69,26.38,30.8,-1,-1
256,-1,1892.46,852.22,27.1,21.87,27.2,-1,-1
285,-1,863.28,570.19,17.82,11.82,37.7,-1,-1
286,-1,861.42,570.03,17.9,11.61,47.1,-1,-1
286,-1,1397.89,668.3,15.77,9.78,29.4,-1,-1
287,-1,865.22,570.45,24.1,15.5,31.7,-1,-1
288,-1,861.55,570.56,18.98,14.65,39.5,-1,-1
289,-1,861.47,571.12,21.25,15.74,28.0,-1,-1
290,-1,859.54,572.59,23.55,14.9,36.5,-1,-1
291,-1,863.49,573.69,35.7,17.85,29.2,-1,-1
297,-1,1695.21,621.23,20.51,52.01,45.7,-1,-1
299,-1,1736.68,627.12,21.52,56.37,35.8,-1,-1
301,-1,1607.18,666.53,24.98,14.03,31.9,-1,-1
316,-1,697.78,499.45,18.45,9.9,40.3,-1,-1
318,-1,795.25,606.6,37.1,21.94,26.8,-1,-1
319,-1,794.45,608.39,41.44,20.42,37.7,-1,-1
324,-1,739.17,507.49,26.56,14.11,25.4,-1,-1
327,-1,808.43,617.8,33.61,18.47,47.3,-1,-1
331,-1,638.53,509.22,21.07,10.04,36.9,-1,-1
354,-1,6.91,614.13,29.55,12.02,28.8,-1,-1
355,-1,19.87,616.95,25.21,10.86,31.6,-1,-1
359,-1,1561.89,734.43,25.15,14.24,26.0,-1,-1
367,-1,938.77,658.18,34.58,16.15,36.8,-1,-1
370,-1,943.7,663.89,29.71,17.93,33.8,-1,-1
371,-1,945.26,666.72,31.45,14.79,36.5,-1,-1
376,-1,166.35,354.78,33.44,15.1,39.5,-1,-1
389,-1,267.23,377.21,36.26,15.17,33.0,-1,-1
400,-1,972.42,710.91,29.65,18.26,25.4,-1,-1
402,-1,971.7,711.67,29.09,19.06,26.3,-1,-1
417,-1,957.75,712.82,30.55,18.07,25.4,-1,-1
418,-1,1389.81,714.43,31.6,15.22,50.0,-1,-1
418,-1,954.34,712.8,29.31,16.67,33.6,-1,-1
418,-1,1344.62,894.37,26.89,11.05,28.6,-1,-1
419,-1,1347.78,893.21,25.65,11.62,40.1,-1,-1
419,-1,1393.32,713.83,35.86,15.32,33.6,-1,-1
419,-1,955.13,712.36,29.26,16.71,32.2,-1,-1
419,-1,1351.26,595.16,17.6,9.98,25.8,-1,-1
420,-1,1348.76,892.58,27.58,11.86,30.1,-1,-1
421,-1,1350.46,892.33,28.44,12.14,37.0,-1,-1
429,-1,933.74,705.72,28.66,12.92,26.6,-1,-1
434,-1,1475.99,974.76,29.74,16.58,33.1,-1,-1
459,-1,1704.67,900.14,33.03,21.33,28.2,-1,-1
472,-1,847.72,663.6,31.21,16.51,40.0,-1,-1
473,-1,844.67,663.8,29.95,14.94,40.6,-1,-1
473,-1,629.58,813.5,29.5,11.4,27.1,-1,-1
474,-1,843.38,663.12,28.74,14.68,28.0,-1,-1
475,-1,843.79,662.63,24.29,13.65,26.4,-1,-1
476,-1,844.3,661.49,28.59,16.54,44.7,-1,-1
478,-1,841.89,659.19,27.3,16.17,40.1,-1,-1
479,-1,841.01,657.9,28.42,16.64,37.8,-1,-1
480,-1,840.48,656.19,29.08,17.81,26.6,-1,-1
481,-1,650.53,808.21,20.72,11.33,28.9,-1,-1
484,-1,663.03,804.3,26.83,14.5,28.5,-1,-1
490,-1,683.57,798.66,27.47,14.26,34.7,-1,-1
499,-1,839.61,644.02,29.74,17.4,31.9,-1,-1
500,-1,838.86,644.44,29.22,16.94,37.2,-1,-1
501,-1,837.6,644.52,28.52,16.44,39.9,-1,-1
502,-1,838.03,644.74,27.61,17.03,38.6,-1,-1
503,-1,838.38,644.81,28.5,16.79,42.0,-1,-1
504,-1,841.12,645.0,26.22,16.23,30.5,-1,-1
507,-1,1542.45,831.0,26.61,18.08,40.1,-1,-1
508,-1,1545.18,832.03,26.15,17.51,29.0,-1,-1
509,-1,1253.88,888.99,44.65,31.66,40.8,-1,-1
510,-1,844.81,643.59,24.83,14.57,41.5,-1,-1
511,-1,844.78,643.19,26.0,15.73,45.5,-1,-1
512,-1,845.8,643.2,26.28,15.61,41.2,-1,-1
513,-1,845.53,644.03,27.45,16.1,40.7,-1,-1
514,-1,846.34,644.64,25.92,15.16,39.7,-1,-1
515,-1,846.93,645.34,24.45,14.89,29.5,-1,-1
516,-1,847.03,644.84,27.46,15.09,29.1,-1,-1
564,-1,1087.62,957.4,31.06,16.35,34.5,-1,-1
576,-1,893.08,681.38,27.4,16.65,27.1,-1,-1
580,-1,896.14,679.63,31.55,18.3,28.8,-1,-1
590,-1,1373.02,909.32,41.09,19.4,38.8,-1,-1
591,-1,1370.78,907.26,45.23,21.5,54.7,-1,-1
592,-1,1371.65,907.85,44.82,21.27,56.8,-1,-1
593,-1,1370.96,906.57,45.75,22.16,41.5,-1,-1
594,-1,1371.7,906.82,45.3,21.3,26.2,-1,-1
602,-1,1346.68,904.06,42.57,25.07,29.7,-1,-1
607,-1,1349.95,355.46,16.96,9.76,25.7,-1,-1
611,-1,1370.31,358.19,19.15,9.48,26.2,-1,-1
612,-1,1372.85,358.29,20.62,10.21,35.9,-1,-1
614,-1,1382.91,356.96,26.59,13.27,33.6,-1,-1
615,-1,1388.18,357.13,26.41,13.79,40.9,-1,-1
616,-1,1394.12,357.33,26.66,13.68,47.4,-1,-1
617,-1,1399.37,356.94,26.42,14.41,46.0,-1,-1
618,-1,1407.73,356.28,24.58,14.26,35.5,-1,-1
619,-1,1409.46,360.74,24.03,13.08,33.6,-1,-1
619,-1,1410.07,358.54,25.1,13.72,29.5,-1,-1
620,-1,1417.19,358.87,22.82,13.86,29.7,-1,-1
621,-1,1424.03,358.03,23.58,14.93,43.0,-1,-1
623,-1,1433.73,358.22,26.45,14.49,32.9,-1,-1
625,-1,1444.16,362.48,29.09,15.27,31.9,-1,-1
627,-1,1456.5,363.25,24.84,14.19,41.5,-1,-1
633,-1,1488.93,367.21,30.16,13.8,29.5,-1,-1
634,-1,1494.32,367.95,24.68,12.88,29.1,-1,-1
635,-1,1499.61,368.92,22.66,11.72,37.5,-1,-1
636,-1,1504.44,368.15,20.21,15.18,41.0,-1,-1
637,-1,1509.34,368.57,24.35,14.51,33.6,-1,-1
638,-1,1715.6,836.76,29.97,13.8,30.1,-1,-1
639,-1,1721.84,837.3,28.3,13.8,27.4,-1,-1
639,-1,1519.05,372.62,23.66,12.56,25.0,-1,-1
641,-1,1731.07,835.97,26.69,15.75,61.6,-1,-1
642,-1,1732.63,835.22,28.84,16.03,56.3,-1,-1
643,-1,1735.78,834.78,29.01,16.27,33.0,-1,-1
644,-1,1741.33,834.51,29.73,16.6,28.4,-1,-1
645,-1,1746.99,835.17,27.39,17.35,39.7,-1,-1
646,-1,1750.6,836.51,23.95,17.85,31.4,-1,-1
649,-1,1758.34,837.51,23.22,16.11,27.3,-1,-1
654,-1,1417.37,777.78,30.42,15.84,29.8,-1,-1
657,-1,940.22,904.14,22.92,13.92,44.6,-1,-1
658,-1,938.22,903.92,22.94,14.87,32.2,-1,-1
659,-1,935.27,904.75,22.02,14.15,41.4,-1,-1
660,-1,1437.89,782.04,22.52,12.27,30.7,-1,-1
662,-1,1444.73,781.98,25.32,12.61,51.6,-1,-1
664,-1,1449.1,780.61,27.18,14.18,30.3,-1,-1
665,-1,1452.67,782.81,29.44,13.74,49.9,-1,-1
666,-1,1455.32,782.27,27.32,13.07,52.0,-1,-1
667,-1,1458.7,781.53,26.46,13.35,51.7,-1,-1
668,-1,1461.14,781.29,23.89,13.51,41.6,-1,-1
670,-1,1465.58,781.41,23.01,12.9,44.1,-1,-1
671,-1,1469.39,781.35,22.69,13.53,38.9,-1,-1
696,-1,1549.95,785.3,49.11,23.61,29.7,-1,-1
698,-1,1557.42,784.93,44.31,24.01,36.2,-1,-1
703,-1,1577.95,793.87,45.81,16.18,33.9,-1,-1
704,-1,1581.65,793.39,51.72,16.88,35.3,-1,-1
705,-1,1583.2,793.97,47.09,17.63,48.1,-1,-1
705,-1,1582.11,787.66,39.4,22.98,32.4,-1,-1
706,-1,1584.36,795.16,45.14,16.93,37.2,-1,-1
708,-1,1590.13,793.71,35.15,16.37,40.6,-1,-1
710,-1,1597.65,794.27,30.48,14.48,34.5,-1,-1
712,-1,1605.25,793.36,36.77,16.67,32.8,-1,-1
770,-1,1823.68,829.73,28.53,17.88,51.0,-1,-1
771,-1,1826.54,828.9,27.0,19.28,41.8,-1,-1
772,-1,1830.46,827.81,30.46,21.89,52.9,-1,-1
773,-1,1831.64,828.62,34.19,22.29,42.6,-1,-1
774,-1,1837.3,830.15,35.81,23.4,56.4,-1,-1
775,-1,1841.66,831.17,37.38,23.81,59.2,-1,-1
775,-1,1408.76,778.16,31.99,16.54,50.8,-1,-1
776,-1,1410.87,779.46,31.1,15.29,51.0,-1,-1
776,-1,1843.26,832.16,38.04,23.55,48.8,-1,-1
777,-1,1845.88,832.64,36.86,23.24,55.2,-1,-1
778,-1,1849.04,834.09,45.13,24.19,46.5,-1,-1
778,-1,1415.25,781.32,32.48,14.56,39.9,-1,-1
779,-1,1419.9,781.64,30.09,14.65,57.4,-1,-1
779,-1,1852.36,836.06,44.52,23.69,41.5,-1,-1
779,-1,1853.87,840.15,49.65,20.28,28.0,-1,-1
780,-1,1853.8,832.44,51.33,26.66,42.9,-1,-1
780,-1,1854.16,839.73,52.85,20.94,31.7,-1,-1
781,-1,1858.34,834.22,45.49,25.99,46.6,-1,-1
782,-1,1861.05,841.14,48.66,20.61,50.9,-1,-1
783,-1,1863.15,841.79,47.57,19.18,33.3,-1,-1
784,-1,1867.09,840.1,45.19,20.83,34.2,-1,-1
785,-1,1868.91,841.04,45.06,20.52,41.2,-1,-1
786,-1,964.33,658.53,25.34,15.14,27.7,-1,-1
788,-1,1878.36,834.14,40.3,28.73,29.8,-1,-1
788,-1,1879.07,841.86,36.68,19.13,27.5,-1,-1
789,-1,962.89,659.33,25.92,14.39,29.4,-1,-1
790,-1,963.48,660.12,23.83,13.41,29.8,-1,-1
793,-1,963.69,660.77,22.63,14.75,34.0,-1,-1
794,-1,964.5,662.07,22.06,14.03,29.1,-1,-1
796,-1,963.46,663.03,22.39,14.35,27.9,-1,-1
797,-1,963.73,661.96,23.9,16.34,25.6,-1,-1
798,-1,963.9,664.41,23.44,15.37,33.5,-1,-1
799,-1,963.9,664.21,24.06,15.87,44.5,-1,-1
800,-1,965.74,664.74,23.96,16.24,31.2,-1,-1
805,-1,961.97,665.81,23.34,15.47,25.4,-1,-1
806,-1,961.39,664.55,22.38,16.19,34.6,-1,-1
807,-1,961.96,664.02,25.02,16.62,29.8,-1,-1
807,-1,1370.96,779.97,45.39,18.63,27.1,-1,-1
808,-1,961.78,664.58,24.65,15.73,36.1,-1,-1
808,-1,1373.28,779.9,40.39,20.05,27.2,-1,-1
809,-1,961.48,664.65,25.5,15.87,35.0,-1,-1
810,-1,961.46,665.04,27.42,18.32,29.4,-1,-1
811,-1,961.01,665.17,27.6,17.97,27.0,-1,-1
814,-1,962.02,664.55,27.68,20.95,28.0,-1,-1
815,-1,961.36,663.64,26.05,18.3,30.2,-1,-1
820,-1,961.79,664.22,23.77,16.37,26.7,-1,-1
821,-1,962.49,663.59,24.19,16.63,38.2,-1,-1
821,-1,1419.86,784.11,36.67,20.01,31.7,-1,-1
821,-1,1675.81,836.94,25.31,10.45,26.6,-1,-1
822,-1,1679.54,837.58,25.82,10.15,43.3,-1,-1
823,-1,966.25,663.48,24.43,15.46,25.5,-1,-1
824,-1,967.06,662.4,20.86,15.96,34.6,-1,-1
824,-1,1687.92,837.22,27.86,11.74,28.4,-1,-1
827,-1,1704.33,837.3,28.67,13.98,26.2,-1,-1
831,-1,1728.21,844.32,27.5,11.79,43.9,-1,-1
831,-1,1568.47,1048.4,24.57,14.28,25.9,-1,-1
832,-1,1731.41,846.47,28.3,10.67,47.3,-1,-1
833,-1,1736.79,847.17,27.73,9.68,25.4,-1,-1
834,-1,1740.21,847.98,31.85,11.13,30.6,-1,-1
835,-1,1745.37,847.51,30.96,12.54,33.4,-1,-1
838,-1,990.66,658.13,24.93,15.9,26.0,-1,-1
839,-1,992.15,657.17,25.22,17.06,27.2,-1,-1
844,-1,1002.99,656.06,26.31,21.5,31.2,-1,-1
845,-1,1005.82,655.72,33.9,22.58,33.6,-1,-1
849,-1,1011.34,658.11,28.83,16.29,33.6,-1,-1
850,-1,1013.13,657.2,26.62,16.86,29.6,-1,-1
851,-1,1015.23,657.9,27.4,15.73,32.6,-1,-1
859,-1,1608.59,800.57,38.62,20.18,37.7,-1,-1
860,-1,1611.79,802.11,36.86,18.2,53.7,-1,-1
864,-1,1631.71,805.59,36.89,18.2,55.7,-1,-1
870,-1,1503.56,793.75,37.27,13.99,38.7,-1,-1
879,-1,1076.19,641.35,29.54,20.9,28.6,-1,-1
881,-1,1079.43,640.8,30.7,20.36,38.6,-1,-1
882,-1,1082.79,640.48,27.2,18.55,42.2,-1,-1
884,-1,1086.75,642.0,22.5,16.02,44.2,-1,-1
885,-1,1086.65,641.03,21.41,17.21,35.6,-1,-1
886,-1,1871.58,829.69,35.81,17.38,40.1,-1,-1
886,-1,1088.11,639.97,23.55,16.76,38.7,-1,-1
891,-1,1101.68,638.43,24.02,19.16,25.6,-1,-1
897,-1,1108.67,638.86,24.08,16.27,33.7,-1,-1
900,-1,790.3,890.27,31.82,17.42,26.3,-1,-1
903,-1,1125.96,639.5,27.61,23.11,35.5,-1,-1
904,-1,1126.1,640.09,27.41,22.72,42.7,-1,-1
905,-1,1126.1,639.81,26.8,20.13,28.3,-1,-1
906,-1,1127.27,640.1,27.05,19.67,36.5,-1,-1
907,-1,1126.46,639.76,28.15,18.75,25.5,-1,-1
908,-1,1128.21,638.52,27.62,19.46,51.7,-1,-1
910,-1,1130.84,641.21,26.47,18.24,41.3,-1,-1
912,-1,1836.81,833.57,36.48,17.17,31.7,-1,-1
913,-1,1838.37,833.56,35.64,16.83,29.1,-1,-1
914,-1,1843.94,835.4,28.67,15.32,37.7,-1,-1
915,-1,1846.98,833.22,32.16,17.24,35.5,-1,-1
916,-1,1850.53,834.97,34.77,17.01,25.8,-1,-1
919,-1,1865.37,842.95,46.93,14.78,38.8,-1,-1
920,-1,1863.98,841.34,46.72,17.44,46.3,-1,-1
920,-1,1864.91,835.9,48.31,20.9,37.4,-1,-1
921,-1,1868.66,841.98,42.43,16.94,36.0,-1,-1
922,-1,1870.36,843.46,42.18,16.94,37.7,-1,-1
922,-1,1148.19,639.32,33.83,22.81,33.4,-1,-1
923,-1,1875.67,845.01,37.84,16.64,40.8,-1,-1
923,-1,1150.56,641.1,33.97,25.93,37.3,-1,-1
924,-1,1152.0,640.42,31.34,25.32,46.3,-1,-1
924,-1,1878.76,844.19,36.03,16.68,30.9,-1,-1
925,-1,1883.19,844.35,32.0,15.8,35.6,-1,-1
925,-1,1152.03,642.89,29.33,21.26,28.2,-1,-1
926,-1,1887.58,847.34,27.73,12.64,33.1,-1,-1
926,-1,1154.58,641.2,29.68,20.73,27.8,-1,-1
927,-1,1888.31,847.78,25.79,12.02,35.2,-1,-1
928,-1,1156.33,642.13,27.04,21.17,41.2,-1,-1
930,-1,1157.87,641.68,28.11,20.03,25.3,-1,-1
951,-1,738.98,876.9,42.43,25.86,25.7,-1,-1
973,-1,1203.35,649.73,30.32,22.5,28.6,-1,-1
989,-1,1220.43,661.18,34.04,24.05,25.8,-1,-1
1002,-1,67.94,197.48,50.58,22.31,38.2,-1,-1
1004,-1,86.89,197.58,46.44,19.65,40.5,-1,-1
1005,-1,1226.54,663.11,29.2,20.51,35.0,-1,-1
1005,-1,100.24,198.84,46.59,18.91,33.0,-1,-1
1006,-1,106.33,198.47,48.28,19.64,36.2,-1,-1
1006,-1,1227.83,661.29,30.74,22.93,31.8,-1,-1
1007,-1,1226.46,661.06,28.88,21.65,40.2,-1,-1
1008,-1,99.69,187.36,19.34,13.01,32.4,-1,-1
1008,-1,124.76,200.28,51.66,17.84,29.9,-1,-1
1015,-1,161.71,206.8,26.13,18.71,31.6,-1,-1
1023,-1,743.4,961.81,54.87,118.19,33.0,-1,-1
1025,-1,1251.94,654.0,25.05,20.17,25.1,-1,-1
1026,-1,1679.87,809.2,19.9,13.98,31.7,-1,-1
1026,-1,1248.22,656.13,24.42,19.34,31.3,-1,-1
1027,-1,1250.13,655.09,29.1,20.23,44.8,-1,-1
1028,-1,1251.08,656.77,27.96,17.8,25.5,-1,-1
1031,-1,1254.07,658.84,24.95,15.79,35.9,-1,-1
1032,-1,1256.45,658.53,23.43,15.64,25.2,-1,-1
1038,-1,685.87,961.31,49.5,118.69,27.2,-1,-1
1039,-1,1271.4,663.53,28.03,25.61,36.3,-1,-1
1040,-1,1271.73,663.49,29.38,22.89,51.0,-1,-1
1040,-1,590.49,875.17,47.68,29.43,34.2,-1,-1
1041,-1,1272.81,663.66,27.97,23.12,38.6,-1,-1
1046,-1,643.23,959.6,56.15,120.4,26.7,-1,-1
1049,-1,1748.08,831.91,22.15,11.36,31.4,-1,-1
1050,-1,624.17,974.81,52.02,105.19,27.9,-1,-1
1051,-1,1756.23,832.71,18.93,11.09,35.1,-1,-1
1053,-1,1760.88,834.36,22.48,11.8,29.5,-1,-1
1054,-1,1765.19,833.91,32.74,13.74,37.3,-1,-1
1055,-1,1766.8,835.13,33.05,14.27,28.9,-1,-1
1055,-1,690.56,983.26,31.46,66.45,27.9,-1,-1
1057,-1,675.97,980.91,40.65,74.37,37.4,-1,-1
1057,-1,1772.28,833.98,23.77,14.9,25.7,-1,-1
1058,-1,1775.27,835.67,22.79,13.53,29.0,-1,-1
1061,-1,1889.08,855.56,26.56,13.81,28.8,-1,-1
1061,-1,658.39,981.95,44.27,74.88,28.3,-1,-1
1062,-1,1891.1,855.78,25.12,13.43,25.8,-1,-1
1076,-1,1300.75,662.99,26.06,18.93,28.1,-1,-1
1079,-1,1688.93,826.4,30.82,15.73,25.9,-1,-1
1080,-1,1305.59,666.73,23.91,17.42,26.5,-1,-1
1082,-1,489.83,962.9,51.65,117.1,29.1,-1,-1
1083,-1,742.23,136.28,20.78,32.37,31.1,-1,-1
1084,-1,1699.1,829.14,35.18,15.92,36.9,-1,-1
1085,-1,1700.91,829.98,35.15,15.09,46.0,-1,-1
1086,-1,1703.48,830.97,31.5,14.19,47.5,-1,-1
1086,-1,1850.06,859.23,25.07,12.62,40.1,-1,-1
1087,-1,1706.21,831.45,29.07,13.87,27.7,-1,-1
1088,-1,1853.04,858.89,24.95,14.62,28.1,-1,-1
1089,-1,1710.8,832.64,26.74,13.19,34.1,-1,-1
1123,-1,1005.07,115.26,22.66,15.15,30.1,-1,-1
1125,-1,1009.31,112.77,24.62,14.68,28.1,-1,-1
1235,-1,742.71,351.29,18.62,12.13,28.9,-1,-1
1238,-1,751.26,352.88,18.28,9.91,25.9,-1,-1
1249,-1,411.11,233.82,31.82,10.8,27.3,-1,-1
1250,-1,412.13,234.49,32.29,11.79,28.0,-1,-1
1329,-1,1311.86,921.24,37.02,17.56,33.2,-1,-1
1498,-1,1078.76,575.64,87.96,143.31,34.6,-1,-1
1514,-1,379.36,651.61,50.46,18.15,25.2,-1,-1
1523,-1,654.45,591.64,56.03,23.67,33.9,-1,-1
1524,-1,682.63,586.42,58.84,24.88,25.9,-1,-1
1527,-1,1709.68,419.69,90.15,126.99,45.4,-1,-1
1530,-1,1782.39,501.3,67.5,44.29,25.1,-1,-1
1531,-1,1807.67,506.37,71.21,40.81,53.9,-1,-1
1531,-1,27.41,113.75,38.99,19.51,26.3,-1,-1
1532,-1,1841.47,408.12,78.53,130.09,66.3,-1,-1
1533,-1,1867.73,416.02,52.27,122.65,50.9,-1,-1
1533,-1,53.17,106.44,51.68,25.1,27.6,-1,-1
1536,-1,88.07,89.58,33.09,17.59,33.7,-1,-1
1585,-1,1527.91,232.7,28.08,11.59,26.7,-1,-1
1586,-1,1532.35,233.0,28.78,11.13,30.6,-1,-1
1587,-1,1538.36,233.68,28.7,12.82,33.6,-1,-1
1589,-1,1545.05,234.62,29.96,13.88,29.3,-1,-1
1628,-1,988.94,153.72,12.45,35.29,28.3,-1,-1
1677,-1,396.27,1003.44,33.24,13.16,26.5,-1,-1
1678,-1,398.79,1003.11,32.83,13.91,26.8,-1,-1
1735,-1,0.0,0.0,26.73,15.99,27.8,-1,-1
1736,-1,0.0,0.0,28.14,17.74,34.0,-1,-1
1737,-1,0.0,0.0,30.48,19.05,28.5,-1,-1
1740,-1,2.85,1.71,35.92,25.49,33.4,-1,-1
1742,-1,9.51,3.6,33.5,27.12,34.1,-1,-1
1743,-1,13.42,3.64,32.91,29.61,59.8,-1,-1
1744,-1,14.95,2.32,35.62,33.65,41.2,-1,-1
1745,-1,17.26,6.38,38.87,32.41,53.2,-1,-1
1751,-1,33.74,33.89,40.21,18.93,39.3,-1,-1
1752,-1,36.88,36.24,39.19,17.38,39.5,-1,-1
1753,-1,40.48,39.36,33.78,16.8,48.5,-1,-1
1753,-1,44.02,3.23,77.2,31.31,30.8,-1,-1
1753,-1,150.3,0.0,13.93,10.7,25.0,-1,-1
1754,-1,42.17,41.21,31.49,16.29,53.1,-1,-1
1754,-1,49.16,2.23,76.1,32.83,38.7,-1,-1
1772,-1,1854.32,99.84,13.74,34.53,27.5,-1,-1
1780,-1,342.83,85.25,9.63,20.83,32.0,-1,-1
1783,-1,1886.9,109.06,13.98,28.43,46.3,-1,-1
1788,-1,1899.25,115.65,13.49,29.38,25.4,-1,-1
1826,-1,1176.16,309.77,18.34,10.21,32.6,-1,-1
1829,-1,282.02,97.95,83.39,32.64,26.3,-1,-1
1830,-1,285.77,99.47,81.4,33.87,45.8,-1,-1
1830,-1,282.14,136.57,29.83,16.39,35.8,-1,-1
1840,-1,0.0,855.05,18.03,11.94,25.8,-1,-1
1853,-1,673.33,184.74,17.98,10.55,35.4,-1,-1
1855,-1,678.86,185.26,17.06,11.48,29.3,-1,-1
1869,-1,0.06,714.29,16.5,12.34,26.6,-1,-1
1870,-1,0.25,713.49,21.6,12.8,47.5,-1,-1
1871,-1,0.68,711.96,24.65,13.08,54.1,-1,-1
1873,-1,373.98,145.56,90.92,38.52,38.9,-1,-1
1874,-1,374.55,145.94,89.9,40.27,60.0,-1,-1
1875,-1,378.01,145.56,87.93,40.15,40.3,-1,-1
1884,-1,0.0,686.02,34.81,27.81,36.4,-1,-1
1896,-1,419.88,166.65,91.19,37.36,48.0,-1,-1
1897,-1,420.9,168.34,93.16,40.24,52.4,-1,-1
1904,-1,1584.23,37.0,19.07,47.55,37.5,-1,-1
1906,-1,1587.1,31.24,23.68,51.53,36.5,-1,-1
1911,-1,446.73,179.67,30.96,44.74,57.8,-1,-1
1911,-1,179.99,665.45,26.61,23.04,36.4,-1,-1
1912,-1,447.06,178.74,35.7,48.66,73.6,-1,-1
1912,-1,183.44,663.27,28.82,21.53,51.5,-1,-1
1913,-1,186.53,666.69,30.79,19.77,31.3,-1,-1
1919,-1,238.08,657.55,20.29,17.58,33.9,-1,-1
1920,-1,238.64,656.33,26.05,17.53,31.6,-1,-1
1921,-1,244.52,653.85,23.61,18.95,38.2,-1,-1
1921,-1,241.34,658.14,28.09,15.34,29.1,-1,-1
1922,-1,250.69,654.22,27.43,19.07,35.9,-1,-1
1923,-1,252.32,654.06,30.57,20.01,36.3,-1,-1
1928,-1,496.01,197.13,75.37,41.94,25.8,-1,-1
1930,-1,496.15,196.9,72.11,44.22,32.7,-1,-1
1932,-1,606.75,187.86,16.11,17.66,25.7,-1,-1
1937,-1,497.53,200.68,90.79,44.37,30.1,-1,-1
1939,-1,1254.61,691.26,37.44,25.86,27.3,-1,-1
1942,-1,382.31,636.45,23.0,17.83,43.9,-1,-1
1943,-1,381.04,636.01,25.44,17.35,49.5,-1,-1
1944,-1,381.86,634.62,32.83,19.42,40.7,-1,-1
1945,-1,376.41,633.11,41.58,24.47,31.7,-1,-1
1960,-1,516.07,216.61,91.09,44.92,45.3,-1,-1
1961,-1,519.35,218.09,91.42,39.64,38.1,-1,-1
1962,-1,518.81,218.92,91.15,45.62,48.2,-1,-1
1964,-1,519.45,221.17,86.27,38.83,28.1,-1,-1
1965,-1,521.75,221.34,78.83,38.95,30.3,-1,-1
1966,-1,523.45,224.4,77.5,39.28,34.5,-1,-1
1970,-1,600.47,595.63,17.78,10.7,27.9,-1,-1
1972,-1,525.03,237.94,82.61,40.57,37.8,-1,-1
1973,-1,524.27,235.06,86.29,42.39,32.2,-1,-1
1974,-1,524.96,233.12,76.26,39.85,26.5,-1,-1
1975,-1,523.78,236.25,81.5,41.82,25.8,-1,-1
1976,-1,525.17,232.73,77.59,36.49,33.7,-1,-1
1977,-1,525.76,233.67,74.94,33.36,27.8,-1,-1
1978,-1,523.15,234.24,79.46,40.3,33.0,-1,-1
1981,-1,522.09,240.62,91.84,42.99,59.6,-1,-1
1982,-1,522.34,241.16,91.1,40.74,58.1,-1,-1
1983,-1,522.44,243.15,90.57,41.45,47.4,-1,-1
1984,-1,521.01,243.57,90.44,40.87,48.5,-1,-1
1986,-1,528.57,244.89,79.21,38.44,25.6,-1,-1
1989,-1,526.79,248.72,83.63,36.75,33.6,-1,-1
1989,-1,522.99,249.8,34.95,43.78,30.8,-1,-1
1989,-1,1443.06,905.98,16.7,9.3,30.7,-1,-1
1990,-1,527.86,251.0,81.88,36.6,25.9,-1,-1
1996,-1,589.73,614.05,41.56,22.99,25.2,-1,-1
1997,-1,590.68,613.65,39.35,22.22,26.0,-1,-1
2000,-1,596.59,614.35,36.45,21.3,31.3,-1,-1
2001,-1,596.09,613.26,47.55,28.61,33.3,-1,-1
2002,-1,599.76,613.6,40.2,24.67,28.1,-1,-1
2003,-1,602.6,613.99,33.96,20.68,44.7,-1,-1
2004,-1,604.23,614.3,31.62,18.31,37.7,-1,-1
2005,-1,605.4,615.24,30.94,17.55,36.5,-1,-1
2017,-1,742.91,578.89,29.23,49.34,45.3,-1,-1
2018,-1,745.29,578.85,20.53,45.53,25.9,-1,-1
2020,-1,766.06,595.99,26.1,21.73,27.7,-1,-1
2021,-1,765.42,590.67,30.37,28.94,34.4,-1,-1
2022,-1,756.21,576.22,45.19,54.2,33.1,-1,-1
2023,-1,759.43,585.3,43.68,36.63,46.5,-1,-1
2023,-1,739.83,597.28,71.3,37.34,33.1,-1,-1
2024,-1,741.99,599.14,73.17,34.52,32.2,-1,-1
2024,-1,761.4,580.01,46.49,41.15,25.2,-1,-1
2025,-1,757.92,591.49,46.77,32.16,36.1,-1,-1
2025,-1,741.28,597.21,67.27,35.81,33.3,-1,-1
2026,-1,765.38,593.12,38.38,24.17,42.0,-1,-1
2026,-1,543.7,293.53,74.52,33.78,27.8,-1,-1
2027,-1,758.45,591.3,55.64,30.22,54.6,-1,-1
2027,-1,755.49,581.19,58.72,42.91,32.0,-1,-1
2028,-1,757.1,590.24,62.98,31.44,32.6,-1,-1
2029,-1,543.05,296.03,75.68,36.19,36.5,-1,-1
2031,-1,541.53,298.32,74.29,36.52,42.2,-1,-1
2032,-1,542.07,300.05,75.31,36.35,40.2,-1,-1
2033,-1,538.84,301.63,79.2,35.69,37.9,-1,-1
2033,-1,758.21,606.49,31.75,22.18,26.8,-1,-1
2034,-1,538.84,302.08,82.46,39.71,40.8,-1,-1
2035,-1,869.9,610.22,29.59,10.51,34.4,-1,-1
2035,-1,538.3,302.62,82.34,38.89,30.8,-1,-1
2036,-1,537.59,302.57,83.23,38.03,29.3,-1,-1
2036,-1,870.39,610.12,32.95,11.18,27.8,-1,-1
2037,-1,541.15,302.88,75.03,34.6,37.1,-1,-1
2037,-1,531.5,305.27,94.47,40.28,30.3,-1,-1
2038,-1,540.61,303.69,77.11,34.54,33.0,-1,-1
2039,-1,536.34,305.69,78.54,34.31,36.4,-1,-1
2041,-1,943.22,583.48,40.62,18.87,29.8,-1,-1
2041,-1,880.48,605.06,35.44,15.77,28.3,-1,-1
2042,-1,1799.89,24.65,16.53,32.05,30.7,-1,-1
2043,-1,1802.19,27.08,16.47,29.11,30.4,-1,-1
2044,-1,1804.97,25.9,15.16,30.56,40.9,-1,-1
2044,-1,883.06,589.26,37.54,28.82,32.4,-1,-1
2045,-1,1808.28,26.97,17.0,31.08,39.0,-1,-1
2046,-1,872.3,581.27,63.36,40.23,31.5,-1,-1
2051,-1,520.38,341.74,55.51,21.73,46.9,-1,-1
2052,-1,1826.95,35.21,17.32,28.16,51.6,-1,-1
2052,-1,519.63,343.18,54.65,20.77,30.9,-1,-1
2053,-1,1826.75,31.82,20.25,34.29,49.4,-1,-1
2069,-1,546.1,333.24,35.35,45.81,28.8,-1,-1
2073,-1,1040.61,558.98,44.48,49.47,27.2,-1,-1
2074,-1,553.48,336.76,44.49,46.08,57.3,-1,-1
2075,-1,552.73,336.01,45.3,47.76,63.8,-1,-1
2076,-1,549.21,337.52,85.85,46.05,32.2,-1,-1
2077,-1,548.12,337.86,90.27,42.96,58.2,-1,-1
2078,-1,546.02,339.25,93.37,43.84,37.5,-1,-1
2079,-1,547.4,340.42,97.79,43.65,55.2,-1,-1
2080,-1,549.33,342.77,94.68,41.67,35.3,-1,-1
2098,-1,548.77,362.58,82.09,38.41,32.1,-1,-1
2099,-1,1245.17,572.97,64.97,26.76,41.6,-1,-1
2102,-1,1269.16,577.12,54.49,25.52,27.4,-1,-1
2103,-1,1162.56,553.27,53.14,68.47,28.4,-1,-1
2104,-1,1162.66,555.07,56.44,66.01,30.2,-1,-1
2104,-1,537.94,399.14,34.47,18.53,26.8,-1,-1
2105,-1,1160.58,541.49,63.76,80.75,35.2,-1,-1
2106,-1,1314.88,594.56,28.89,11.01,30.9,-1,-1
2106,-1,533.2,373.38,73.93,40.6,25.2,-1,-1
2107,-1,528.43,373.8,77.63,43.25,39.2,-1,-1
2111,-1,518.03,377.29,75.1,40.03,31.1,-1,-1
2116,-1,508.42,420.65,37.25,15.9,33.0,-1,-1
2117,-1,509.71,388.55,74.84,41.59,25.6,-1,-1
2119,-1,1214.17,566.07,65.97,59.84,30.4,-1,-1
2121,-1,1250.12,575.19,35.8,50.19,29.8,-1,-1
2123,-1,1265.03,617.93,32.55,13.74,25.2,-1,-1
2124,-1,1248.96,578.45,43.34,52.04,49.2,-1,-1
2125,-1,1253.97,578.41,39.84,52.84,48.6,-1,-1
2126,-1,1259.78,579.47,35.62,54.32,36.0,-1,-1
2127,-1,1104.26,636.65,47.55,22.86,38.3,-1,-1
2127,-1,1261.17,580.81,35.9,51.16,28.5,-1,-1
2127,-1,1362.77,604.25,18.99,14.89,26.7,-1,-1
2128,-1,1103.3,639.4,43.37,21.54,53.0,-1,-1
2129,-1,1101.07,641.07,43.85,20.33,48.1,-1,-1
2130,-1,1096.11,643.6,38.29,18.9,28.7,-1,-1
2131,-1,1092.85,644.58,41.68,19.69,37.9,-1,-1
2131,-1,1371.2,606.55,24.69,18.79,30.6,-1,-1
2134,-1,1381.77,611.79,25.24,14.66,50.0,-1,-1
2135,-1,1386.35,612.8,23.99,14.19,50.0,-1,-1
2135,-1,1081.07,656.68,37.51,16.38,26.1,-1,-1
2136,-1,1385.28,616.47,32.31,13.57,31.3,-1,-1
2137,-1,1390.06,617.77,26.95,13.75,26.1,-1,-1
2138,-1,1073.92,655.35,43.5,19.54,45.8,-1,-1
2142,-1,443.28,424.89,76.37,46.92,27.5,-1,-1
2143,-1,1180.53,641.76,32.92,19.13,30.8,-1,-1
2144,-1,1056.64,663.09,35.9,20.17,41.0,-1,-1
2145,-1,1054.6,665.12,35.49,19.26,33.6,-1,-1
2146,-1,1052.1,665.17,37.92,21.99,26.7,-1,-1
2147,-1,1050.38,666.15,40.78,20.91,61.8,-1,-1
2148,-1,1048.52,666.9,44.77,20.01,57.5,-1,-1
2149,-1,1044.77,668.5,51.53,20.54,48.9,-1,-1
2150,-1,1041.89,670.09,46.17,22.18,35.1,-1,-1
2151,-1,425.12,438.26,76.43,32.78,39.0,-1,-1
2153,-1,424.84,440.38,80.03,37.26,26.9,-1,-1
2154,-1,426.87,444.15,59.19,29.08,34.0,-1,-1
2154,-1,1032.84,682.91,31.91,17.81,28.8,-1,-1
2156,-1,427.1,446.63,52.9,25.6,43.7,-1,-1
2156,-1,1031.4,683.48,35.96,16.66,25.2,-1,-1
2157,-1,1027.63,685.54,35.58,18.2,33.3,-1,-1
2159,-1,1180.03,663.56,37.89,19.51,33.7,-1,-1
2164,-1,394.6,459.65,77.07,44.17,38.5,-1,-1
2166,-1,390.44,461.89,78.95,43.15,55.7,-1,-1
2169,-1,382.96,463.11,77.96,40.32,31.9,-1,-1
2171,-1,377.31,464.93,76.13,38.28,27.1,-1,-1
2175,-1,366.55,469.99,85.96,39.95,29.1,-1,-1
2178,-1,366.75,469.87,68.59,36.16,32.2,-1,-1
2179,-1,368.27,470.02,65.6,32.55,25.9,-1,-1
2209,-1,271.23,494.34,87.94,39.57,30.1,-1,-1
2212,-1,274.53,498.08,88.35,44.52,31.6,-1,-1
2213,-1,271.4,499.79,89.64,44.76,33.3,-1,-1
2214,-1,277.97,496.18,77.91,41.32,45.4,-1,-1
2215,-1,270.01,496.51,76.61,46.08,50.9,-1,-1
2216,-1,252.29,499.44,96.97,47.25,47.6,-1,-1
2222,-1,1586.34,607.92,42.45,38.49,26.9,-1,-1
2226,-1,215.35,545.15,19.01,9.58,31.6,-1,-1
2227,-1,215.43,545.2,18.61,9.77,34.3,-1,-1
2231,-1,743.09,828.79,23.46,19.08,35.1,-1,-1
2231,-1,1643.64,608.04,87.63,35.65,32.5,-1,-1
2232,-1,1648.93,609.54,82.49,30.42,30.3,-1,-1
2234,-1,1648.26,609.27,59.6,28.98,28.2,-1,-1
2244,-1,1703.88,615.25,75.0,26.28,32.3,-1,-1
2244,-1,1720.63,617.34,56.63,19.42,27.5,-1,-1
2253,-1,196.08,526.43,93.75,46.4,25.9,-1,-1
2255,-1,195.28,529.33,78.86,45.46,32.6,-1,-1
2271,-1,1810.66,612.52,36.31,30.45,30.2,-1,-1
2273,-1,190.59,541.5,65.07,37.26,28.4,-1,-1
2274,-1,186.65,541.52,73.79,39.57,58.0,-1,-1
2275,-1,184.26,542.25,77.15,41.49,50.9,-1,-1
2276,-1,183.44,543.21,77.36,38.21,53.7,-1,-1
2277,-1,181.48,542.14,83.59,43.68,61.6,-1,-1
2278,-1,179.66,541.72,86.36,43.9,58.3,-1,-1
2279,-1,178.26,542.0,86.99,42.96,42.7,-1,-1
2280,-1,175.78,542.33,87.71,43.78,40.8,-1,-1
2281,-1,1863.11,605.5,38.84,36.96,38.5,-1,-1
2281,-1,174.57,541.91,86.48,42.22,32.0,-1,-1
2282,-1,1865.27,607.06,43.9,36.61,36.5,-1,-1
2282,-1,174.05,543.49,83.47,38.61,28.7,-1,-1
2283,-1,1873.7,603.29,45.37,35.58,26.3,-1,-1
2285,-1,169.37,542.64,82.23,41.99,31.4,-1,-1
2286,-1,169.02,541.63,84.88,45.62,36.5,-1,-1
2295,-1,181.06,540.82,74.36,47.82,25.8,-1,-1
2307,-1,186.36,540.25,73.1,36.1,33.1,-1,-1
2308,-1,184.75,540.51,77.48,39.77,25.4,-1,-1
2312,-1,187.91,541.01,71.12,40.15,30.8,-1,-1
2322,-1,193.69,541.02,69.18,36.22,34.0,-1,-1
2323,-1,192.84,540.52,67.22,37.39,41.6,-1,-1
2324,-1,190.34,539.29,70.82,38.63,59.8,-1,-1
2325,-1,189.81,539.28,69.48,42.12,50.0,-1,-1
2326,-1,193.07,541.09,64.55,36.18,25.6,-1,-1
2331,-1,216.94,538.59,43.48,29.33,26.7,-1,-1
2333,-1,216.35,538.81,44.45,26.55,32.9,-1,-1
2335,-1,213.91,523.36,54.5,48.89,25.5,-1,-1
2336,-1,214.17,535.51,57.32,38.36,38.2,-1,-1
2338,-1,212.83,531.4,71.62,42.58,43.4,-1,-1
2339,-1,209.22,530.94,78.89,44.62,33.3,-1,-1
2343,-1,211.52,532.39,87.05,44.67,26.4,-1,-1
2349,-1,208.3,532.42,89.97,44.86,29.0,-1,-1
2380,-1,861.76,805.35,73.73,26.2,32.0,-1,-1
2381,-1,1842.72,763.76,74.7,136.59,47.3,-1,-1
2384,-1,1753.92,904.25,32.44,15.83,33.1,-1,-1
2384,-1,200.61,532.7,77.35,40.85,31.9,-1,-1
2387,-1,226.04,530.41,71.95,42.42,41.6,-1,-1
2389,-1,250.96,529.72,93.22,46.98,39.9,-1,-1
2390,-1,260.4,530.27,84.21,43.77,28.9,-1,-1
2391,-1,268.45,530.7,81.36,40.95,36.0,-1,-1
2392,-1,278.67,529.86,86.16,44.38,53.7,-1,-1
2393,-1,292.61,530.54,79.09,39.94,41.4,-1,-1
2394,-1,301.37,531.06,82.39,37.58,47.9,-1,-1
2395,-1,310.73,532.94,70.44,37.44,42.7,-1,-1
2396,-1,321.08,532.58,70.6,37.37,58.1,-1,-1
2397,-1,332.68,533.2,69.71,33.65,51.2,-1,-1
2398,-1,337.04,537.57,70.26,34.9,42.8,-1,-1
2398,-1,1520.46,707.95,78.85,107.76,31.8,-1,-1
2399,-1,346.9,534.25,64.59,37.88,59.4,-1,-1
2400,-1,355.66,535.19,65.55,37.8,52.4,-1,-1
2401,-1,360.41,537.68,68.95,36.51,57.0,-1,-1
2401,-1,1471.27,691.78,80.59,112.51,41.8,-1,-1
2402,-1,371.44,539.83,54.74,34.39,51.7,-1,-1
2402,-1,1449.52,675.63,96.15,129.51,37.2,-1,-1
2403,-1,376.19,542.24,60.73,30.22,54.8,-1,-1
2403,-1,377.17,547.11,51.07,23.5,25.4,-1,-1
2404,-1,1426.01,670.59,82.14,127.28,58.2,-1,-1
2404,-1,384.72,540.4,63.75,31.96,47.7,-1,-1
2405,-1,390.39,543.02,59.63,32.32,44.8,-1,-1
2406,-1,399.64,543.17,60.75,31.59,58.5,-1,-1
2406,-1,1865.32,399.26,30.99,15.46,27.8,-1,-1
2407,-1,402.75,543.85,58.92,30.6,52.0,-1,-1
2408,-1,1375.55,663.67,75.9,122.14,68.4,-1,-1
2408,-1,406.45,545.86,58.89,29.33,41.3,-1,-1
2409,-1,1357.96,664.13,82.44,126.06,57.9,-1,-1
2409,-1,413.61,546.01,57.83,30.03,56.0,-1,-1
2410,-1,414.37,546.48,70.93,32.03,56.1,-1,-1
2410,-1,414.4,549.39,81.47,38.44,47.1,-1,-1
2410,-1,1346.22,648.38,82.59,139.34,35.7,-1,-1
2411,-1,421.7,547.87,62.45,33.21,53.4,-1,-1
2411,-1,1333.12,667.21,80.32,119.06,47.8,-1,-1
2411,-1,420.49,549.82,75.38,35.85,47.7,-1,-1
2412,-1,428.38,550.97,59.14,26.08,52.9,-1,-1
2412,-1,1326.07,667.57,75.4,102.57,41.9,-1,-1
2412,-1,426.0,549.66,71.35,34.0,39.1,-1,-1
2413,-1,435.76,551.18,66.25,33.37,52.8,-1,-1
2413,-1,1308.59,639.68,76.22,125.89,35.2,-1,-1
2414,-1,442.09,553.82,63.68,31.03,53.0,-1,-1
2414,-1,1296.88,669.02,62.92,90.29,25.6,-1,-1
2415,-1,1274.43,653.93,77.44,112.33,74.8,-1,-1
2415,-1,448.49,554.6,54.19,29.55,53.3,-1,-1
2416,-1,1257.53,636.66,77.2,131.18,47.0,-1,-1
2416,-1,453.92,554.34,47.64,29.95,46.3,-1,-1
2417,-1,1241.14,659.55,78.24,104.35,65.8,-1,-1
2417,-1,456.55,555.73,52.54,31.24,56.7,-1,-1
2417,-1,1726.21,572.26,20.8,9.57,40.3,-1,-1
2418,-1,462.04,562.72,52.6,24.9,61.5,-1,-1
2418,-1,1223.45,642.84,75.27,117.09,32.6,-1,-1
2418,-1,1698.56,572.57,24.12,10.25,29.5,-1,-1
2419,-1,461.91,563.77,54.54,25.82,72.0,-1,-1
2419,-1,727.55,562.18,85.07,154.64,47.6,-1,-1
2420,-1,465.41,567.65,50.41,24.84,66.1,-1,-1
2420,-1,1189.05,643.24,75.9,113.98,60.4,-1,-1
2420,-1,193.38,715.9,25.88,17.75,41.5,-1,-1
2421,-1,467.67,569.07,53.28,26.91,59.7,-1,-1
2421,-1,214.19,715.12,18.69,13.0,44.9,-1,-1
2421,-1,1175.59,638.61,70.61,115.68,38.7,-1,-1
2422,-1,468.45,572.56,48.7,24.82,50.4,-1,-1
2422,-1,221.58,714.39,18.05,12.38,44.9,-1,-1
2422,-1,1170.13,654.27,57.24,91.45,43.8,-1,-1
2423,-1,1148.63,647.13,61.63,98.1,70.1,-1,-1
2423,-1,468.04,573.18,53.57,27.07,54.8,-1,-1
2423,-1,222.62,716.1,20.17,14.63,46.0,-1,-1
2424,-1,466.17,578.07,49.29,27.9,60.7,-1,-1
2424,-1,465.07,578.45,65.91,31.74,32.2,-1,-1
2425,-1,463.12,583.5,46.83,23.18,66.4,-1,-1
2425,-1,1729.18,495.89,25.83,13.24,31.0,-1,-1
2425,-1,237.11,715.76,16.66,12.28,30.0,-1,-1
2425,-1,1117.78,646.72,54.88,99.92,25.5,-1,-1
2426,-1,1092.36,645.56,63.03,102.6,68.7,-1,-1
2426,-1,463.02,585.51,44.6,22.8,65.5,-1,-1
2426,-1,241.98,716.27,17.06,11.96,51.3,-1,-1
2426,-1,692.98,569.55,66.31,144.51,32.3,-1,-1
2427,-1,1085.53,647.07,46.55,93.24,65.1,-1,-1
2427,-1,460.36,590.38,49.68,22.56,63.1,-1,-1
2427,-1,242.8,716.7,20.3,11.54,33.9,-1,-1
2428,-1,456.91,595.21,40.47,20.43,56.7,-1,-1
2428,-1,244.29,715.61,21.65,13.81,42.5,-1,-1
2428,-1,1065.42,651.11,53.78,95.42,42.1,-1,-1
2429,-1,450.74,596.52,51.63,24.01,61.2,-1,-1
2429,-1,1047.55,650.42,53.28,95.65,49.5,-1,-1
2429,-1,246.96,716.66,22.79,12.98,39.2,-1,-1
2429,-1,1634.05,385.86,55.51,127.5,35.2,-1,-1
2430,-1,447.16,600.9,49.15,20.15,63.6,-1,-1
2430,-1,1405.67,606.51,17.16,8.46,25.7,-1,-1
2431,-1,443.38,601.85,54.04,23.67,63.7,-1,-1
2432,-1,435.26,607.56,39.44,19.88,59.5,-1,-1
2432,-1,990.09,649.66,53.59,98.31,49.7,-1,-1
2433,-1,428.86,612.71,40.48,18.77,71.5,-1,-1
2433,-1,970.31,632.91,50.5,117.57,48.2,-1,-1
2434,-1,419.92,614.8,38.13,19.2,68.7,-1,-1
2434,-1,952.48,614.75,48.83,134.37,29.7,-1,-1
2435,-1,412.13,620.64,33.44,16.34,58.7,-1,-1
2435,-1,926.09,608.58,49.2,146.69,55.2,-1,-1
2436,-1,404.49,623.02,35.36,19.58,33.0,-1,-1
2438,-1,383.87,631.55,36.3,18.3,41.8,-1,-1
2439,-1,374.61,636.46,32.87,15.44,59.3,-1,-1
2440,-1,360.87,638.56,34.65,17.44,66.5,-1,-1
2440,-1,1146.52,642.5,18.82,9.33,27.6,-1,-1
2440,-1,1297.78,556.81,45.01,16.27,27.2,-1,-1
2441,-1,351.94,644.86,30.4,14.4,57.0,-1,-1
2442,-1,334.82,646.2,32.35,15.27,47.3,-1,-1
2442,-1,25.3,712.1,31.63,18.64,26.9,-1,-1
2442,-1,1239.92,567.31,40.52,17.19,26.2,-1,-1
2443,-1,1060.2,654.09,26.19,9.44,30.8,-1,-1
2443,-1,171.77,738.77,21.01,10.38,28.5,-1,-1
2444,-1,1854.3,689.9,28.35,11.03,26.4,-1,-1
2444,-1,312.18,659.27,31.39,13.92,25.2,-1,-1
2444,-1,1181.9,586.91,28.21,16.22,25.2,-1,-1
2445,-1,295.69,660.75,28.46,13.68,41.2,-1,-1
2445,-1,1815.79,691.93,28.14,11.21,33.2,-1,-1
2446,-1,284.27,664.02,24.08,12.6,55.7,-1,-1
2447,-1,266.74,668.42,27.5,12.99,58.1,-1,-1
2447,-1,1736.02,699.03,30.35,12.41,42.8,-1,-1
2448,-1,1697.73,702.66,26.81,11.67,38.4,-1,-1
2448,-1,1059.4,518.55,50.9,103.6,37.5,-1,-1
2449,-1,1703.42,448.1,21.87,11.01,26.2,-1,-1
2450,-1,613.82,671.4,37.48,110.62,41.6,-1,-1
2451,-1,1587.5,711.63,26.54,12.07,47.5,-1,-1
2451,-1,596.58,676.9,33.82,108.0,47.0,-1,-1
2451,-1,200.66,684.02,25.38,13.54,35.9,-1,-1
2451,-1,346.6,651.9,46.75,107.92,26.0,-1,-1
2452,-1,568.36,673.75,40.13,114.62,58.0,-1,-1
2452,-1,181.16,687.71,29.47,14.87,54.3,-1,-1
2452,-1,1551.36,714.97,26.88,11.91,31.3,-1,-1
2453,-1,162.25,690.25,26.79,14.73,57.5,-1,-1
2453,-1,1558.73,473.59,32.56,12.1,27.8,-1,-1
2454,-1,142.49,696.67,32.17,14.88,41.5,-1,-1
2454,-1,906.26,559.1,40.52,89.55,34.9,-1,-1
2454,-1,142.35,694.84,28.76,14.58,34.2,-1,-1
2456,-1,104.27,704.57,32.89,16.07,57.8,-1,-1
2456,-1,856.15,567.39,36.66,92.56,32.5,-1,-1
2456,-1,479.65,701.11,35.08,99.19,29.4,-1,-1
2457,-1,83.71,710.14,32.74,15.44,51.0,-1,-1
2457,-1,833.91,571.44,34.94,90.98,37.1,-1,-1
2457,-1,1427.15,497.02,54.56,16.56,32.6,-1,-1
2458,-1,67.33,714.34,26.58,12.75,58.7,-1,-1
2458,-1,434.74,701.86,37.17,104.69,44.1,-1,-1
2458,-1,1350.24,735.26,28.97,11.81,39.2,-1,-1
2459,-1,1869.24,770.82,50.76,99.43,77.7,-1,-1
2459,-1,45.39,716.09,35.74,15.97,55.7,-1,-1
2459,-1,1320.78,736.65,27.86,11.9,53.8,-1,-1
2459,-1,1866.76,757.91,53.24,120.8,53.2,-1,-1
2459,-1,1361.77,508.94,38.98,12.58,34.9,-1,-1
2459,-1,672.48,713.33,23.55,9.76,30.9,-1,-1
2459,-1,789.87,656.47,26.99,17.32,27.0,-1,-1
2460,-1,1829.11,774.55,59.8,101.25,77.3,-1,-1
2460,-1,392.76,712.57,32.03,96.67,44.8,-1,-1
2460,-1,765.04,662.14,26.21,15.12,41.3,-1,-1
2460,-1,1291.61,741.03,22.96,11.88,37.6,-1,-1
2460,-1,648.66,718.23,22.57,9.71,29.0,-1,-1
2460,-1,1330.83,517.57,53.92,15.51,25.2,-1,-1
2461,-1,1792.22,778.66,63.22,96.66,75.4,-1,-1
2461,-1,739.98,661.48,26.88,17.06,42.4,-1,-1
2461,-1,1301.13,521.58,22.59,11.45,37.9,-1,-1
2461,-1,1257.41,745.11,28.02,12.77,31.1,-1,-1
2462,-1,1745.11,771.65,72.2,113.33,78.2,-1,-1
2462,-1,703.21,594.93,37.09,91.1,38.9,-1,-1
2462,-1,1219.33,751.04,25.85,11.57,32.9,-1,-1
2462,-1,1271.07,524.37,43.29,14.24,29.0,-1,-1
2462,-1,0.0,733.43,24.29,15.51,25.6,-1,-1
2463,-1,1716.98,777.12,60.14,102.08,74.7,-1,-1
2463,-1,676.81,603.7,37.06,87.13,59.3,-1,-1
2463,-1,317.93,714.38,37.2,106.58,29.8,-1,-1
2464,-1,1676.37,767.26,66.62,115.48,77.3,-1,-1
2464,-1,649.29,609.08,41.5,84.25,70.6,-1,-1
2464,-1,1171.44,751.22,24.52,12.31,44.6,-1,-1
2464,-1,740.89,885.4,35.87,107.55,32.4,-1,-1
2465,-1,1639.38,773.39,62.91,108.61,71.6,-1,-1
2465,-1,631.57,612.81,38.25,83.19,66.7,-1,-1
2465,-1,57.46,707.15,43.59,107.12,37.4,-1,-1
2465,-1,283.43,727.44,28.77,94.78,31.5,-1,-1
2465,-1,1871.66,665.49,28.39,10.47,26.5,-1,-1
2466,-1,599.54,612.8,47.25,85.26,73.0,-1,-1
2466,-1,42.62,715.52,45.51,95.05,66.3,-1,-1
2466,-1,1602.7,774.43,60.26,109.29,66.3,-1,-1
2466,-1,1111.69,753.64,23.64,12.29,42.4,-1,-1
2466,-1,1153.99,545.03,30.3,12.19,35.5,-1,-1
2467,-1,1563.64,780.26,66.57,101.68,73.1,-1,-1
2467,-1,34.42,715.19,41.29,96.08,68.3,-1,-1
2467,-1,667.31,882.77,38.96,109.66,58.8,-1,-1
2467,-1,588.13,614.45,39.19,84.21,58.2,-1,-1
2467,-1,1797.97,667.35,20.67,9.49,38.0,-1,-1
2467,-1,1125.16,547.19,44.14,13.29,27.9,-1,-1
2467,-1,574.15,609.67,54.95,90.44,26.1,-1,-1
2468,-1,1528.22,779.4,59.58,96.03,75.2,-1,-1
2468,-1,568.9,615.4,40.43,87.29,65.3,-1,-1
2468,-1,24.03,712.84,44.69,99.41,63.9,-1,-1
2468,-1,236.19,731.03,29.03,90.51,44.7,-1,-1
2468,-1,482.65,736.07,20.8,10.29,40.7,-1,-1
2468,-1,1750.25,668.42,23.88,10.08,28.8,-1,-1
2469,-1,1489.6,772.15,61.35,107.6,77.7,-1,-1
2469,-1,11.2,714.47,51.93,93.42,69.5,-1,-1
2469,-1,549.94,612.07,43.01,88.64,58.7,-1,-1
2469,-1,618.77,873.25,46.08,115.0,31.4,-1,-1
2470,-1,1455.24,770.87,62.31,105.13,73.8,-1,-1
2470,-1,537.89,613.6,39.63,86.08,72.0,-1,-1
2470,-1,2.64,707.63,49.66,97.05,59.5,-1,-1
2470,-1,2.39,708.39,46.15,66.15,42.0,-1,-1
2470,-1,211.36,725.69,34.45,94.39,41.4,-1,-1
2470,-1,1679.37,668.14,19.41,8.81,29.8,-1,-1
2470,-1,1051.72,555.63,41.76,14.15,29.1,-1,-1
2471,-1,520.18,614.87,44.16,84.5,77.0,-1,-1
2471,-1,1420.89,762.16,63.89,103.62,75.6,-1,-1
2471,-1,1567.92,958.09,75.03,121.91,60.0,-1,-1
2471,-1,588.04,858.78,42.76,119.33,52.7,-1,-1
2471,-1,980.04,749.6,25.62,12.6,48.3,-1,-1
2471,-1,1025.1,556.91,36.94,12.52,42.6,-1,-1
2472,-1,1389.49,746.86,61.38,112.22,75.7,-1,-1
2472,-1,1.05,710.02,41.2,92.33,69.2,-1,-1
2472,-1,1530.78,955.09,72.99,121.0,67.7,-1,-1
2472,-1,194.54,722.38,31.59,89.2,67.6,-1,-1
2472,-1,505.44,611.61,41.55,86.61,64.2,-1,-1
2472,-1,572.53,861.44,37.62,109.32,50.4,-1,-1
2472,-1,764.3,947.16,68.72,128.71,41.4,-1,-1
2472,-1,1003.12,558.52,40.57,13.65,38.4,-1,-1
2472,-1,1602.08,665.43,23.99,9.81,31.2,-1,-1
2472,-1,1366.31,943.2,68.42,130.03,27.2,-1,-1
2473,-1,495.76,613.51,39.59,83.81,73.3,-1,-1
2473,-1,1356.55,754.15,62.9,101.86,73.0,-1,-1
2473,-1,1498.29,928.93,70.24,130.73,71.4,-1,-1
2473,-1,1.71,709.29,36.82,89.03,69.2,-1,-1
2473,-1,1330.94,936.77,72.87,125.01,65.3,-1,-1
2473,-1,939.16,742.17,22.93,12.28,33.0,-1,-1
2473,-1,982.05,557.14,35.78,14.5,31.8,-1,-1
2473,-1,188.87,727.95,28.04,80.66,31.4,-1,-1
2473,-1,756.32,920.27,55.61,138.73,27.3,-1,-1
2474,-1,478.59,612.91,42.45,82.8,78.1,-1,-1
2474,-1,1333.32,744.46,55.53,104.31,75.5,-1,-1
2474,-1,1467.05,920.89,61.64,130.57,72.6,-1,-1
2474,-1,0.46,706.58,33.25,90.03,68.8,-1,-1
2474,-1,548.87,848.58,33.12,105.87,63.8,-1,-1
2474,-1,182.63,722.31,29.35,85.68,51.8,-1,-1
2474,-1,961.51,560.47,39.5,13.32,32.2,-1,-1
2474,-1,0.18,711.64,25.05,84.64,30.6,-1,-1
2474,-1,918.46,741.06,22.6,11.19,29.7,-1,-1
2475,-1,1299.01,747.97,52.82,99.77,75.4,-1,-1
2475,-1,469.69,612.07,40.49,83.82,74.2,-1,-1
2475,-1,0.57,715.19,34.41,76.76,66.7,-1,-1
2475,-1,1433.0,915.86,63.3,128.85,64.2,-1,-1
2475,-1,723.47,911.63,56.25,137.73,59.9,-1,-1
2475,-1,532.15,843.73,31.05,105.24,54.5,-1,-1
2475,-1,171.07,718.45,33.13,86.37,42.5,-1,-1
2475,-1,1279.64,934.19,61.97,109.42,39.1,-1,-1
2475,-1,896.2,738.73,23.17,11.73,37.1,-1,-1
2476,-1,458.47,613.97,38.86,79.63,78.5,-1,-1
2476,-1,1272.82,739.29,55.79,103.07,72.8,-1,-1
2476,-1,0.52,720.06,29.45,66.18,72.2,-1,-1
2476,-1,516.17,830.52,39.9,117.86,68.7,-1,-1
2476,-1,165.78,720.37,27.96,80.93,66.2,-1,-1
2476,-1,1402.7,920.3,60.63,115.3,45.6,-1,-1
2476,-1,699.19,912.05,62.14,136.22,39.7,-1,-1
2476,-1,1250.16,931.14,61.74,101.99,35.6,-1,-1
2476,-1,922.31,561.66,39.59,13.55,34.9,-1,-1
2476,-1,880.9,736.14,21.03,10.02,30.3,-1,-1
2477,-1,1251.6,734.55,50.61,99.21,75.5,-1,-1
2477,-1,449.37,614.6,36.19,77.84,74.2,-1,-1
2477,-1,501.11,833.59,37.9,105.42,68.0,-1,-1
2477,-1,159.36,706.74,29.26,90.84,65.6,-1,-1
2477,-1,0.0,717.97,24.77,65.54,57.3,-1,-1
2477,-1,682.67,910.59,58.37,122.21,49.6,-1,-1
2477,-1,1375.15,916.05,56.24,111.73,36.3,-1,-1
2478,-1,433.7,618.25,40.05,71.88,76.1,-1,-1
2478,-1,665.91,910.53,61.8,117.87,74.5,-1,-1
2478,-1,1227.63,734.02,50.06,97.45,73.0,-1,-1
2478,-1,490.98,825.48,38.82,107.87,70.4,-1,-1
2478,-1,1349.09,900.35,52.68,123.28,43.8,-1,-1
2479,-1,423.21,616.15,38.08,72.39,75.2,-1,-1
2479,-1,1201.1,733.94,52.12,99.19,74.0,-1,-1
2479,-1,478.16,823.72,36.97,106.58,67.5,-1,-1
2479,-1,1320.85,894.89,62.09,124.1,64.3,-1,-1
2479,-1,650.76,894.03,61.02,133.11,54.6,-1,-1
2479,-1,141.01,710.05,29.73,85.64,41.3,-1,-1
2479,-1,867.55,562.12,37.56,12.69,26.5,-1,-1
2480,-1,634.3,892.12,56.06,123.19,75.4,-1,-1
2480,-1,1181.1,729.36,47.39,96.14,73.2,-1,-1
2480,-1,415.54,614.66,34.08,71.47,69.0,-1,-1
2480,-1,465.23,815.67,39.46,114.12,57.9,-1,-1
2480,-1,1293.59,890.43,50.27,114.76,51.9,-1,-1
2480,-1,133.78,708.59,30.16,82.98,42.7,-1,-1
2480,-1,1361.73,654.12,23.62,9.94,28.5,-1,-1
2481,-1,1152.39,725.22,51.62,101.7,73.4,-1,-1
2481,-1,450.16,815.35,40.63,107.19,67.3,-1,-1
2481,-1,406.41,613.84,35.24,71.26,66.5,-1,-1
2481,-1,625.12,881.58,49.53,120.24,60.9,-1,-1
2481,-1,1268.86,880.69,50.68,119.83,58.7,-1,-1
2481,-1,130.56,704.33,27.11,81.88,31.5,-1,-1
2481,-1,834.18,561.48,36.59,12.29,30.1,-1,-1
2482,-1,1131.41,721.42,48.54,99.34,75.2,-1,-1
2482,-1,440.88,806.54,43.89,110.76,68.3,-1,-1
2482,-1,392.14,612.09,39.16,71.6,68.0,-1,-1
2482,-1,610.14,872.91,52.89,128.22,64.0,-1,-1
2482,-1,1247.31,881.98,46.04,113.32,49.2,-1,-1
2482,-1,123.0,703.04,26.65,83.03,42.1,-1,-1
2482,-1,821.75,561.96,33.29,11.23,33.3,-1,-1
2483,-1,1113.29,720.61,44.46,92.49,76.4,-1,-1
2483,-1,383.95,608.33,34.17,71.65,75.4,-1,-1
2483,-1,428.88,808.89,36.37,97.14,71.1,-1,-1
2483,-1,587.46,872.18,56.3,125.77,67.2,-1,-1
2483,-1,1224.68,868.25,53.29,123.06,32.7,-1,-1
2483,-1,764.84,718.1,19.08,10.18,30.2,-1,-1
