1,-1,548.36,420.95,189.58,355.44,59.4,-1,-1
1,-1,183.96,545.53,289.2,419.6,47.9,-1,-1
1,-1,1799.01,500.37,73.59,49.58,46.1,-1,-1
1,-1,1569.22,601.59,50.14,29.37,31.6,-1,-1
1,-1,182.83,545.34,406.62,495.37,28.6,-1,-1
1,-1,760.73,412.18,46.03,90.43,28.1,-1,-1
2,-1,547.11,419.63,190.48,357.53,54.6,-1,-1
2,-1,1796.41,497.87,73.7,50.05,43.9,-1,-1
2,-1,183.17,544.04,292.55,419.59,43.1,-1,-1
2,-1,760.27,409.91,49.97,92.97,30.8,-1,-1
2,-1,182.0,544.07,405.94,481.83,25.2,-1,-1
3,-1,547.61,417.28,189.54,360.03,53.1,-1,-1
3,-1,1795.88,499.34,74.28,48.17,41.3,-1,-1
3,-1,178.27,544.69,419.24,522.55,27.8,-1,-1
3,-1,173.58,544.41,302.39,418.24,27.2,-1,-1
4,-1,548.07,417.03,188.78,359.93,53.3,-1,-1
4,-1,1795.75,500.36,74.74,47.3,39.8,-1,-1
4,-1,178.1,544.97,419.57,522.35,27.0,-1,-1
4,-1,173.23,544.58,302.31,417.69,26.5,-1,-1
4,-1,815.31,394.81,128.43,267.57,26.3,-1,-1
5,-1,549.86,415.8,185.77,357.2,48.5,-1,-1
5,-1,1796.59,498.76,73.17,49.37,36.9,-1,-1
5,-1,816.18,392.64,127.48,266.07,31.3,-1,-1
5,-1,174.58,543.38,420.35,508.9,27.6,-1,-1
6,-1,553.4,417.63,183.1,353.57,46.6,-1,-1
6,-1,1794.81,498.8,74.22,48.56,39.3,-1,-1
6,-1,196.01,541.68,403.46,527.05,35.8,-1,-1
6,-1,815.74,393.26,126.93,263.12,28.7,-1,-1
7,-1,557.25,417.35,178.32,352.31,49.9,-1,-1
7,-1,209.42,540.87,390.46,519.09,35.0,-1,-1
7,-1,1792.24,499.91,76.12,46.77,33.0,-1,-1
7,-1,209.43,539.04,270.87,418.71,30.7,-1,-1
8,-1,558.31,420.96,178.47,350.6,47.2,-1,-1
8,-1,204.08,540.51,395.08,519.7,36.1,-1,-1
8,-1,205.93,538.99,272.8,415.36,33.4,-1,-1
8,-1,1795.65,498.21,71.86,47.22,27.5,-1,-1
8,-1,1558.86,593.66,54.16,28.51,25.8,-1,-1
9,-1,555.79,416.06,181.05,350.53,61.9,-1,-1
9,-1,1794.99,493.6,71.19,50.02,36.4,-1,-1
9,-1,211.75,538.76,396.37,530.37,35.7,-1,-1
9,-1,212.42,537.47,268.18,411.53,31.4,-1,-1
9,-1,760.09,404.67,49.38,96.45,26.0,-1,-1
10,-1,555.81,416.16,180.94,350.11,61.9,-1,-1
10,-1,1795.04,493.65,71.16,49.95,36.2,-1,-1
10,-1,211.76,538.81,395.47,528.0,33.5,-1,-1
10,-1,212.31,537.33,268.18,411.66,32.1,-1,-1
10,-1,760.1,404.65,49.31,96.35,25.9,-1,-1
10,-1,1558.7,593.3,54.98,27.72,25.9,-1,-1
11,-1,555.1,413.53,180.94,348.71,61.5,-1,-1
11,-1,215.6,538.16,397.28,533.59,42.3,-1,-1
11,-1,1792.32,495.09,74.92,49.23,34.5,-1,-1
11,-1,215.86,538.78,263.29,407.74,27.6,-1,-1
12,-1,219.93,535.2,388.31,535.15,56.8,-1,-1
12,-1,560.82,412.82,176.55,346.55,54.3,-1,-1
12,-1,1792.0,492.86,74.38,50.09,39.3,-1,-1
13,-1,563.19,416.42,171.14,345.44,49.6,-1,-1
13,-1,222.65,534.17,385.61,538.54,44.8,-1,-1
13,-1,1788.8,491.31,76.92,51.8,37.6,-1,-1
13,-1,760.4,403.13,48.44,90.04,27.8,-1,-1
14,-1,559.31,412.61,176.65,343.75,47.3,-1,-1
14,-1,227.23,535.1,378.15,537.04,40.4,-1,-1
14,-1,1789.96,492.49,76.41,50.31,35.4,-1,-1
14,-1,1558.13,594.74,50.71,21.64,30.1,-1,-1
14,-1,759.98,401.88,49.71,93.1,26.2,-1,-1
15,-1,561.58,410.83,173.87,344.19,46.8,-1,-1
15,-1,1793.24,492.72,71.36,48.14,36.3,-1,-1
15,-1,806.43,391.64,136.35,253.56,33.4,-1,-1
15,-1,222.65,532.41,391.8,541.44,33.2,-1,-1
15,-1,1556.73,592.71,51.44,22.94,31.5,-1,-1
16,-1,561.33,410.87,174.68,344.24,48.7,-1,-1
16,-1,1793.21,492.56,71.28,48.29,35.7,-1,-1
16,-1,221.88,532.73,392.97,541.22,32.7,-1,-1
16,-1,805.43,391.76,137.38,253.29,31.4,-1,-1
16,-1,1556.68,592.82,51.69,22.92,31.2,-1,-1
16,-1,557.7,620.38,173.22,137.98,25.2,-1,-1
17,-1,559.62,410.97,177.18,343.06,54.6,-1,-1
17,-1,1791.37,493.67,72.44,46.26,38.7,-1,-1
17,-1,226.52,530.23,381.74,544.52,34.0,-1,-1
17,-1,807.69,388.79,135.5,254.68,31.8,-1,-1
17,-1,227.16,530.25,244.86,400.95,30.6,-1,-1
18,-1,555.78,412.58,182.83,341.78,54.8,-1,-1
18,-1,808.1,388.49,134.58,256.08,37.0,-1,-1
18,-1,224.86,530.2,388.05,542.94,35.1,-1,-1
18,-1,1791.36,501.98,69.71,35.71,31.8,-1,-1
19,-1,553.11,412.83,186.31,340.94,67.2,-1,-1
19,-1,805.08,388.99,136.55,255.06,43.6,-1,-1
19,-1,227.57,522.63,241.57,415.92,35.4,-1,-1
19,-1,1792.53,496.35,67.24,39.36,31.9,-1,-1
19,-1,1552.83,585.7,53.63,26.85,27.6,-1,-1
19,-1,255.33,529.49,352.95,544.49,25.5,-1,-1
20,-1,553.72,410.95,183.27,340.69,71.0,-1,-1
20,-1,228.84,523.32,237.33,396.59,38.2,-1,-1
20,-1,805.96,388.67,136.14,254.32,34.0,-1,-1
20,-1,1788.12,502.35,69.87,31.37,28.9,-1,-1
20,-1,248.87,530.1,359.19,543.76,28.8,-1,-1
20,-1,1783.99,492.41,76.78,40.82,25.3,-1,-1
20,-1,1550.87,583.51,54.04,26.73,25.2,-1,-1
21,-1,554.49,410.67,181.78,338.73,68.2,-1,-1
21,-1,224.08,524.18,244.42,398.04,43.2,-1,-1
21,-1,805.03,387.15,136.76,256.32,38.7,-1,-1
21,-1,227.85,523.77,379.4,550.0,31.9,-1,-1
21,-1,1783.74,489.94,76.9,44.61,25.1,-1,-1
22,-1,553.7,410.06,182.72,339.42,68.7,-1,-1
22,-1,223.91,524.47,244.49,398.8,42.4,-1,-1
22,-1,805.4,386.97,136.49,256.56,41.4,-1,-1
22,-1,227.86,523.77,379.41,550.06,32.4,-1,-1
22,-1,1783.14,490.13,77.74,44.49,25.3,-1,-1
23,-1,556.83,408.25,180.89,339.54,71.5,-1,-1
23,-1,802.79,391.65,137.97,253.02,36.5,-1,-1
23,-1,232.14,524.56,375.68,549.09,33.6,-1,-1
23,-1,229.71,522.51,236.28,409.14,30.3,-1,-1
23,-1,1783.58,489.34,74.87,44.24,27.9,-1,-1
23,-1,340.56,527.82,276.07,544.11,27.0,-1,-1
23,-1,1785.86,501.77,71.21,31.5,25.3,-1,-1
24,-1,557.14,407.43,179.39,341.56,69.7,-1,-1
24,-1,233.52,524.54,378.92,548.04,43.3,-1,-1
24,-1,1782.27,489.31,73.02,42.02,29.9,-1,-1
24,-1,804.41,383.72,135.4,256.9,26.3,-1,-1
24,-1,1546.59,577.46,53.9,31.67,25.5,-1,-1
25,-1,556.39,407.37,177.85,340.33,75.5,-1,-1
25,-1,810.39,382.96,128.9,255.16,38.7,-1,-1
25,-1,1781.99,487.69,72.28,41.71,34.1,-1,-1
25,-1,235.66,522.15,375.25,551.22,26.6,-1,-1
25,-1,1546.47,579.83,50.02,27.58,25.5,-1,-1
26,-1,553.8,407.01,181.36,340.23,78.9,-1,-1
26,-1,227.45,521.84,241.19,400.44,39.0,-1,-1
26,-1,1780.36,490.15,73.49,37.96,35.3,-1,-1
27,-1,554.65,406.5,177.75,339.88,77.9,-1,-1
27,-1,1776.29,487.65,76.65,39.89,36.8,-1,-1
27,-1,279.63,524.12,332.47,548.08,31.1,-1,-1
27,-1,859.04,377.56,49.76,101.15,30.2,-1,-1
28,-1,554.44,406.11,177.8,339.9,79.8,-1,-1
28,-1,1776.65,486.74,76.29,40.68,35.5,-1,-1
28,-1,272.36,523.7,339.72,548.32,30.7,-1,-1
28,-1,859.19,377.45,49.48,100.98,30.6,-1,-1
29,-1,554.01,405.41,178.16,337.61,81.8,-1,-1
29,-1,1777.2,485.73,73.83,41.0,38.6,-1,-1
29,-1,254.16,519.26,351.65,555.35,31.7,-1,-1
29,-1,783.33,388.87,150.8,244.68,28.9,-1,-1
29,-1,859.05,376.96,48.54,109.47,26.0,-1,-1
30,-1,553.48,404.0,177.77,337.66,80.2,-1,-1
30,-1,1778.55,483.62,72.46,40.12,39.3,-1,-1
30,-1,774.27,384.88,159.98,251.64,35.8,-1,-1
30,-1,234.81,517.72,375.73,555.57,29.6,-1,-1
30,-1,1540.88,575.42,48.82,31.28,26.5,-1,-1
30,-1,858.07,375.04,49.36,108.33,25.5,-1,-1
31,-1,548.75,403.43,182.42,335.92,79.1,-1,-1
31,-1,1774.75,478.76,75.84,44.87,39.6,-1,-1
31,-1,277.26,517.8,333.41,555.21,35.5,-1,-1
31,-1,858.32,374.58,48.46,98.03,26.1,-1,-1
32,-1,558.22,401.35,172.78,338.55,81.6,-1,-1
32,-1,1776.94,479.5,74.13,42.79,43.4,-1,-1
32,-1,765.27,384.76,166.87,250.03,30.2,-1,-1
32,-1,240.82,515.69,366.9,557.41,29.9,-1,-1
32,-1,1537.24,571.57,52.27,29.91,26.3,-1,-1
33,-1,557.71,400.58,172.67,336.33,78.5,-1,-1
33,-1,1774.15,475.96,75.94,46.63,40.1,-1,-1
33,-1,796.98,383.64,136.02,247.42,27.8,-1,-1
34,-1,558.23,400.66,171.94,336.12,78.4,-1,-1
34,-1,1774.29,476.39,75.98,46.19,38.7,-1,-1
34,-1,798.57,383.92,134.46,246.91,27.7,-1,-1
35,-1,557.1,400.65,173.37,336.14,77.5,-1,-1
35,-1,1772.34,479.82,76.58,42.5,33.6,-1,-1
35,-1,250.49,514.16,355.25,558.94,29.6,-1,-1
36,-1,556.22,398.92,174.03,336.81,73.5,-1,-1
36,-1,1534.24,570.85,50.4,28.37,33.7,-1,-1
36,-1,1770.22,475.05,75.9,47.25,32.1,-1,-1
36,-1,753.25,385.8,55.14,97.41,28.1,-1,-1
36,-1,275.13,512.2,331.1,560.71,25.8,-1,-1
37,-1,547.09,397.75,181.75,334.34,64.1,-1,-1
37,-1,752.99,383.53,56.75,97.78,31.7,-1,-1
37,-1,236.59,509.03,370.27,563.26,31.2,-1,-1
37,-1,1769.53,470.83,75.91,51.18,29.9,-1,-1
37,-1,1533.53,570.77,50.17,26.61,28.7,-1,-1
38,-1,534.83,395.95,194.71,336.18,70.3,-1,-1
38,-1,238.09,504.86,369.52,567.48,30.2,-1,-1
38,-1,803.42,378.99,127.4,247.88,25.5,-1,-1
39,-1,541.12,396.83,185.83,336.94,73.1,-1,-1
39,-1,804.0,376.19,125.64,248.88,41.5,-1,-1
39,-1,314.13,505.04,290.78,567.32,28.2,-1,-1
39,-1,1767.7,474.01,77.34,46.31,26.5,-1,-1
40,-1,540.54,396.81,186.52,337.3,72.2,-1,-1
40,-1,803.97,376.24,125.67,248.65,42.5,-1,-1
40,-1,311.45,505.59,293.49,566.81,27.1,-1,-1
40,-1,1768.02,474.29,77.01,46.07,26.1,-1,-1
41,-1,543.96,396.06,179.35,333.05,67.6,-1,-1
41,-1,227.69,502.35,371.49,569.73,34.4,-1,-1
41,-1,802.76,376.9,126.03,246.38,30.7,-1,-1
42,-1,538.31,395.15,185.07,335.37,67.6,-1,-1
42,-1,232.22,501.38,369.26,572.32,42.8,-1,-1
42,-1,1523.35,569.29,57.46,24.71,36.3,-1,-1
42,-1,803.57,373.19,124.8,249.07,30.0,-1,-1
42,-1,1770.35,469.34,74.39,48.48,29.1,-1,-1
43,-1,543.33,393.94,181.05,336.62,69.9,-1,-1
43,-1,1523.0,568.68,57.7,25.01,39.4,-1,-1
43,-1,243.58,502.62,361.53,567.26,35.4,-1,-1
43,-1,1769.64,471.89,74.34,45.41,32.0,-1,-1
44,-1,538.07,393.14,186.9,335.48,65.4,-1,-1
44,-1,232.68,503.23,370.18,566.5,35.1,-1,-1
44,-1,1767.8,476.31,73.67,40.34,32.6,-1,-1
44,-1,1521.23,567.98,58.21,24.72,30.8,-1,-1
45,-1,536.84,389.85,190.13,338.94,67.1,-1,-1
45,-1,1765.86,466.76,75.17,48.89,34.0,-1,-1
45,-1,1519.72,567.77,57.95,25.51,28.3,-1,-1
45,-1,216.08,501.1,383.9,572.1,28.0,-1,-1
46,-1,537.34,389.82,189.64,338.87,67.5,-1,-1
46,-1,1765.8,466.68,75.22,48.95,34.1,-1,-1
46,-1,1519.76,567.78,57.86,25.54,28.5,-1,-1
46,-1,216.44,501.33,383.53,571.91,27.1,-1,-1
47,-1,532.79,391.25,192.09,335.28,62.9,-1,-1
47,-1,1763.46,466.5,76.15,48.05,37.8,-1,-1
47,-1,285.62,502.73,314.22,570.14,27.8,-1,-1
47,-1,1519.12,566.34,59.06,26.72,25.2,-1,-1
48,-1,516.23,389.13,208.67,337.69,65.6,-1,-1
48,-1,1761.52,466.08,77.04,47.53,41.5,-1,-1
48,-1,259.61,501.94,340.62,571.43,33.2,-1,-1
48,-1,1518.93,564.23,58.53,28.98,26.6,-1,-1
49,-1,534.2,388.2,189.98,338.27,70.1,-1,-1
49,-1,1761.13,466.64,75.88,46.76,40.0,-1,-1
49,-1,216.37,500.19,384.71,572.48,34.7,-1,-1
50,-1,509.81,388.33,214.56,335.5,70.6,-1,-1
50,-1,1761.55,465.09,74.76,48.56,37.3,-1,-1
50,-1,194.52,499.88,407.08,570.6,35.3,-1,-1
50,-1,805.95,365.63,116.39,249.88,25.9,-1,-1
50,-1,1518.9,561.12,52.57,31.15,25.6,-1,-1
51,-1,515.18,387.9,209.45,334.34,69.9,-1,-1
51,-1,247.13,498.96,356.52,573.01,37.3,-1,-1
51,-1,1762.9,465.83,73.03,48.22,35.9,-1,-1
51,-1,805.44,365.93,116.84,250.89,28.3,-1,-1
52,-1,515.5,387.86,209.26,334.51,70.9,-1,-1
52,-1,1762.88,465.7,73.17,48.42,36.6,-1,-1
52,-1,251.72,499.29,351.82,572.59,36.2,-1,-1
52,-1,805.57,366.14,116.77,250.9,28.5,-1,-1
52,-1,1518.23,560.32,52.69,30.51,25.1,-1,-1
53,-1,537.29,387.32,185.97,334.28,70.7,-1,-1
53,-1,282.88,499.38,319.3,573.0,44.7,-1,-1
53,-1,1762.32,464.96,72.23,46.97,35.3,-1,-1
53,-1,804.56,365.28,116.68,252.13,31.4,-1,-1
53,-1,1516.92,560.26,52.7,30.6,27.6,-1,-1
54,-1,546.78,386.55,175.25,335.0,71.2,-1,-1
54,-1,1761.67,464.25,72.24,47.39,35.5,-1,-1
54,-1,803.57,364.23,117.96,254.01,33.9,-1,-1
54,-1,1516.46,559.47,52.48,30.08,31.4,-1,-1
54,-1,291.2,499.71,309.44,572.65,27.2,-1,-1
55,-1,547.39,386.4,174.99,334.87,71.1,-1,-1
55,-1,1762.48,464.2,71.73,46.82,36.2,-1,-1
55,-1,1517.16,559.48,52.68,30.06,30.7,-1,-1
55,-1,803.22,364.62,118.5,253.52,30.6,-1,-1
55,-1,281.37,498.77,319.15,573.47,29.6,-1,-1
56,-1,549.96,385.87,171.57,334.52,64.9,-1,-1
56,-1,1515.11,554.95,55.29,34.43,37.5,-1,-1
56,-1,1761.77,463.08,70.76,47.6,36.0,-1,-1
56,-1,804.68,366.27,116.77,250.76,26.7,-1,-1
56,-1,310.43,498.39,289.96,574.57,25.5,-1,-1
57,-1,552.48,385.16,168.28,333.17,63.0,-1,-1
57,-1,1513.55,555.69,55.19,32.91,41.0,-1,-1
57,-1,1760.6,463.23,70.67,47.52,33.3,-1,-1
57,-1,308.71,496.64,291.51,576.42,28.0,-1,-1
57,-1,803.6,368.19,118.61,246.78,27.1,-1,-1
58,-1,552.41,385.07,168.09,333.49,63.5,-1,-1
58,-1,1513.56,555.43,54.83,32.16,43.3,-1,-1
58,-1,291.84,495.33,309.34,578.2,36.4,-1,-1
58,-1,1760.81,463.64,69.96,46.22,35.6,-1,-1
59,-1,550.8,385.01,169.11,334.34,67.4,-1,-1
59,-1,1512.34,555.91,55.99,30.63,43.4,-1,-1
59,-1,1760.25,462.34,70.56,48.81,36.3,-1,-1
59,-1,300.83,495.11,300.0,577.99,34.7,-1,-1
59,-1,847.21,358.28,49.54,92.86,29.4,-1,-1
59,-1,803.39,371.04,119.16,242.7,27.3,-1,-1
60,-1,551.68,385.05,168.74,332.96,63.6,-1,-1
60,-1,1511.49,556.11,55.81,30.54,44.7,-1,-1
60,-1,1758.66,461.63,71.9,49.92,39.2,-1,-1
60,-1,305.78,494.36,294.75,578.55,31.0,-1,-1
60,-1,847.25,357.75,48.59,92.02,29.0,-1,-1
61,-1,550.12,385.05,170.38,333.07,64.6,-1,-1
61,-1,1511.63,556.81,55.41,29.39,42.3,-1,-1
61,-1,1758.56,461.03,72.02,50.56,39.5,-1,-1
61,-1,305.23,494.48,295.38,578.36,30.4,-1,-1
62,-1,550.92,385.6,169.87,331.19,66.9,-1,-1
62,-1,1757.07,460.01,72.78,50.18,41.5,-1,-1
62,-1,1510.51,556.34,55.66,29.03,34.0,-1,-1
62,-1,800.35,368.77,121.74,243.52,30.1,-1,-1
63,-1,549.34,384.74,171.13,329.16,69.4,-1,-1
63,-1,1756.19,460.18,74.02,48.5,46.1,-1,-1
63,-1,801.45,366.87,119.26,241.02,33.2,-1,-1
63,-1,1510.04,557.26,55.66,26.84,32.1,-1,-1
63,-1,282.04,494.17,318.27,578.52,25.3,-1,-1
64,-1,548.27,384.58,172.26,328.07,67.3,-1,-1
64,-1,1755.2,461.19,74.14,46.59,44.8,-1,-1
64,-1,802.16,365.91,118.66,239.85,38.9,-1,-1
64,-1,1509.64,557.9,54.87,25.5,34.8,-1,-1
65,-1,547.51,384.2,173.61,328.13,70.2,-1,-1
65,-1,800.92,366.44,119.5,241.46,45.8,-1,-1
65,-1,1754.79,462.33,74.32,45.36,44.9,-1,-1
65,-1,1509.26,558.17,54.3,25.93,27.3,-1,-1
66,-1,548.44,384.64,171.74,328.67,72.6,-1,-1
66,-1,801.13,365.46,118.52,239.6,45.2,-1,-1
66,-1,1754.97,461.71,72.68,45.48,41.8,-1,-1
67,-1,548.45,384.51,171.67,328.63,72.4,-1,-1
67,-1,801.28,365.46,118.42,239.52,45.0,-1,-1
67,-1,1754.99,461.73,72.67,45.57,42.0,-1,-1
67,-1,1508.69,557.19,54.31,26.61,25.3,-1,-1
68,-1,553.47,384.72,166.11,324.94,72.9,-1,-1
68,-1,1754.92,463.62,71.43,44.07,41.8,-1,-1
68,-1,797.96,366.68,121.42,241.67,27.3,-1,-1
69,-1,552.14,385.53,167.33,323.08,71.5,-1,-1
69,-1,1755.39,463.84,71.08,43.54,40.3,-1,-1
69,-1,312.2,493.01,286.2,579.74,34.7,-1,-1
69,-1,1506.84,556.47,56.08,26.78,29.9,-1,-1
69,-1,798.25,366.36,120.44,241.41,29.2,-1,-1
70,-1,552.96,385.22,165.78,322.37,68.0,-1,-1
70,-1,1755.19,465.62,70.49,39.51,36.1,-1,-1
70,-1,309.23,492.38,288.83,580.52,31.9,-1,-1
70,-1,798.04,363.59,118.86,245.51,27.5,-1,-1
70,-1,1505.72,557.21,55.66,25.49,25.6,-1,-1
71,-1,550.71,384.35,167.62,324.23,71.1,-1,-1
71,-1,311.53,491.08,287.51,582.06,46.0,-1,-1
71,-1,1752.83,465.27,72.61,40.61,35.7,-1,-1
71,-1,796.81,365.42,120.53,241.29,34.1,-1,-1
71,-1,1501.92,555.51,57.75,26.71,34.0,-1,-1
72,-1,549.94,382.64,168.13,325.31,71.9,-1,-1
72,-1,314.0,490.85,284.31,582.15,41.3,-1,-1
72,-1,1751.63,464.44,73.63,40.68,33.1,-1,-1
72,-1,795.72,363.09,121.64,244.61,30.4,-1,-1
72,-1,1500.1,556.18,58.27,25.76,26.0,-1,-1
73,-1,550.16,382.79,167.91,324.94,72.5,-1,-1
73,-1,313.59,490.87,284.71,582.07,40.0,-1,-1
73,-1,1752.01,464.99,73.19,39.74,31.6,-1,-1
73,-1,795.96,362.95,121.55,244.69,30.1,-1,-1
73,-1,1500.26,556.02,58.21,25.76,25.2,-1,-1
74,-1,549.75,383.35,170.13,323.95,71.9,-1,-1
74,-1,795.38,363.51,121.72,243.61,39.2,-1,-1
74,-1,1752.45,463.37,71.49,41.67,39.1,-1,-1
74,-1,1499.24,556.16,58.68,25.27,30.7,-1,-1
74,-1,312.46,490.49,286.84,582.79,30.5,-1,-1
75,-1,550.28,382.0,170.05,323.89,72.9,-1,-1
75,-1,1750.42,462.54,72.89,42.25,40.5,-1,-1
75,-1,796.07,363.21,121.11,243.69,34.2,-1,-1
75,-1,1499.35,555.59,58.02,26.03,26.7,-1,-1
76,-1,550.23,382.68,169.99,323.35,73.9,-1,-1
76,-1,1749.65,462.0,73.63,43.39,40.9,-1,-1
76,-1,795.59,363.06,121.73,244.04,35.5,-1,-1
76,-1,1498.97,554.66,58.39,26.8,26.6,-1,-1
77,-1,549.39,383.27,171.3,321.99,76.5,-1,-1
77,-1,1748.85,460.9,73.66,44.54,43.4,-1,-1
77,-1,309.92,490.85,285.14,581.87,41.4,-1,-1
77,-1,795.64,359.98,120.67,245.51,36.6,-1,-1
78,-1,549.01,383.51,170.95,321.88,75.3,-1,-1
78,-1,793.3,362.21,123.59,243.81,58.1,-1,-1
78,-1,302.13,490.03,292.92,582.6,46.3,-1,-1
78,-1,1751.87,460.76,70.51,44.72,42.2,-1,-1
79,-1,549.37,382.9,170.5,322.34,75.5,-1,-1
79,-1,793.66,361.57,123.17,244.63,53.5,-1,-1
79,-1,300.99,490.7,294.28,581.93,48.7,-1,-1
79,-1,1751.72,461.38,70.79,43.38,40.1,-1,-1
80,-1,548.64,382.71,170.35,322.65,72.6,-1,-1
80,-1,793.99,362.01,122.67,244.63,56.0,-1,-1
80,-1,1749.13,456.2,72.63,50.32,42.5,-1,-1
80,-1,302.54,490.22,292.26,583.32,35.2,-1,-1
81,-1,549.21,383.06,170.58,321.34,73.6,-1,-1
81,-1,793.68,361.44,123.03,244.89,63.9,-1,-1
81,-1,1751.22,460.18,71.39,44.18,42.1,-1,-1
81,-1,310.84,490.93,282.59,582.47,33.6,-1,-1
82,-1,547.1,382.32,172.06,322.08,71.9,-1,-1
82,-1,794.12,361.96,121.93,242.92,63.8,-1,-1
82,-1,311.77,487.82,278.87,585.41,50.6,-1,-1
82,-1,1748.31,455.24,72.65,49.06,42.7,-1,-1
83,-1,546.08,381.6,173.22,322.45,68.7,-1,-1
83,-1,793.88,362.32,122.06,242.82,66.4,-1,-1
83,-1,313.25,487.96,275.86,585.64,61.0,-1,-1
83,-1,1747.35,456.1,73.06,47.95,41.9,-1,-1
84,-1,793.41,361.97,121.7,241.45,72.2,-1,-1
84,-1,545.76,380.93,173.81,322.06,69.7,-1,-1
84,-1,309.6,488.66,279.35,585.0,59.0,-1,-1
84,-1,1745.95,456.62,73.8,46.94,36.3,-1,-1
85,-1,793.49,361.69,121.63,241.59,73.4,-1,-1
85,-1,546.04,380.46,173.38,322.34,70.3,-1,-1
85,-1,309.75,488.32,279.17,585.26,59.1,-1,-1
85,-1,1743.62,456.41,76.08,47.39,38.1,-1,-1
86,-1,793.02,360.95,121.93,243.35,70.3,-1,-1
86,-1,544.68,379.32,175.37,323.98,68.0,-1,-1
86,-1,308.64,487.76,279.31,586.05,53.3,-1,-1
86,-1,1748.01,457.19,70.85,46.25,37.9,-1,-1
87,-1,793.18,361.16,121.41,241.9,72.2,-1,-1
87,-1,543.22,377.39,177.55,325.87,70.6,-1,-1
87,-1,304.4,487.14,281.44,586.3,44.3,-1,-1
87,-1,1745.81,456.94,73.23,46.8,40.0,-1,-1
88,-1,542.75,377.53,178.61,325.93,70.7,-1,-1
88,-1,793.2,361.08,121.6,241.75,70.5,-1,-1
88,-1,303.27,487.27,282.79,586.11,42.0,-1,-1
88,-1,1745.18,457.53,73.81,46.34,39.4,-1,-1
89,-1,542.24,379.45,178.48,323.16,70.8,-1,-1
89,-1,792.36,361.02,122.09,241.35,69.2,-1,-1
89,-1,299.72,486.25,285.87,587.08,44.2,-1,-1
89,-1,1744.82,456.21,74.21,47.45,38.2,-1,-1
90,-1,547.05,380.26,172.26,321.15,64.5,-1,-1
90,-1,792.11,361.01,121.74,241.09,64.0,-1,-1
90,-1,1746.65,454.61,71.86,49.37,43.0,-1,-1
90,-1,299.09,486.58,285.09,586.74,35.0,-1,-1
91,-1,791.74,360.8,122.29,241.1,69.0,-1,-1
91,-1,543.91,379.02,176.43,322.64,68.4,-1,-1
91,-1,1746.2,455.36,72.78,48.12,38.4,-1,-1
91,-1,300.72,486.36,282.09,587.39,33.0,-1,-1
92,-1,544.35,380.63,174.54,320.77,72.4,-1,-1
92,-1,791.45,361.42,122.74,241.82,71.3,-1,-1
92,-1,1746.55,454.96,72.3,48.93,41.3,-1,-1
92,-1,296.42,485.65,285.26,587.86,40.3,-1,-1
93,-1,543.35,380.12,175.07,324.3,74.8,-1,-1
93,-1,791.04,360.88,121.82,242.64,72.2,-1,-1
93,-1,1744.68,453.52,73.46,50.37,44.2,-1,-1
93,-1,293.1,484.25,288.96,589.15,41.4,-1,-1
94,-1,543.32,380.04,175.04,324.35,74.8,-1,-1
94,-1,790.94,360.96,121.93,242.46,72.1,-1,-1
94,-1,1744.71,453.41,73.47,50.53,44.5,-1,-1
94,-1,292.83,484.33,289.26,589.02,42.8,-1,-1
95,-1,543.31,380.0,175.12,323.3,73.8,-1,-1
95,-1,792.47,360.42,120.2,242.36,70.1,-1,-1
95,-1,293.43,483.2,286.76,590.21,49.9,-1,-1
95,-1,1744.11,452.5,73.25,50.59,45.1,-1,-1
96,-1,541.95,380.1,176.63,324.3,74.9,-1,-1
96,-1,792.38,360.42,119.69,242.79,70.4,-1,-1
96,-1,294.19,482.71,285.4,590.52,44.6,-1,-1
96,-1,1743.56,452.98,73.18,49.68,42.1,-1,-1
97,-1,541.1,379.19,178.1,324.1,74.6,-1,-1
97,-1,791.29,359.48,119.18,243.65,61.4,-1,-1
97,-1,296.34,483.4,279.62,589.47,41.6,-1,-1
97,-1,1744.94,454.29,70.57,47.29,39.1,-1,-1
98,-1,541.11,379.31,178.29,323.95,74.0,-1,-1
98,-1,791.42,359.33,118.3,244.4,59.2,-1,-1
98,-1,298.15,483.15,277.12,589.66,48.6,-1,-1
98,-1,1744.78,453.54,71.98,48.9,40.2,-1,-1
99,-1,542.19,379.27,176.18,322.72,73.9,-1,-1
99,-1,791.95,358.82,116.66,245.38,56.4,-1,-1
99,-1,299.09,482.05,273.86,590.9,51.4,-1,-1
99,-1,1744.01,454.32,72.54,48.63,41.3,-1,-1
100,-1,542.79,379.65,174.34,322.28,70.2,-1,-1
100,-1,792.28,360.57,115.82,243.16,51.9,-1,-1
100,-1,299.38,480.47,274.54,592.46,50.7,-1,-1
100,-1,1744.17,452.97,71.74,49.85,45.8,-1,-1
101,-1,545.49,381.04,170.75,321.52,68.5,-1,-1
101,-1,793.09,361.27,115.63,242.71,46.3,-1,-1
101,-1,1744.14,453.18,72.24,49.66,46.2,-1,-1
101,-1,300.19,479.75,273.62,593.8,40.7,-1,-1
102,-1,545.19,381.69,171.31,320.49,69.9,-1,-1
102,-1,301.15,480.04,272.34,593.26,49.2,-1,-1
102,-1,793.2,361.22,115.58,242.9,49.0,-1,-1
102,-1,1744.13,453.54,71.4,49.12,44.1,-1,-1
102,-1,842.87,355.17,51.71,116.05,27.2,-1,-1
103,-1,545.71,381.37,171.0,321.27,64.8,-1,-1
103,-1,793.3,361.54,115.61,242.64,51.6,-1,-1
103,-1,301.64,480.38,271.56,593.11,43.2,-1,-1
103,-1,1743.27,453.96,73.1,48.53,43.1,-1,-1
103,-1,843.29,354.99,50.48,103.63,26.6,-1,-1
104,-1,548.02,380.91,169.48,321.41,63.0,-1,-1
104,-1,302.11,481.53,270.51,592.27,53.2,-1,-1
104,-1,792.73,361.25,116.95,242.68,45.7,-1,-1
104,-1,1742.12,454.12,75.99,49.0,43.6,-1,-1
105,-1,551.11,381.9,166.82,319.65,65.1,-1,-1
105,-1,303.7,480.37,268.09,592.86,57.6,-1,-1
105,-1,1743.68,452.74,72.08,51.9,44.4,-1,-1
105,-1,793.95,357.91,114.38,247.12,43.6,-1,-1
106,-1,553.28,382.05,164.97,319.34,65.8,-1,-1
106,-1,303.81,479.1,268.63,594.49,56.8,-1,-1
106,-1,794.08,361.27,115.89,243.03,49.5,-1,-1
106,-1,1743.86,453.22,70.56,50.61,44.5,-1,-1
107,-1,553.37,382.12,165.05,318.37,63.6,-1,-1
107,-1,794.29,360.76,117.57,243.38,61.8,-1,-1
107,-1,304.69,479.22,270.76,594.8,55.4,-1,-1
107,-1,1743.79,452.94,70.96,50.72,44.5,-1,-1
108,-1,550.89,383.79,167.27,317.88,65.5,-1,-1
108,-1,792.95,359.78,120.61,245.78,65.4,-1,-1
108,-1,304.3,479.03,273.48,594.21,51.6,-1,-1
108,-1,1743.68,453.66,71.31,49.27,43.5,-1,-1
108,-1,757.6,368.27,53.66,93.03,30.1,-1,-1
109,-1,792.87,359.64,120.99,247.0,71.9,-1,-1
109,-1,550.22,383.61,168.41,317.94,69.0,-1,-1
109,-1,304.32,479.89,273.52,593.45,52.2,-1,-1
109,-1,1744.37,453.59,71.16,48.86,43.0,-1,-1
109,-1,757.42,368.11,54.35,93.66,33.6,-1,-1
109,-1,596.16,382.81,91.35,143.1,25.1,-1,-1
110,-1,792.03,359.39,122.84,247.49,75.4,-1,-1
110,-1,551.86,383.31,169.09,318.53,67.7,-1,-1
110,-1,304.75,479.06,272.8,594.39,55.6,-1,-1
110,-1,1743.4,453.77,70.32,48.83,44.8,-1,-1
110,-1,757.42,368.16,54.56,93.6,33.4,-1,-1
111,-1,791.51,359.42,124.2,246.67,74.9,-1,-1
111,-1,553.95,378.6,168.76,323.51,61.6,-1,-1
111,-1,306.96,479.04,271.86,594.23,58.3,-1,-1
111,-1,1744.03,454.05,71.71,48.48,42.3,-1,-1
111,-1,758.69,367.54,53.96,94.45,41.6,-1,-1
112,-1,791.31,359.23,124.37,246.55,74.6,-1,-1
112,-1,553.83,378.62,168.81,323.09,62.4,-1,-1
112,-1,306.67,479.19,272.09,594.12,57.4,-1,-1
112,-1,1743.86,454.13,71.8,48.4,43.4,-1,-1
112,-1,758.45,367.45,54.2,94.48,39.7,-1,-1
113,-1,791.48,358.26,124.12,245.96,59.0,-1,-1
113,-1,310.72,479.41,268.76,594.59,57.6,-1,-1
113,-1,558.8,379.67,163.62,319.71,52.6,-1,-1
113,-1,759.64,368.2,54.0,93.39,40.3,-1,-1
113,-1,1744.31,453.66,72.26,48.42,40.0,-1,-1
113,-1,600.65,382.87,89.33,135.82,28.5,-1,-1
114,-1,556.72,378.8,166.73,320.62,62.4,-1,-1
114,-1,792.84,358.66,123.33,246.0,59.5,-1,-1
114,-1,311.0,478.81,269.65,594.46,57.4,-1,-1
114,-1,1744.29,453.3,73.07,49.56,38.7,-1,-1
114,-1,760.57,368.2,53.41,93.54,33.0,-1,-1
115,-1,554.86,378.96,170.32,319.64,74.6,-1,-1
115,-1,795.08,359.04,121.73,244.98,60.6,-1,-1
115,-1,310.44,479.29,271.13,593.94,42.9,-1,-1
115,-1,1743.23,452.97,74.77,50.26,39.9,-1,-1
115,-1,760.9,367.18,53.63,94.07,27.5,-1,-1
116,-1,554.3,379.02,171.91,319.07,73.8,-1,-1
116,-1,796.26,359.54,121.27,242.98,46.4,-1,-1
116,-1,313.67,478.19,268.34,594.88,40.1,-1,-1
116,-1,1744.38,452.59,73.35,49.82,39.0,-1,-1
116,-1,1485.35,546.48,54.82,30.12,28.4,-1,-1
117,-1,554.5,379.01,171.9,319.13,74.2,-1,-1
117,-1,796.38,359.81,121.12,242.45,44.8,-1,-1
117,-1,313.66,478.25,268.82,594.76,38.2,-1,-1
117,-1,1744.07,452.73,73.39,49.78,36.7,-1,-1
117,-1,1485.28,546.5,55.07,29.98,26.9,-1,-1
118,-1,554.93,379.03,173.22,318.13,73.3,-1,-1
118,-1,314.93,478.52,269.37,594.56,49.6,-1,-1
118,-1,1745.01,452.83,72.69,49.84,37.7,-1,-1
118,-1,797.69,362.06,120.29,239.52,35.7,-1,-1
118,-1,1484.77,546.13,56.74,30.48,28.8,-1,-1
119,-1,556.13,379.44,172.61,316.71,69.2,-1,-1
119,-1,315.4,478.66,269.69,594.45,52.2,-1,-1
119,-1,1745.67,452.08,72.57,50.82,41.5,-1,-1
119,-1,800.85,363.64,116.86,236.72,27.0,-1,-1
119,-1,1485.79,547.26,53.83,29.25,25.0,-1,-1
120,-1,556.21,379.28,172.77,316.73,68.9,-1,-1
120,-1,315.31,479.19,270.01,593.78,54.0,-1,-1
120,-1,1745.2,452.04,73.12,50.84,43.2,-1,-1
120,-1,1485.45,547.2,54.14,29.32,25.8,-1,-1
120,-1,800.98,363.68,116.68,236.35,25.7,-1,-1
121,-1,556.85,380.8,172.8,317.32,69.3,-1,-1
121,-1,316.41,479.86,271.63,593.14,55.5,-1,-1
121,-1,1745.19,451.9,73.56,50.73,42.6,-1,-1
121,-1,805.72,361.09,112.93,238.83,32.0,-1,-1
121,-1,763.69,367.79,54.81,93.21,30.1,-1,-1
121,-1,1485.51,547.16,53.49,28.51,27.9,-1,-1
122,-1,559.72,381.54,170.83,314.17,72.7,-1,-1
122,-1,1744.04,451.48,74.8,52.11,45.5,-1,-1
122,-1,804.93,358.47,114.91,241.85,41.5,-1,-1
122,-1,320.42,479.0,272.12,594.87,40.4,-1,-1
122,-1,1484.71,547.17,54.95,28.18,33.1,-1,-1
122,-1,765.96,366.28,51.56,94.32,32.6,-1,-1
123,-1,560.46,382.29,174.16,310.39,62.4,-1,-1
123,-1,1741.37,451.1,77.66,51.09,44.5,-1,-1
123,-1,310.0,478.52,289.09,596.14,40.5,-1,-1
123,-1,804.99,357.04,116.65,239.31,40.4,-1,-1
123,-1,768.64,364.0,51.65,94.91,35.1,-1,-1
123,-1,1482.8,546.52,57.09,27.56,29.3,-1,-1
124,-1,559.36,383.17,174.69,309.49,72.2,-1,-1
124,-1,1741.96,451.21,77.31,50.5,46.1,-1,-1
124,-1,768.42,364.12,51.97,95.16,37.4,-1,-1
124,-1,807.07,357.36,112.88,237.39,33.8,-1,-1
124,-1,310.1,478.4,291.12,596.46,33.1,-1,-1
124,-1,1482.77,545.31,55.86,27.65,25.3,-1,-1
125,-1,559.64,378.69,176.19,312.93,75.5,-1,-1
125,-1,1743.21,450.47,75.77,50.01,43.8,-1,-1
125,-1,770.05,362.73,50.67,95.32,35.3,-1,-1
125,-1,315.89,476.84,284.71,598.0,33.7,-1,-1
125,-1,1481.71,546.57,57.14,25.3,28.5,-1,-1
126,-1,562.98,378.16,172.82,312.67,69.1,-1,-1
126,-1,1744.9,450.79,72.92,48.11,42.0,-1,-1
126,-1,323.24,477.27,279.96,596.93,34.8,-1,-1
126,-1,769.85,361.57,51.11,94.87,32.7,-1,-1
126,-1,1479.92,547.12,58.35,24.85,29.0,-1,-1
127,-1,562.86,377.96,172.71,312.71,70.0,-1,-1
127,-1,1744.94,450.69,72.99,48.36,42.3,-1,-1
127,-1,322.8,477.09,280.59,597.1,35.9,-1,-1
127,-1,769.88,361.32,51.03,95.21,30.7,-1,-1
127,-1,1479.46,547.71,58.81,24.3,28.7,-1,-1
128,-1,561.93,377.71,176.51,311.52,80.0,-1,-1
128,-1,1742.12,451.82,75.28,46.8,42.1,-1,-1
128,-1,1478.18,542.89,59.57,25.49,38.6,-1,-1
128,-1,771.36,360.5,48.91,93.51,29.5,-1,-1
128,-1,331.08,472.69,274.26,600.91,29.4,-1,-1
129,-1,563.93,373.83,176.01,313.37,80.1,-1,-1
129,-1,1742.24,453.3,71.91,43.64,44.5,-1,-1
129,-1,1478.65,542.09,59.19,25.23,41.4,-1,-1
129,-1,334.13,471.03,273.74,601.74,30.3,-1,-1
130,-1,565.73,373.12,173.99,310.78,81.6,-1,-1
130,-1,1479.56,536.65,58.52,26.89,39.5,-1,-1
130,-1,1739.24,457.68,73.82,37.46,39.1,-1,-1
130,-1,773.77,357.77,49.65,91.33,27.4,-1,-1
131,-1,567.26,371.61,174.89,309.69,78.7,-1,-1
131,-1,1477.22,527.94,62.19,32.34,40.4,-1,-1
131,-1,1741.14,457.94,71.99,34.61,37.6,-1,-1
131,-1,774.29,355.25,50.77,91.99,31.1,-1,-1
131,-1,808.88,349.23,115.04,234.54,29.2,-1,-1
131,-1,1739.08,443.78,74.81,47.7,27.8,-1,-1
132,-1,567.58,367.34,172.78,314.37,82.7,-1,-1
132,-1,1475.45,526.05,63.34,31.49,41.3,-1,-1
132,-1,1739.32,449.37,72.61,40.35,37.1,-1,-1
132,-1,810.25,345.15,110.08,237.08,30.1,-1,-1
132,-1,321.4,465.45,250.95,378.45,27.4,-1,-1
133,-1,567.61,367.35,172.79,314.5,82.8,-1,-1
133,-1,1475.38,526.11,63.31,31.47,42.6,-1,-1
133,-1,1739.31,449.39,72.59,40.33,37.1,-1,-1
133,-1,810.27,345.19,109.96,237.12,30.4,-1,-1
133,-1,320.91,465.4,251.67,378.34,27.3,-1,-1
134,-1,569.49,363.8,176.22,313.01,77.6,-1,-1
134,-1,1738.6,441.84,73.54,45.49,36.5,-1,-1
134,-1,325.05,459.89,290.24,613.29,34.4,-1,-1
134,-1,1472.27,526.39,65.11,30.2,32.2,-1,-1
135,-1,571.59,363.11,173.82,307.68,83.7,-1,-1
135,-1,1737.03,439.58,72.87,44.85,39.0,-1,-1
135,-1,1473.35,523.02,63.07,30.39,30.1,-1,-1
135,-1,330.32,463.38,242.64,386.39,25.6,-1,-1
136,-1,572.37,361.52,175.97,305.17,76.3,-1,-1
136,-1,1736.03,433.35,72.72,48.48,45.2,-1,-1
136,-1,1471.97,518.05,62.89,30.39,37.5,-1,-1
137,-1,574.95,360.36,173.92,302.53,76.5,-1,-1
137,-1,1736.38,439.02,71.36,38.56,42.8,-1,-1
137,-1,774.8,339.98,48.06,94.17,28.7,-1,-1
137,-1,810.7,333.14,110.64,241.82,26.5,-1,-1
138,-1,576.78,356.21,170.91,299.82,64.3,-1,-1
138,-1,1736.77,431.48,71.7,44.97,46.9,-1,-1
138,-1,1471.78,518.42,61.16,24.99,28.2,-1,-1
139,-1,577.07,356.17,170.46,299.97,64.7,-1,-1
139,-1,1736.68,430.65,71.62,45.85,47.3,-1,-1
139,-1,1471.85,518.34,60.25,24.84,27.3,-1,-1
140,-1,578.12,350.71,168.51,307.12,64.8,-1,-1
140,-1,1736.21,436.11,71.39,38.7,40.7,-1,-1
140,-1,1877.8,475.95,41.41,23.93,28.6,-1,-1
141,-1,583.01,346.52,165.7,307.71,41.4,-1,-1
141,-1,1735.85,438.22,69.22,32.82,34.4,-1,-1
141,-1,1877.82,475.07,41.35,21.3,32.0,-1,-1
141,-1,336.87,447.91,304.32,623.69,30.9,-1,-1
142,-1,580.96,345.46,167.49,305.42,61.6,-1,-1
142,-1,1734.69,424.96,70.18,41.87,30.1,-1,-1
143,-1,580.5,343.44,169.94,302.12,74.5,-1,-1
143,-1,1735.11,418.1,70.44,47.93,34.0,-1,-1
143,-1,812.58,319.54,111.93,236.85,31.2,-1,-1
143,-1,1877.14,470.1,41.96,19.44,28.4,-1,-1
144,-1,583.44,340.17,170.44,301.65,72.5,-1,-1
144,-1,1732.5,414.36,72.74,46.11,40.2,-1,-1
144,-1,356.14,436.67,299.26,633.37,25.4,-1,-1
144,-1,1466.68,498.16,63.73,31.6,25.3,-1,-1
145,-1,583.51,340.39,170.34,301.83,73.4,-1,-1
145,-1,1732.68,412.43,72.63,48.02,40.5,-1,-1
145,-1,356.14,436.89,299.77,633.36,28.0,-1,-1
145,-1,1466.52,498.52,63.93,31.37,25.9,-1,-1
145,-1,811.33,325.65,115.02,225.28,25.4,-1,-1
146,-1,584.14,336.92,168.35,300.59,63.8,-1,-1
146,-1,811.5,314.74,114.43,231.04,43.0,-1,-1
146,-1,1731.99,409.35,72.68,47.36,42.8,-1,-1
146,-1,1466.43,496.54,58.71,29.95,32.2,-1,-1
146,-1,360.78,433.95,218.01,360.65,26.7,-1,-1
146,-1,1877.97,461.29,41.1,23.72,26.5,-1,-1
147,-1,582.18,334.63,169.96,298.06,71.1,-1,-1
147,-1,811.57,308.31,115.09,233.9,56.5,-1,-1
147,-1,1729.61,406.15,74.56,47.4,51.3,-1,-1
147,-1,356.68,432.84,315.63,639.29,31.0,-1,-1
148,-1,583.97,330.81,169.03,299.47,74.4,-1,-1
148,-1,1729.1,404.05,76.14,47.89,54.4,-1,-1
148,-1,813.38,306.12,112.84,231.85,43.2,-1,-1
148,-1,356.58,426.79,320.28,645.03,42.9,-1,-1
149,-1,586.7,326.14,165.98,300.99,73.8,-1,-1
149,-1,1729.05,410.36,73.04,38.63,55.2,-1,-1
149,-1,812.82,305.48,111.74,230.11,42.9,-1,-1
149,-1,358.3,423.64,327.64,648.66,31.0,-1,-1
150,-1,587.81,323.75,165.85,299.25,77.0,-1,-1
150,-1,356.15,419.28,332.99,652.8,57.8,-1,-1
150,-1,813.4,301.3,111.59,230.73,51.7,-1,-1
150,-1,1729.3,416.75,71.01,27.04,30.0,-1,-1
151,-1,587.72,323.82,165.83,299.13,77.5,-1,-1
151,-1,356.74,419.12,332.25,652.94,57.5,-1,-1
151,-1,813.25,301.31,111.83,230.77,51.5,-1,-1
151,-1,1729.59,416.56,70.72,27.2,29.9,-1,-1
152,-1,589.88,322.07,164.29,299.84,76.7,-1,-1
152,-1,812.89,297.16,111.3,231.63,57.6,-1,-1
152,-1,359.34,416.87,337.21,653.38,56.2,-1,-1
152,-1,1726.93,399.78,72.08,42.48,36.2,-1,-1
153,-1,591.63,317.41,161.69,300.57,69.1,-1,-1
153,-1,360.9,413.14,338.41,658.41,65.4,-1,-1
153,-1,813.53,294.23,113.31,231.98,50.1,-1,-1
153,-1,1727.29,391.27,70.98,48.73,33.0,-1,-1
154,-1,365.14,409.65,341.51,660.07,72.2,-1,-1
154,-1,591.86,316.06,162.42,296.67,67.2,-1,-1
154,-1,811.61,294.5,113.41,229.77,50.3,-1,-1
154,-1,1726.62,388.56,70.78,49.21,33.1,-1,-1
155,-1,591.95,313.78,162.58,291.67,72.9,-1,-1
155,-1,357.67,408.84,355.25,659.42,65.6,-1,-1
155,-1,811.92,290.16,113.77,232.73,47.1,-1,-1
155,-1,1724.29,386.25,71.94,48.14,33.9,-1,-1
155,-1,1869.37,438.65,49.75,22.53,33.4,-1,-1
155,-1,1460.07,474.11,57.87,25.32,28.5,-1,-1
156,-1,593.36,311.03,163.55,293.5,67.9,-1,-1
156,-1,362.08,407.51,351.71,660.92,48.5,-1,-1
156,-1,813.17,285.79,112.17,235.65,42.7,-1,-1
156,-1,1724.0,383.91,71.62,46.55,38.1,-1,-1
157,-1,593.63,311.1,163.18,293.16,66.4,-1,-1
157,-1,362.33,407.15,351.89,661.26,49.0,-1,-1
157,-1,813.24,285.24,112.19,236.09,44.8,-1,-1
157,-1,1723.96,384.34,71.83,45.84,38.1,-1,-1
158,-1,364.42,404.05,351.99,662.96,62.5,-1,-1
158,-1,600.53,307.71,155.24,292.3,45.0,-1,-1
158,-1,812.19,282.81,115.82,232.58,44.8,-1,-1
158,-1,1721.39,380.55,74.46,46.73,34.9,-1,-1
158,-1,1460.23,466.86,59.48,27.09,28.7,-1,-1
159,-1,592.79,303.29,165.73,294.54,65.7,-1,-1
159,-1,813.03,279.04,113.08,232.49,43.5,-1,-1
159,-1,374.39,399.47,342.73,667.6,43.0,-1,-1
159,-1,1459.73,465.26,57.03,24.36,35.4,-1,-1
159,-1,1720.99,381.92,73.62,43.84,33.1,-1,-1
159,-1,1866.38,428.0,52.72,22.54,29.0,-1,-1
159,-1,385.31,398.99,218.86,349.42,26.2,-1,-1
160,-1,595.92,300.92,162.26,295.05,58.6,-1,-1
160,-1,377.58,397.75,341.97,668.31,52.7,-1,-1
160,-1,813.33,279.01,112.83,231.66,49.4,-1,-1
160,-1,1458.21,464.08,57.0,22.08,36.2,-1,-1
160,-1,1865.16,424.75,53.92,22.42,35.5,-1,-1
160,-1,1721.09,373.82,73.67,48.22,34.6,-1,-1
160,-1,389.39,396.94,214.48,340.17,27.5,-1,-1
161,-1,812.96,274.43,115.32,233.75,41.0,-1,-1
161,-1,593.74,296.88,166.0,296.23,40.8,-1,-1
161,-1,387.23,396.24,328.72,663.17,38.7,-1,-1
161,-1,1720.46,375.07,70.41,44.03,35.1,-1,-1
162,-1,382.23,390.48,335.99,666.46,55.5,-1,-1
162,-1,595.51,292.3,164.61,298.56,39.3,-1,-1
162,-1,812.86,269.7,116.39,231.02,34.7,-1,-1
162,-1,1716.05,367.93,77.48,48.28,33.4,-1,-1
162,-1,1863.96,422.85,55.13,20.62,32.7,-1,-1
163,-1,381.56,390.84,336.65,666.16,54.5,-1,-1
163,-1,595.27,292.51,164.85,298.58,38.5,-1,-1
163,-1,813.19,269.91,115.81,230.47,35.1,-1,-1
163,-1,1715.98,368.15,77.44,48.26,34.3,-1,-1
163,-1,1864.14,422.83,54.97,20.85,31.7,-1,-1
164,-1,390.88,387.29,329.55,666.9,70.0,-1,-1
164,-1,600.07,292.85,163.77,293.58,53.6,-1,-1
164,-1,813.26,268.7,116.12,231.16,50.4,-1,-1
164,-1,1716.05,364.45,76.4,47.81,43.6,-1,-1
164,-1,1861.56,416.86,57.18,22.88,31.7,-1,-1
165,-1,393.88,384.86,329.33,665.8,61.1,-1,-1
165,-1,601.03,288.63,167.61,297.02,46.7,-1,-1
165,-1,815.73,266.49,114.21,232.47,45.1,-1,-1
165,-1,1715.99,360.68,74.61,49.38,42.9,-1,-1
165,-1,1860.76,416.91,57.96,20.47,28.7,-1,-1
166,-1,391.0,378.31,332.71,663.57,51.7,-1,-1
166,-1,1717.88,358.07,71.02,48.29,46.0,-1,-1
166,-1,608.54,288.04,158.61,295.17,44.4,-1,-1
166,-1,818.82,265.25,111.47,230.08,28.6,-1,-1
167,-1,399.58,374.7,325.37,662.04,62.5,-1,-1
167,-1,1716.87,356.79,71.36,47.63,46.4,-1,-1
167,-1,611.19,286.27,154.97,292.01,46.2,-1,-1
167,-1,816.94,261.05,112.74,227.86,38.2,-1,-1
167,-1,1453.56,442.66,57.67,28.24,37.4,-1,-1
168,-1,399.78,371.17,325.1,654.84,67.1,-1,-1
168,-1,607.06,283.31,160.89,288.98,66.8,-1,-1
168,-1,818.04,258.29,110.19,228.92,51.4,-1,-1
168,-1,1718.1,355.35,69.16,46.81,45.5,-1,-1
168,-1,1452.29,440.26,58.43,27.0,37.2,-1,-1
169,-1,398.59,370.84,326.33,655.16,67.0,-1,-1
169,-1,606.59,283.24,161.15,289.0,66.1,-1,-1
169,-1,818.31,258.19,109.6,228.95,51.3,-1,-1
169,-1,1718.21,354.06,68.97,47.88,44.7,-1,-1
169,-1,1452.19,439.82,58.57,27.32,36.6,-1,-1
170,-1,398.48,366.42,327.56,654.6,58.1,-1,-1
170,-1,610.5,275.9,162.21,293.35,48.9,-1,-1
170,-1,1719.59,352.58,66.2,45.38,47.0,-1,-1
170,-1,818.47,258.5,111.91,225.81,34.6,-1,-1
170,-1,1450.83,433.95,59.81,29.87,29.0,-1,-1
170,-1,1855.83,404.12,63.19,21.05,27.8,-1,-1
171,-1,401.5,359.51,328.15,656.02,68.6,-1,-1
171,-1,612.97,273.98,159.13,292.88,62.3,-1,-1
171,-1,818.93,255.66,111.42,227.9,54.8,-1,-1
171,-1,1714.21,353.36,70.43,43.23,43.9,-1,-1
171,-1,1452.15,436.29,58.9,25.73,25.9,-1,-1
171,-1,1855.55,400.1,63.31,19.15,25.6,-1,-1
172,-1,609.37,273.3,162.38,291.23,65.4,-1,-1
172,-1,407.91,356.62,324.64,656.88,48.2,-1,-1
172,-1,820.03,255.42,110.27,226.18,43.7,-1,-1
172,-1,1713.1,359.49,71.0,34.6,41.7,-1,-1
173,-1,610.14,273.66,163.3,290.34,62.7,-1,-1
173,-1,414.89,358.45,317.79,652.3,56.4,-1,-1
173,-1,820.16,253.68,110.79,225.92,45.3,-1,-1
173,-1,1711.72,358.46,71.09,35.05,42.0,-1,-1
173,-1,1853.53,397.89,65.3,18.76,26.6,-1,-1
174,-1,610.9,272.75,163.08,290.22,65.8,-1,-1
174,-1,417.44,358.84,314.98,653.4,60.4,-1,-1
174,-1,1711.86,355.27,69.52,37.47,44.8,-1,-1
174,-1,820.99,254.23,110.21,223.72,34.8,-1,-1
175,-1,610.62,272.7,163.35,290.84,65.2,-1,-1
175,-1,418.08,358.6,314.29,653.51,60.8,-1,-1
175,-1,1711.95,355.01,69.69,37.59,45.2,-1,-1
175,-1,821.18,254.12,109.59,223.62,34.6,-1,-1
176,-1,612.98,271.44,162.1,290.67,61.1,-1,-1
176,-1,411.98,354.1,325.57,654.25,54.6,-1,-1
176,-1,1710.0,353.67,71.26,39.14,43.6,-1,-1
176,-1,822.83,252.61,108.27,225.78,43.5,-1,-1
176,-1,1851.0,397.8,67.84,18.54,33.2,-1,-1
177,-1,414.96,354.73,324.73,648.7,60.6,-1,-1
177,-1,614.85,272.09,160.89,288.09,49.2,-1,-1
177,-1,825.17,252.42,105.57,225.65,46.8,-1,-1
177,-1,1708.77,355.4,71.78,36.96,44.6,-1,-1
177,-1,1847.52,398.56,71.27,17.43,31.7,-1,-1
178,-1,825.28,252.08,105.04,226.75,52.2,-1,-1
178,-1,615.34,271.85,161.21,286.15,48.2,-1,-1
178,-1,414.88,356.77,323.63,645.03,45.5,-1,-1
178,-1,1706.7,351.61,72.82,40.16,42.9,-1,-1
178,-1,1845.88,398.69,72.95,17.62,34.7,-1,-1
179,-1,825.74,251.66,104.83,227.03,54.5,-1,-1
179,-1,615.56,273.68,161.35,283.33,42.8,-1,-1
179,-1,1706.88,350.13,73.02,42.25,40.9,-1,-1
179,-1,1845.08,398.7,73.74,17.66,36.5,-1,-1
179,-1,420.35,355.92,323.76,646.57,35.5,-1,-1
180,-1,826.7,251.96,103.99,226.61,46.8,-1,-1
180,-1,1706.37,351.49,71.36,39.87,40.5,-1,-1
180,-1,1843.66,397.96,75.14,17.17,39.3,-1,-1
180,-1,439.93,361.24,188.81,337.58,27.2,-1,-1
181,-1,826.97,251.85,104.0,226.63,47.1,-1,-1
181,-1,1843.5,398.03,75.32,17.33,41.1,-1,-1
181,-1,1706.44,351.15,71.53,40.4,40.6,-1,-1
181,-1,439.59,361.34,189.24,337.54,27.0,-1,-1
181,-1,592.25,276.9,183.74,280.25,26.8,-1,-1
182,-1,1841.87,398.03,76.93,16.91,46.2,-1,-1
182,-1,1704.02,351.02,71.84,40.49,39.9,-1,-1
182,-1,825.98,252.97,105.35,224.69,36.9,-1,-1
183,-1,1840.55,396.59,78.24,17.62,44.1,-1,-1
183,-1,1702.48,348.95,72.24,42.4,40.5,-1,-1
183,-1,825.21,254.11,106.53,222.74,30.4,-1,-1
184,-1,1840.07,397.02,78.61,17.43,44.8,-1,-1
184,-1,1700.43,350.96,72.31,41.07,36.3,-1,-1
184,-1,438.46,363.38,193.69,336.69,34.1,-1,-1
184,-1,824.96,253.51,106.09,223.56,32.0,-1,-1
184,-1,426.43,359.47,321.77,631.02,26.5,-1,-1
184,-1,580.29,276.38,195.98,278.59,26.5,-1,-1
185,-1,1837.94,394.73,79.68,20.31,52.0,-1,-1
185,-1,1691.8,348.27,79.37,43.79,37.2,-1,-1
185,-1,824.99,252.18,107.17,224.22,36.8,-1,-1
185,-1,424.29,356.06,322.66,625.58,33.5,-1,-1
185,-1,438.01,359.46,195.8,343.9,32.1,-1,-1
185,-1,612.49,276.28,163.66,277.85,26.2,-1,-1
186,-1,1834.91,395.78,80.43,19.44,45.1,-1,-1
186,-1,1694.45,349.03,76.47,43.13,37.0,-1,-1
186,-1,826.27,251.09,105.69,224.74,35.2,-1,-1
186,-1,440.28,363.21,197.32,336.33,33.0,-1,-1
187,-1,1834.8,395.88,80.74,19.45,46.0,-1,-1
187,-1,1694.52,348.97,76.3,43.18,36.9,-1,-1
187,-1,826.18,251.2,105.64,224.67,34.8,-1,-1
187,-1,440.14,363.12,197.22,336.53,30.6,-1,-1
188,-1,1832.16,394.15,83.73,21.08,41.1,-1,-1
188,-1,1692.62,350.04,79.38,41.24,37.9,-1,-1
188,-1,443.12,361.0,196.89,337.1,35.4,-1,-1
188,-1,827.3,252.56,104.03,222.05,32.1,-1,-1
188,-1,429.82,358.95,321.47,615.45,26.3,-1,-1
189,-1,431.05,346.93,321.65,628.96,40.9,-1,-1
189,-1,1691.85,352.64,77.2,38.92,39.9,-1,-1
189,-1,1828.46,395.74,80.41,20.18,38.2,-1,-1
189,-1,827.66,252.56,103.49,221.78,28.0,-1,-1
189,-1,614.73,276.39,165.63,277.56,26.2,-1,-1
190,-1,430.01,352.28,318.25,622.15,52.9,-1,-1
190,-1,1827.34,396.96,77.63,18.46,39.5,-1,-1
190,-1,1693.09,347.97,71.85,41.77,37.3,-1,-1
191,-1,428.48,352.43,321.84,621.15,59.9,-1,-1
191,-1,1691.12,351.58,68.59,39.27,42.4,-1,-1
191,-1,1825.23,394.69,74.06,17.83,36.9,-1,-1
191,-1,825.64,254.17,101.92,220.11,25.1,-1,-1
192,-1,427.91,352.77,322.31,620.59,58.7,-1,-1
192,-1,1691.18,351.66,68.42,38.66,41.6,-1,-1
192,-1,1824.92,394.41,74.23,18.31,39.6,-1,-1
193,-1,432.08,353.32,317.73,618.22,58.7,-1,-1
193,-1,1686.11,354.97,70.74,34.41,38.0,-1,-1
193,-1,1822.51,394.65,72.29,17.97,37.1,-1,-1
193,-1,823.59,252.34,104.99,221.13,28.4,-1,-1
194,-1,434.33,349.2,318.74,619.53,52.4,-1,-1
194,-1,1821.32,395.06,73.02,18.19,37.2,-1,-1
194,-1,1684.88,355.08,72.06,35.21,35.7,-1,-1
194,-1,825.79,253.42,101.54,220.65,25.7,-1,-1
195,-1,436.13,350.68,316.4,615.99,57.1,-1,-1
195,-1,1684.61,358.35,71.54,32.43,36.1,-1,-1
195,-1,1820.89,395.09,72.84,18.4,31.9,-1,-1
196,-1,437.75,359.04,313.36,605.1,52.2,-1,-1
196,-1,1683.26,357.05,73.09,35.06,40.9,-1,-1
196,-1,1819.63,394.26,74.61,18.85,32.6,-1,-1
197,-1,440.67,353.74,311.76,609.87,52.8,-1,-1
197,-1,1683.55,355.94,72.66,35.64,38.1,-1,-1
197,-1,1818.26,394.46,75.53,18.63,32.6,-1,-1
197,-1,619.7,274.7,156.7,273.61,31.8,-1,-1
197,-1,442.95,359.35,200.55,325.71,26.6,-1,-1
198,-1,441.23,353.5,310.97,610.35,54.2,-1,-1
198,-1,1683.42,356.59,72.66,34.82,37.4,-1,-1
198,-1,1818.13,394.46,75.3,18.83,34.6,-1,-1
198,-1,619.62,274.59,156.65,274.03,32.6,-1,-1
198,-1,443.08,359.04,200.21,326.41,27.1,-1,-1
199,-1,440.71,354.43,311.37,608.43,50.7,-1,-1
199,-1,1684.51,357.19,70.4,34.95,37.2,-1,-1
199,-1,623.51,274.78,153.22,274.27,35.4,-1,-1
200,-1,444.05,359.8,308.11,604.19,49.2,-1,-1
200,-1,625.18,274.5,152.87,275.26,43.2,-1,-1
200,-1,444.75,357.4,199.82,325.53,39.3,-1,-1
200,-1,1683.33,358.68,70.76,32.82,35.3,-1,-1
200,-1,824.34,251.84,104.73,220.6,27.4,-1,-1
201,-1,445.35,364.0,308.12,601.2,48.8,-1,-1
201,-1,447.05,358.49,200.7,321.8,39.3,-1,-1
201,-1,625.1,274.46,153.84,274.26,34.6,-1,-1
201,-1,1683.65,359.45,69.35,32.21,32.5,-1,-1
201,-1,1681.49,346.76,71.92,44.24,30.0,-1,-1
201,-1,824.82,252.21,104.66,220.53,28.7,-1,-1
201,-1,1817.3,396.12,73.26,17.28,27.5,-1,-1
202,-1,445.23,363.71,308.23,601.57,48.8,-1,-1
202,-1,447.13,358.44,200.81,321.56,39.2,-1,-1
202,-1,625.09,274.3,153.97,274.35,33.8,-1,-1
202,-1,1683.58,358.99,69.49,32.82,32.0,-1,-1
202,-1,1681.45,346.63,72.03,44.37,29.5,-1,-1
202,-1,824.9,252.21,104.44,220.65,28.2,-1,-1
202,-1,1817.26,396.16,73.53,17.34,28.1,-1,-1
203,-1,446.48,359.17,306.6,603.98,52.4,-1,-1
203,-1,1817.22,395.56,70.17,17.93,34.4,-1,-1
203,-1,1684.25,359.33,68.5,32.99,34.2,-1,-1
203,-1,1682.58,347.65,70.59,43.47,29.4,-1,-1
203,-1,824.71,252.52,105.34,220.32,29.0,-1,-1
203,-1,449.77,361.55,197.42,321.43,28.8,-1,-1
203,-1,612.34,275.54,167.96,274.11,26.6,-1,-1
204,-1,447.72,360.14,306.04,600.64,50.6,-1,-1
204,-1,1816.65,394.77,68.93,18.79,37.7,-1,-1
204,-1,825.72,252.39,104.73,221.35,37.7,-1,-1
204,-1,450.31,362.12,196.78,323.3,35.9,-1,-1
204,-1,616.92,274.78,165.99,275.05,30.8,-1,-1
204,-1,1683.69,361.4,67.62,30.29,30.1,-1,-1
204,-1,1681.56,347.82,70.26,42.62,28.5,-1,-1
205,-1,448.19,363.3,307.05,595.7,51.5,-1,-1
205,-1,1815.13,394.03,70.48,19.81,39.8,-1,-1
205,-1,451.85,359.69,195.9,325.39,39.4,-1,-1
205,-1,826.02,252.0,104.6,221.86,35.1,-1,-1
205,-1,1683.22,356.48,67.87,35.65,32.7,-1,-1
205,-1,604.45,275.82,179.4,275.5,30.0,-1,-1
205,-1,633.2,439.75,146.64,111.06,25.2,-1,-1
206,-1,450.3,364.1,305.39,592.95,55.7,-1,-1
206,-1,1682.88,351.96,68.4,41.49,39.8,-1,-1
206,-1,826.97,251.96,103.99,223.01,39.3,-1,-1
206,-1,1814.38,395.22,70.19,18.2,35.5,-1,-1
206,-1,605.2,275.65,178.18,275.21,32.8,-1,-1
206,-1,452.82,360.81,195.37,327.55,28.7,-1,-1
207,-1,449.75,362.0,308.54,595.05,62.0,-1,-1
207,-1,827.28,251.7,104.48,222.96,40.1,-1,-1
207,-1,1682.09,353.82,68.09,39.54,38.1,-1,-1
207,-1,1814.33,395.86,69.49,18.35,37.5,-1,-1
207,-1,624.65,273.85,158.57,275.49,37.1,-1,-1
208,-1,449.27,361.56,313.22,594.51,64.4,-1,-1
208,-1,1813.24,395.92,70.31,18.97,39.7,-1,-1
208,-1,1680.97,355.65,69.56,38.38,37.0,-1,-1
208,-1,623.61,274.45,159.79,274.56,32.8,-1,-1
208,-1,826.92,251.34,105.62,223.25,31.9,-1,-1
209,-1,450.6,362.34,311.34,593.64,67.3,-1,-1
209,-1,1813.87,396.27,69.9,18.48,38.2,-1,-1
209,-1,1681.36,356.64,69.23,37.36,36.9,-1,-1
209,-1,625.07,274.08,158.57,275.09,36.9,-1,-1
209,-1,827.39,251.23,105.14,223.22,32.0,-1,-1
209,-1,454.51,360.99,196.88,327.34,25.8,-1,-1
210,-1,451.09,358.69,313.92,595.72,55.2,-1,-1
210,-1,1808.59,395.83,76.07,19.25,40.3,-1,-1
210,-1,455.89,361.15,197.6,333.01,32.5,-1,-1
210,-1,1681.82,356.73,67.37,37.99,32.3,-1,-1
210,-1,826.22,252.19,107.1,222.26,32.2,-1,-1
210,-1,629.35,273.44,157.33,274.36,31.4,-1,-1
211,-1,450.98,359.49,313.96,594.97,55.2,-1,-1
211,-1,1808.51,396.07,76.06,19.19,40.2,-1,-1
211,-1,455.6,361.06,198.15,333.61,32.8,-1,-1
211,-1,826.38,252.11,107.09,222.21,32.5,-1,-1
211,-1,1682.12,355.99,67.22,38.79,32.4,-1,-1
211,-1,629.37,273.55,157.44,274.41,30.6,-1,-1
212,-1,452.55,358.29,313.64,596.77,54.2,-1,-1
212,-1,1808.49,396.32,75.77,18.9,41.4,-1,-1
212,-1,629.56,274.07,157.32,273.05,35.3,-1,-1
212,-1,826.2,252.37,107.85,222.21,31.9,-1,-1
212,-1,1682.16,356.87,66.61,37.49,31.6,-1,-1
212,-1,457.96,361.59,198.95,332.69,29.2,-1,-1
213,-1,450.96,358.24,315.26,596.47,50.2,-1,-1
213,-1,1808.0,396.26,76.79,19.46,40.0,-1,-1
213,-1,825.93,252.26,107.6,222.93,35.4,-1,-1
213,-1,630.02,274.63,157.48,273.04,28.2,-1,-1
213,-1,1681.69,358.69,66.71,35.51,28.2,-1,-1
214,-1,450.9,358.16,315.7,596.61,49.9,-1,-1
214,-1,1808.01,396.22,76.76,19.48,40.0,-1,-1
214,-1,826.03,252.32,107.52,222.95,35.3,-1,-1
214,-1,1681.63,358.17,66.78,36.03,28.4,-1,-1
214,-1,630.12,274.65,157.38,273.01,28.0,-1,-1
215,-1,452.4,361.53,315.81,595.63,49.7,-1,-1
215,-1,1806.83,395.87,77.84,21.07,39.4,-1,-1
215,-1,827.6,252.92,107.9,222.88,36.6,-1,-1
215,-1,1679.72,354.13,68.3,40.06,28.3,-1,-1
215,-1,458.96,362.66,200.13,326.59,27.8,-1,-1
215,-1,633.3,273.87,157.24,275.14,25.8,-1,-1
216,-1,453.9,359.46,314.85,597.55,49.9,-1,-1
216,-1,828.19,253.22,107.57,222.73,37.8,-1,-1
216,-1,1806.44,396.45,77.62,20.9,37.3,-1,-1
216,-1,633.48,273.47,156.61,275.83,31.0,-1,-1
216,-1,461.88,360.19,199.44,329.13,25.1,-1,-1
217,-1,452.46,359.82,316.42,597.31,49.5,-1,-1
217,-1,1806.4,396.48,77.24,21.12,39.2,-1,-1
217,-1,828.35,253.24,107.71,222.68,35.9,-1,-1
217,-1,633.78,273.53,156.43,276.09,29.6,-1,-1
217,-1,461.22,360.62,199.95,328.63,27.1,-1,-1
218,-1,457.84,360.48,312.04,597.88,51.6,-1,-1
218,-1,1806.05,397.06,77.47,21.51,39.6,-1,-1
218,-1,517.61,272.76,272.21,275.47,38.1,-1,-1
218,-1,830.97,253.35,108.06,221.24,37.0,-1,-1
218,-1,1677.58,352.94,70.08,41.41,30.6,-1,-1
219,-1,460.61,361.03,310.67,596.05,54.7,-1,-1
219,-1,1805.86,396.97,76.88,22.38,39.2,-1,-1
219,-1,832.43,253.27,106.88,220.87,34.4,-1,-1
219,-1,1678.3,353.1,69.13,41.21,31.9,-1,-1
219,-1,514.3,274.93,275.14,274.74,30.7,-1,-1
220,-1,458.17,361.81,316.32,595.05,48.4,-1,-1
220,-1,830.05,253.24,109.0,222.7,48.1,-1,-1
220,-1,1806.71,395.54,75.6,22.88,43.2,-1,-1
220,-1,636.4,274.61,155.26,276.5,34.0,-1,-1
220,-1,1678.39,350.62,70.41,45.27,33.8,-1,-1
220,-1,466.19,361.86,196.14,327.57,26.2,-1,-1
221,-1,830.31,253.06,110.14,222.75,52.4,-1,-1
221,-1,1806.86,395.12,75.22,22.86,43.0,-1,-1
221,-1,459.45,362.68,315.03,596.38,41.4,-1,-1
221,-1,1679.52,350.71,69.31,45.18,36.6,-1,-1
221,-1,636.95,273.88,157.48,277.59,34.9,-1,-1
222,-1,831.27,253.08,109.16,221.46,51.3,-1,-1
222,-1,1806.87,395.65,74.84,21.23,42.3,-1,-1
222,-1,1679.99,350.77,68.36,44.96,33.0,-1,-1
222,-1,458.41,362.18,319.33,596.82,32.8,-1,-1
222,-1,522.63,272.04,272.82,277.66,31.0,-1,-1
223,-1,832.53,253.19,108.46,221.34,52.7,-1,-1
223,-1,1806.35,396.55,74.26,20.66,41.0,-1,-1
223,-1,458.69,362.17,318.74,597.05,37.7,-1,-1
223,-1,521.91,271.64,273.51,279.17,32.5,-1,-1
223,-1,1679.85,350.42,68.85,45.13,32.0,-1,-1
224,-1,833.62,253.17,106.74,220.99,54.0,-1,-1
224,-1,1806.46,396.69,74.23,20.36,40.4,-1,-1
224,-1,523.62,271.37,272.74,280.42,37.9,-1,-1
224,-1,457.44,358.26,322.09,602.23,36.7,-1,-1
224,-1,1679.01,349.41,69.88,46.35,32.3,-1,-1
225,-1,836.99,253.22,104.31,221.86,56.8,-1,-1
225,-1,1806.72,396.12,73.11,21.25,42.2,-1,-1
225,-1,524.73,272.75,272.26,280.75,38.4,-1,-1
225,-1,458.86,359.17,321.73,603.8,37.6,-1,-1
225,-1,1680.16,349.97,69.54,46.06,34.3,-1,-1
226,-1,837.0,253.22,104.46,219.73,56.1,-1,-1
226,-1,1806.96,395.36,72.69,22.95,42.9,-1,-1
226,-1,462.65,358.74,320.3,605.41,38.2,-1,-1
226,-1,523.95,273.43,273.34,276.92,35.9,-1,-1
226,-1,1678.51,348.47,70.41,46.42,34.0,-1,-1
227,-1,837.37,252.92,104.09,218.64,57.8,-1,-1
227,-1,522.49,274.38,275.07,277.61,47.1,-1,-1
227,-1,464.56,364.08,319.86,601.63,45.6,-1,-1
227,-1,1807.08,395.43,71.76,23.09,43.8,-1,-1
227,-1,1679.99,348.24,68.12,46.71,34.2,-1,-1
228,-1,839.84,253.12,102.06,218.91,52.1,-1,-1
228,-1,1808.05,396.46,71.02,21.51,40.1,-1,-1
228,-1,458.5,354.17,327.9,612.45,39.5,-1,-1
228,-1,1679.53,349.21,68.34,45.89,32.1,-1,-1
228,-1,529.56,276.39,266.43,276.83,29.2,-1,-1
229,-1,840.08,253.22,101.84,218.27,49.8,-1,-1
229,-1,1808.0,396.45,71.12,21.44,40.5,-1,-1
229,-1,458.44,356.52,327.47,610.08,39.6,-1,-1
229,-1,1679.37,349.09,68.56,46.22,32.3,-1,-1
229,-1,541.9,276.95,254.66,272.23,26.9,-1,-1
229,-1,1421.09,426.62,60.03,29.11,25.0,-1,-1
230,-1,462.14,361.55,323.6,607.61,46.8,-1,-1
230,-1,840.39,253.12,102.4,218.7,39.9,-1,-1
230,-1,1809.36,396.85,72.1,20.2,38.6,-1,-1
230,-1,1681.54,353.62,66.32,41.87,30.3,-1,-1
230,-1,1421.39,426.82,60.03,28.77,28.1,-1,-1
230,-1,556.71,277.21,239.96,271.71,27.3,-1,-1
230,-1,637.32,277.67,159.84,273.24,25.8,-1,-1
231,-1,461.37,361.43,326.1,608.16,55.5,-1,-1
231,-1,840.29,253.12,103.69,219.26,45.8,-1,-1
231,-1,1808.91,396.53,72.58,21.18,37.0,-1,-1
231,-1,640.08,277.73,159.23,275.34,35.8,-1,-1
231,-1,1681.35,352.99,66.65,42.4,30.9,-1,-1
231,-1,1421.55,426.94,60.54,29.09,29.1,-1,-1
232,-1,463.42,357.22,326.5,613.64,52.7,-1,-1
232,-1,840.57,253.14,103.9,220.53,45.8,-1,-1
232,-1,1808.68,397.48,72.27,20.31,32.7,-1,-1
232,-1,1681.61,353.5,66.4,41.68,29.5,-1,-1
232,-1,1422.17,426.29,59.13,29.84,28.3,-1,-1
232,-1,557.95,278.94,240.9,274.1,25.6,-1,-1
233,-1,462.97,355.5,327.74,614.69,51.3,-1,-1
233,-1,840.61,253.04,104.31,219.88,49.4,-1,-1
233,-1,1809.32,397.63,71.05,20.77,36.1,-1,-1
233,-1,1682.19,357.79,65.75,38.42,30.2,-1,-1
233,-1,1421.63,426.07,58.82,29.58,29.5,-1,-1
233,-1,614.27,279.22,182.83,277.45,28.3,-1,-1
234,-1,841.67,252.54,103.02,220.12,61.1,-1,-1
234,-1,472.6,364.08,319.76,609.03,45.9,-1,-1
234,-1,641.42,276.61,159.23,277.48,44.4,-1,-1
234,-1,1812.2,397.45,68.03,21.11,35.7,-1,-1
234,-1,1683.85,363.71,63.65,31.48,30.6,-1,-1
234,-1,1680.43,350.44,67.45,43.47,25.9,-1,-1
235,-1,842.26,251.61,103.38,220.94,61.3,-1,-1
235,-1,471.71,364.08,320.6,608.98,45.8,-1,-1
235,-1,640.87,276.46,159.83,277.46,43.5,-1,-1
235,-1,1811.82,397.44,68.35,20.98,34.5,-1,-1
235,-1,1683.8,363.37,63.69,32.01,29.3,-1,-1
235,-1,1680.46,350.64,67.31,43.41,25.1,-1,-1
236,-1,841.68,252.22,103.04,221.19,61.7,-1,-1
236,-1,472.95,362.65,322.48,606.97,47.6,-1,-1
236,-1,641.85,277.21,159.15,278.36,43.9,-1,-1
236,-1,1811.77,396.66,68.46,21.63,38.4,-1,-1
236,-1,1683.75,361.97,63.85,33.35,31.0,-1,-1
236,-1,1680.55,350.56,67.42,43.37,26.0,-1,-1
237,-1,842.59,251.69,102.78,222.97,63.7,-1,-1
237,-1,468.9,361.21,328.88,608.66,52.4,-1,-1
237,-1,1811.44,396.84,68.41,21.67,39.5,-1,-1
237,-1,620.08,279.2,179.82,278.11,37.3,-1,-1
237,-1,1683.46,363.53,64.07,31.55,29.5,-1,-1
238,-1,843.67,251.35,102.36,224.08,69.7,-1,-1
238,-1,478.87,362.01,319.34,609.87,50.3,-1,-1
238,-1,1811.28,397.09,68.91,21.66,39.9,-1,-1
238,-1,543.75,277.92,256.43,279.64,36.6,-1,-1
238,-1,1682.74,360.46,64.94,34.51,30.5,-1,-1
239,-1,843.78,251.44,102.55,223.58,65.4,-1,-1
239,-1,479.19,362.3,319.17,609.36,51.2,-1,-1
239,-1,1811.58,397.14,69.47,21.42,40.3,-1,-1
239,-1,545.98,277.94,254.47,278.4,32.7,-1,-1
239,-1,1682.5,360.13,65.22,34.76,30.7,-1,-1
240,-1,845.06,251.28,101.88,224.13,62.0,-1,-1
240,-1,487.88,354.21,314.75,619.2,44.9,-1,-1
240,-1,1812.25,398.1,69.37,20.4,37.0,-1,-1
240,-1,549.53,278.28,252.19,278.05,36.7,-1,-1
240,-1,1683.34,363.11,64.49,31.16,31.6,-1,-1
241,-1,845.03,251.72,102.57,222.94,56.9,-1,-1
241,-1,495.3,321.65,308.86,652.96,46.2,-1,-1
241,-1,1812.08,398.08,69.61,20.4,35.6,-1,-1
241,-1,1683.43,363.4,64.38,30.89,30.3,-1,-1
241,-1,556.47,279.04,245.99,275.62,29.7,-1,-1
241,-1,641.59,280.78,161.86,272.99,25.6,-1,-1
242,-1,844.42,252.04,104.76,222.94,61.3,-1,-1
242,-1,473.13,362.04,333.33,612.89,52.2,-1,-1
242,-1,653.4,282.46,151.8,270.45,38.2,-1,-1
242,-1,1813.29,397.64,68.06,20.24,36.9,-1,-1
242,-1,1683.45,362.68,64.17,31.83,32.8,-1,-1
242,-1,1680.56,350.8,67.44,42.41,25.3,-1,-1
243,-1,845.11,253.13,105.53,221.43,52.6,-1,-1
243,-1,472.25,362.61,336.02,611.9,46.0,-1,-1
243,-1,1812.59,397.33,69.02,20.44,39.4,-1,-1
243,-1,654.82,285.37,150.97,267.35,37.8,-1,-1
243,-1,1682.86,362.2,65.03,32.15,33.4,-1,-1
243,-1,1679.72,350.05,68.29,42.74,27.0,-1,-1
244,-1,473.76,362.66,336.75,613.31,56.4,-1,-1
244,-1,846.53,253.64,104.72,221.08,51.6,-1,-1
244,-1,1812.26,397.25,69.01,20.36,35.0,-1,-1
244,-1,655.53,284.51,150.24,268.25,33.6,-1,-1
244,-1,1681.9,360.45,65.91,33.98,32.5,-1,-1
244,-1,595.5,278.53,209.69,273.28,31.0,-1,-1
244,-1,1678.6,348.32,69.29,44.42,25.1,-1,-1
245,-1,475.14,363.13,335.15,612.88,56.2,-1,-1
245,-1,846.69,253.57,104.42,221.11,51.6,-1,-1
245,-1,655.82,282.64,149.82,269.92,37.8,-1,-1
245,-1,1812.58,397.47,68.53,20.52,37.1,-1,-1
245,-1,1682.07,359.4,65.75,34.93,33.6,-1,-1
245,-1,1678.89,348.15,68.97,44.51,25.9,-1,-1
246,-1,476.86,358.79,335.54,616.85,56.0,-1,-1
246,-1,847.96,253.38,103.85,221.58,52.6,-1,-1
246,-1,652.92,275.8,153.55,276.16,40.3,-1,-1
246,-1,1811.7,397.93,69.4,21.25,38.9,-1,-1
246,-1,1683.23,360.3,65.41,34.1,38.2,-1,-1
247,-1,496.22,341.27,316.51,633.14,56.2,-1,-1
247,-1,849.12,252.99,103.47,220.75,49.5,-1,-1
247,-1,1683.32,363.53,65.07,31.23,37.6,-1,-1
247,-1,1812.0,398.17,68.78,20.69,37.3,-1,-1
247,-1,653.75,279.48,155.08,271.42,29.3,-1,-1
247,-1,1679.86,351.58,68.48,41.04,29.2,-1,-1
247,-1,582.96,275.4,225.05,275.9,26.8,-1,-1
248,-1,489.62,332.0,326.16,641.97,50.6,-1,-1
248,-1,849.71,253.08,102.85,220.62,49.1,-1,-1
248,-1,1812.39,397.98,68.12,21.26,41.4,-1,-1
248,-1,1683.04,363.32,65.38,31.65,38.4,-1,-1
248,-1,1679.86,351.89,68.62,41.12,30.5,-1,-1
248,-1,655.4,283.56,155.4,266.64,28.3,-1,-1
249,-1,850.42,253.97,102.2,219.21,44.4,-1,-1
249,-1,486.27,330.34,332.89,644.06,44.3,-1,-1
249,-1,1812.3,398.74,69.11,19.8,39.0,-1,-1
249,-1,1683.05,361.94,65.6,32.42,38.9,-1,-1
249,-1,1679.96,351.24,68.74,41.04,31.3,-1,-1
250,-1,486.15,313.32,336.36,661.64,47.2,-1,-1
250,-1,850.64,253.88,102.7,221.71,46.1,-1,-1
250,-1,1683.66,362.57,65.18,31.82,39.4,-1,-1
250,-1,1812.52,398.92,69.28,20.04,36.5,-1,-1
250,-1,1680.76,352.0,67.9,40.37,32.9,-1,-1
251,-1,851.43,253.49,101.87,223.22,50.9,-1,-1
251,-1,1683.41,360.13,65.66,34.03,40.4,-1,-1
251,-1,1814.09,398.83,67.21,19.78,40.3,-1,-1
251,-1,492.54,321.46,331.24,654.64,39.9,-1,-1
252,-1,851.55,253.39,103.37,223.57,53.2,-1,-1
252,-1,494.06,313.52,331.28,661.68,53.0,-1,-1
252,-1,1682.96,360.28,65.65,33.84,41.0,-1,-1
252,-1,1815.44,398.46,66.29,19.39,38.1,-1,-1
253,-1,495.53,321.97,329.55,652.99,53.5,-1,-1
253,-1,851.61,253.64,103.29,222.9,52.2,-1,-1
253,-1,1682.83,359.55,65.74,34.48,40.6,-1,-1
253,-1,1815.48,398.85,66.38,18.88,37.7,-1,-1
254,-1,852.18,252.76,103.62,223.94,53.5,-1,-1
254,-1,499.3,331.0,326.37,643.18,45.6,-1,-1
254,-1,1683.56,360.91,65.52,32.91,40.8,-1,-1
254,-1,1815.26,398.36,67.17,19.56,38.5,-1,-1
255,-1,852.01,253.56,105.25,222.61,52.1,-1,-1
255,-1,508.62,341.13,318.46,633.5,44.3,-1,-1
255,-1,1683.33,360.22,66.04,34.06,42.4,-1,-1
255,-1,1815.21,398.12,66.63,19.72,39.5,-1,-1
256,-1,852.75,253.31,105.08,222.28,54.3,-1,-1
256,-1,509.38,327.24,320.38,648.13,43.5,-1,-1
256,-1,1684.05,363.14,65.79,31.2,41.2,-1,-1
256,-1,1815.98,398.03,65.58,19.5,38.3,-1,-1
257,-1,853.12,253.19,104.86,223.08,57.1,-1,-1
257,-1,508.52,343.07,322.03,636.54,50.5,-1,-1
257,-1,1683.56,363.0,66.46,32.08,44.3,-1,-1
257,-1,1815.89,398.66,65.97,19.82,37.9,-1,-1
257,-1,663.89,329.21,157.57,229.41,28.4,-1,-1
258,-1,855.4,251.78,105.19,220.4,53.8,-1,-1
258,-1,505.73,344.5,327.75,636.58,53.3,-1,-1
258,-1,1683.86,363.15,66.55,31.91,46.3,-1,-1
258,-1,1815.56,398.35,66.22,20.33,35.9,-1,-1
258,-1,663.8,327.25,158.55,233.08,25.0,-1,-1
259,-1,855.34,251.78,105.16,220.46,52.5,-1,-1
259,-1,506.67,344.89,326.61,636.3,52.3,-1,-1
259,-1,1683.75,363.32,66.68,31.69,46.1,-1,-1
259,-1,1815.54,398.42,66.06,20.15,36.1,-1,-1
260,-1,494.2,341.13,339.18,644.27,59.0,-1,-1
260,-1,855.58,251.91,105.81,220.48,50.4,-1,-1
260,-1,1684.45,363.49,65.89,31.67,45.2,-1,-1
260,-1,1815.81,397.57,65.97,21.22,37.8,-1,-1
260,-1,663.26,322.59,159.36,236.27,25.8,-1,-1
261,-1,495.67,337.46,339.63,649.83,55.1,-1,-1
261,-1,1684.42,362.73,66.64,31.73,44.4,-1,-1
261,-1,855.02,255.12,107.05,220.3,39.1,-1,-1
261,-1,1816.38,396.98,65.43,21.12,37.2,-1,-1
261,-1,663.99,311.43,159.44,255.6,27.3,-1,-1
262,-1,494.06,320.58,343.73,666.52,52.3,-1,-1
262,-1,1683.54,365.05,67.76,29.63,39.4,-1,-1
262,-1,1815.6,397.32,65.68,21.04,39.2,-1,-1
262,-1,854.99,255.04,106.81,220.08,37.3,-1,-1
262,-1,1681.16,354.2,70.99,41.11,31.9,-1,-1
263,-1,496.38,319.65,343.09,668.13,52.0,-1,-1
263,-1,1816.2,396.93,65.05,22.22,43.0,-1,-1
263,-1,1684.03,365.81,67.05,28.34,37.4,-1,-1
263,-1,857.68,252.53,105.55,219.57,33.0,-1,-1
263,-1,1681.34,355.15,70.34,39.51,31.1,-1,-1
264,-1,1816.64,398.2,64.8,21.33,44.1,-1,-1
264,-1,1683.81,365.08,67.66,29.99,38.6,-1,-1
264,-1,494.64,323.23,346.51,662.81,36.9,-1,-1
264,-1,858.24,252.23,105.81,219.59,33.3,-1,-1
264,-1,1680.92,352.32,71.02,42.61,31.5,-1,-1
265,-1,1816.63,397.69,64.65,21.53,44.8,-1,-1
265,-1,495.38,322.16,345.69,664.26,39.0,-1,-1
265,-1,1683.85,365.09,67.63,30.1,38.8,-1,-1
265,-1,858.14,252.41,106.28,219.38,32.7,-1,-1
265,-1,1680.9,352.01,70.98,43.06,31.1,-1,-1
266,-1,1815.98,399.01,66.25,20.93,42.6,-1,-1
266,-1,1682.91,364.28,68.62,30.91,39.7,-1,-1
266,-1,857.72,252.17,107.65,219.18,34.0,-1,-1
266,-1,499.94,307.02,342.2,678.05,33.6,-1,-1
266,-1,1680.35,352.63,71.6,42.54,33.0,-1,-1
267,-1,1815.72,398.62,66.44,21.27,44.5,-1,-1
267,-1,1682.26,363.02,69.43,32.3,41.1,-1,-1
267,-1,498.54,311.21,346.6,672.83,36.3,-1,-1
267,-1,857.63,252.81,107.99,218.58,31.0,-1,-1
268,-1,1815.62,399.61,66.12,20.15,42.6,-1,-1
268,-1,1682.7,364.08,68.87,31.09,41.1,-1,-1
268,-1,504.37,320.07,343.05,660.14,28.3,-1,-1
269,-1,1682.16,362.55,69.5,32.31,43.2,-1,-1
269,-1,1816.55,400.27,65.52,19.43,37.6,-1,-1
269,-1,505.37,315.32,342.49,661.78,32.7,-1,-1
270,-1,1682.84,362.47,69.04,32.55,42.7,-1,-1
270,-1,504.13,297.73,345.4,677.1,35.0,-1,-1
270,-1,1816.63,399.75,65.59,19.7,34.9,-1,-1
271,-1,1683.43,362.45,68.24,32.87,42.2,-1,-1
271,-1,1816.54,399.27,65.69,19.99,41.3,-1,-1
271,-1,506.22,298.36,344.26,676.67,33.0,-1,-1
271,-1,670.12,292.31,156.92,267.76,25.2,-1,-1
272,-1,1682.96,361.8,68.88,33.4,43.7,-1,-1
272,-1,500.2,310.71,350.34,666.0,42.5,-1,-1
272,-1,672.47,287.93,155.34,272.81,42.4,-1,-1
272,-1,1816.81,399.78,65.84,18.93,38.8,-1,-1
273,-1,1683.35,361.99,68.74,33.61,43.9,-1,-1
273,-1,503.03,308.58,349.79,669.05,43.1,-1,-1
273,-1,1816.95,399.6,66.24,19.77,42.6,-1,-1
273,-1,673.14,289.67,155.07,271.46,31.8,-1,-1
273,-1,860.09,252.91,106.32,220.54,26.0,-1,-1
274,-1,1816.58,399.89,66.56,19.71,44.4,-1,-1
274,-1,1683.95,361.53,68.11,33.86,44.2,-1,-1
274,-1,502.8,307.42,350.1,670.3,43.6,-1,-1
274,-1,672.73,288.5,155.5,270.92,32.3,-1,-1
274,-1,860.1,252.95,106.31,220.54,26.1,-1,-1
275,-1,1684.89,359.68,67.3,35.81,44.5,-1,-1
275,-1,1816.2,400.24,67.08,19.87,43.6,-1,-1
275,-1,502.7,310.61,350.87,670.02,37.4,-1,-1
275,-1,858.71,252.76,107.86,219.81,36.3,-1,-1
275,-1,674.35,290.9,154.01,265.56,33.8,-1,-1
276,-1,1816.43,400.14,66.62,19.78,43.8,-1,-1
276,-1,1685.43,361.04,66.2,34.47,41.0,-1,-1
276,-1,674.95,293.57,153.8,265.14,34.5,-1,-1
276,-1,860.03,252.72,106.51,219.63,31.5,-1,-1
276,-1,508.19,325.68,349.39,655.31,30.8,-1,-1
277,-1,1816.42,400.21,66.66,19.64,43.2,-1,-1
277,-1,1685.47,361.15,66.17,34.34,40.7,-1,-1
277,-1,675.02,294.02,153.74,266.17,34.2,-1,-1
277,-1,860.06,252.71,106.59,219.53,31.9,-1,-1
277,-1,508.47,326.09,349.16,654.84,31.0,-1,-1
278,-1,1817.19,400.86,66.78,18.52,44.6,-1,-1
278,-1,1685.0,359.79,67.19,36.38,40.1,-1,-1
278,-1,861.45,252.16,105.09,219.8,35.7,-1,-1
278,-1,514.61,299.79,346.34,678.32,32.6,-1,-1
279,-1,1818.36,399.91,66.66,17.85,42.7,-1,-1
279,-1,1683.94,359.13,68.78,37.84,39.8,-1,-1
279,-1,861.96,252.77,105.52,219.11,37.5,-1,-1
279,-1,531.61,315.48,331.16,662.26,32.4,-1,-1
280,-1,1818.5,399.2,66.61,18.51,43.9,-1,-1
280,-1,1683.94,359.63,68.88,37.02,39.7,-1,-1
280,-1,861.95,252.8,105.5,219.07,38.6,-1,-1
280,-1,529.8,319.09,333.11,658.59,31.9,-1,-1
281,-1,1819.08,399.05,65.14,17.89,41.5,-1,-1
281,-1,1684.02,360.77,68.63,36.48,41.0,-1,-1
281,-1,860.7,253.3,107.82,217.96,36.4,-1,-1
281,-1,517.06,313.67,344.98,663.17,29.6,-1,-1
282,-1,1819.08,398.0,64.98,18.44,41.1,-1,-1
282,-1,1684.32,360.36,68.85,37.42,40.7,-1,-1
282,-1,861.13,254.13,107.16,217.09,31.9,-1,-1
282,-1,548.85,278.64,283.69,275.72,26.0,-1,-1
283,-1,1685.1,359.92,68.33,37.57,42.6,-1,-1
283,-1,1819.14,397.36,65.2,18.6,39.8,-1,-1
283,-1,860.65,256.56,107.01,216.84,27.6,-1,-1
284,-1,1685.6,361.84,67.49,35.19,42.7,-1,-1
284,-1,1818.69,396.22,66.02,19.62,42.5,-1,-1
284,-1,861.19,257.32,107.33,215.26,26.5,-1,-1
285,-1,1684.43,361.1,68.75,36.02,43.0,-1,-1
285,-1,1818.82,395.67,66.03,19.99,38.8,-1,-1
285,-1,861.8,254.84,107.88,216.47,27.3,-1,-1
286,-1,1684.37,361.04,68.81,36.01,43.0,-1,-1
286,-1,1818.83,395.65,66.02,20.0,38.9,-1,-1
286,-1,861.89,254.83,107.84,216.63,27.3,-1,-1
287,-1,1684.17,359.55,69.86,37.72,43.2,-1,-1
287,-1,1818.52,395.48,66.67,20.14,39.3,-1,-1
287,-1,568.73,282.24,265.12,271.02,36.4,-1,-1
287,-1,862.13,255.5,109.26,215.52,29.0,-1,-1
288,-1,1683.28,358.49,69.78,37.84,41.2,-1,-1
288,-1,1818.24,397.47,67.08,18.46,31.6,-1,-1
288,-1,558.28,284.08,275.63,272.59,31.0,-1,-1
288,-1,862.47,257.01,109.98,213.61,30.2,-1,-1
289,-1,1684.46,358.99,68.35,37.24,39.6,-1,-1
289,-1,556.94,281.85,276.81,276.05,32.6,-1,-1
289,-1,1817.99,397.34,67.59,18.66,31.2,-1,-1
289,-1,862.62,256.66,109.94,213.97,29.9,-1,-1
290,-1,1685.34,358.53,68.09,37.54,42.4,-1,-1
290,-1,864.98,255.24,107.54,213.3,31.5,-1,-1
290,-1,1817.87,397.52,68.26,18.78,29.7,-1,-1
291,-1,1685.68,358.33,67.71,37.79,42.7,-1,-1
291,-1,1817.81,397.63,68.82,18.82,33.4,-1,-1
291,-1,865.4,255.69,107.54,212.32,29.7,-1,-1
291,-1,503.73,365.67,178.45,333.55,28.1,-1,-1
291,-1,556.86,278.34,281.03,272.93,25.2,-1,-1
292,-1,1686.7,358.12,66.77,37.74,42.9,-1,-1
292,-1,1817.31,397.83,68.89,19.07,33.2,-1,-1
292,-1,865.65,256.11,107.22,210.96,29.2,-1,-1
292,-1,503.49,366.64,179.53,329.2,28.0,-1,-1
293,-1,1686.25,358.35,67.42,37.66,44.7,-1,-1
293,-1,1817.92,397.84,69.0,19.2,34.2,-1,-1
293,-1,505.6,367.15,176.19,323.01,28.8,-1,-1
293,-1,865.68,255.76,108.37,211.4,27.9,-1,-1
294,-1,1685.97,358.86,68.01,36.67,45.8,-1,-1
294,-1,1817.71,397.73,68.65,19.46,34.6,-1,-1
294,-1,865.92,255.9,108.51,211.54,29.4,-1,-1
294,-1,506.23,367.09,177.18,322.0,25.5,-1,-1
295,-1,1685.65,359.13,68.03,36.92,45.3,-1,-1
295,-1,1817.8,397.2,68.96,19.48,37.1,-1,-1
295,-1,865.84,256.18,108.35,210.76,27.3,-1,-1
295,-1,506.61,367.09,177.01,322.18,26.7,-1,-1
296,-1,1686.15,360.0,67.32,35.91,43.8,-1,-1
296,-1,1817.54,396.96,69.22,19.8,37.9,-1,-1
296,-1,866.68,256.17,108.39,209.78,34.9,-1,-1
296,-1,506.77,367.35,178.12,321.08,28.7,-1,-1
297,-1,1685.34,358.3,67.7,37.17,43.3,-1,-1
297,-1,506.68,367.45,179.87,319.91,37.2,-1,-1
297,-1,866.2,256.31,108.43,210.08,35.8,-1,-1
297,-1,1817.82,397.36,69.65,19.63,33.3,-1,-1
297,-1,589.76,280.96,248.19,269.19,25.4,-1,-1
298,-1,1685.15,356.92,67.89,38.58,43.8,-1,-1
298,-1,867.26,256.18,108.26,211.07,37.8,-1,-1
298,-1,507.86,367.35,181.61,320.04,32.2,-1,-1
298,-1,1817.86,398.11,69.39,19.11,31.4,-1,-1
298,-1,583.81,276.51,255.11,273.55,29.7,-1,-1
299,-1,1685.26,356.79,67.8,38.96,45.2,-1,-1
299,-1,1817.74,398.33,69.8,19.14,31.2,-1,-1
299,-1,867.59,256.37,107.6,210.82,30.6,-1,-1
299,-1,570.18,282.68,267.96,272.51,26.7,-1,-1
299,-1,508.7,367.78,183.23,320.45,26.0,-1,-1
300,-1,1684.81,356.08,68.46,39.81,46.1,-1,-1
300,-1,1817.6,398.53,69.99,18.56,36.6,-1,-1
300,-1,571.35,275.04,266.9,283.93,32.6,-1,-1
300,-1,868.28,256.49,107.8,210.37,27.3,-1,-1
301,-1,1684.61,356.82,68.51,39.03,45.1,-1,-1
301,-1,1817.69,398.58,69.73,18.36,36.0,-1,-1
301,-1,570.13,275.18,268.54,283.24,33.1,-1,-1
301,-1,868.63,256.49,107.6,210.31,27.6,-1,-1
302,-1,1684.74,356.47,68.63,39.42,46.7,-1,-1
302,-1,511.15,365.9,186.79,322.09,36.2,-1,-1
302,-1,1818.23,398.6,69.92,18.54,34.5,-1,-1
302,-1,574.26,275.99,264.82,276.36,33.7,-1,-1
302,-1,869.91,255.71,105.73,210.37,28.6,-1,-1
303,-1,1684.96,356.57,68.59,39.31,50.4,-1,-1
303,-1,513.0,366.23,189.12,320.74,40.5,-1,-1
303,-1,1817.74,398.55,70.35,18.78,37.9,-1,-1
303,-1,870.9,255.78,106.04,211.01,31.8,-1,-1
303,-1,579.83,276.93,260.69,274.22,28.6,-1,-1
304,-1,1684.95,353.68,68.76,41.82,48.1,-1,-1
304,-1,1817.82,397.82,69.59,18.84,38.6,-1,-1
304,-1,513.41,363.24,189.59,326.91,37.8,-1,-1
304,-1,871.53,256.04,104.28,211.13,36.2,-1,-1
304,-1,518.26,350.07,373.66,638.02,29.7,-1,-1
304,-1,577.27,276.69,264.88,272.48,28.0,-1,-1
305,-1,1685.29,353.64,68.07,41.65,48.6,-1,-1
305,-1,1817.73,397.68,69.24,18.58,42.4,-1,-1
305,-1,591.73,274.77,251.4,274.33,41.6,-1,-1
305,-1,870.56,255.58,106.3,212.47,34.7,-1,-1
305,-1,520.89,345.46,370.49,643.38,32.6,-1,-1
306,-1,1684.55,355.75,68.34,39.45,49.1,-1,-1
306,-1,1818.03,397.46,67.51,18.37,47.2,-1,-1
306,-1,596.77,275.28,247.02,272.03,47.0,-1,-1
306,-1,870.35,255.39,106.29,212.91,34.4,-1,-1
306,-1,521.21,333.5,372.99,655.55,26.5,-1,-1
307,-1,1684.67,356.2,68.01,39.0,48.1,-1,-1
307,-1,1818.21,397.66,67.36,18.23,47.4,-1,-1
307,-1,594.9,275.33,248.8,272.02,47.0,-1,-1
307,-1,870.22,255.4,106.45,212.93,33.6,-1,-1
307,-1,521.31,332.78,372.54,656.77,27.7,-1,-1
308,-1,1817.99,397.73,68.19,18.85,49.3,-1,-1
308,-1,1684.54,355.43,68.17,39.84,46.5,-1,-1
308,-1,582.82,275.18,260.9,270.74,46.1,-1,-1
308,-1,870.79,255.16,106.24,213.31,34.4,-1,-1
308,-1,514.73,362.9,189.8,326.65,26.5,-1,-1
309,-1,1818.22,398.03,68.21,18.79,48.2,-1,-1
309,-1,1683.85,357.43,68.15,38.03,46.2,-1,-1
309,-1,869.89,254.54,106.19,212.6,35.5,-1,-1
309,-1,584.9,275.51,258.19,269.1,35.3,-1,-1
309,-1,514.44,362.28,190.37,329.73,32.6,-1,-1
309,-1,519.62,336.82,374.36,649.23,25.9,-1,-1
310,-1,1683.25,357.27,68.89,38.36,48.0,-1,-1
310,-1,1817.73,397.96,69.46,19.0,47.9,-1,-1
310,-1,870.63,255.14,105.99,213.21,38.2,-1,-1
310,-1,592.87,275.6,251.05,270.73,36.8,-1,-1
310,-1,515.33,364.06,190.46,322.7,30.6,-1,-1
310,-1,530.94,329.04,363.65,658.91,27.9,-1,-1
310,-1,1435.86,421.85,61.65,33.89,27.7,-1,-1
310,-1,0.32,615.88,60.76,35.09,27.0,-1,-1
311,-1,1817.87,398.33,69.11,18.83,48.1,-1,-1
311,-1,1683.32,357.02,69.14,38.51,46.5,-1,-1
311,-1,870.29,255.58,106.32,212.8,39.1,-1,-1
311,-1,603.07,275.52,240.93,271.28,38.6,-1,-1
311,-1,515.35,363.84,190.42,323.95,28.8,-1,-1
311,-1,1436.17,422.01,61.4,33.54,28.7,-1,-1
311,-1,529.24,326.93,365.35,661.96,28.1,-1,-1
311,-1,0.38,615.27,61.1,35.78,25.6,-1,-1
312,-1,1817.69,396.82,68.46,20.1,48.3,-1,-1
312,-1,1682.74,358.91,69.08,36.64,46.7,-1,-1
312,-1,870.69,255.59,106.01,213.57,40.2,-1,-1
312,-1,588.07,275.08,254.93,272.36,38.8,-1,-1
312,-1,0.2,614.93,61.39,37.03,30.5,-1,-1
312,-1,535.03,329.2,359.35,661.01,28.5,-1,-1
312,-1,515.46,363.87,191.63,325.69,27.4,-1,-1
312,-1,1435.37,422.95,62.25,32.35,25.6,-1,-1
312,-1,515.09,599.88,189.39,81.74,25.5,-1,-1
313,-1,1817.48,396.89,68.45,19.81,48.7,-1,-1
313,-1,1683.19,356.32,69.07,39.06,46.3,-1,-1
313,-1,870.91,255.44,106.12,212.85,43.0,-1,-1
313,-1,593.7,275.63,250.7,271.93,38.1,-1,-1
313,-1,537.98,305.58,357.04,684.31,29.3,-1,-1
313,-1,515.34,364.23,192.36,321.69,29.2,-1,-1
313,-1,0.22,615.87,62.21,35.34,27.2,-1,-1
313,-1,1435.55,422.8,62.09,32.95,27.1,-1,-1
314,-1,1817.13,395.69,67.12,21.23,52.5,-1,-1
314,-1,1683.17,362.2,69.35,32.81,41.5,-1,-1
314,-1,872.65,256.21,105.44,212.84,38.3,-1,-1
314,-1,1680.39,350.29,72.78,44.13,33.8,-1,-1
314,-1,514.72,363.02,194.1,323.11,27.4,-1,-1
315,-1,1816.72,396.16,67.56,21.18,48.1,-1,-1
315,-1,1682.81,356.1,69.33,38.62,45.0,-1,-1
315,-1,868.92,255.53,109.15,212.88,39.9,-1,-1
315,-1,515.06,363.96,193.03,320.72,32.9,-1,-1
315,-1,601.56,274.29,242.43,272.54,27.7,-1,-1
315,-1,0.2,614.52,59.67,35.89,25.2,-1,-1
316,-1,1816.63,396.3,67.54,21.37,49.8,-1,-1
316,-1,1682.69,356.51,69.33,38.17,42.7,-1,-1
316,-1,869.08,255.33,108.89,213.31,42.1,-1,-1
316,-1,515.35,363.85,192.73,320.54,31.0,-1,-1
316,-1,0.25,615.03,59.35,35.32,28.4,-1,-1
316,-1,597.98,274.21,245.72,273.08,26.9,-1,-1
317,-1,1816.35,396.66,67.63,21.08,48.5,-1,-1
317,-1,870.26,255.95,107.6,213.25,42.5,-1,-1
317,-1,1682.57,356.49,69.34,38.13,42.3,-1,-1
317,-1,515.22,364.25,193.13,319.52,41.7,-1,-1
317,-1,608.21,274.87,236.38,271.8,32.7,-1,-1
317,-1,0.2,615.22,59.5,35.03,28.7,-1,-1
318,-1,1815.99,396.63,67.58,22.44,47.4,-1,-1
318,-1,869.79,255.46,107.99,213.56,45.4,-1,-1
318,-1,1683.74,359.08,67.69,34.99,40.0,-1,-1
318,-1,514.91,363.82,193.87,318.99,37.1,-1,-1
318,-1,0.19,614.08,59.44,35.56,36.2,-1,-1
318,-1,620.77,275.59,224.27,271.46,31.6,-1,-1
319,-1,1816.13,396.78,67.43,22.27,46.5,-1,-1
319,-1,870.45,255.85,107.24,214.25,45.3,-1,-1
319,-1,1683.87,359.05,67.42,34.82,39.6,-1,-1
319,-1,514.64,363.41,194.28,320.22,36.0,-1,-1
319,-1,669.31,274.67,177.03,271.29,32.4,-1,-1
319,-1,0.09,613.24,58.45,35.25,30.7,-1,-1
320,-1,1816.11,395.97,67.27,22.87,49.6,-1,-1
320,-1,871.11,255.81,105.61,213.17,45.5,-1,-1
320,-1,1682.47,356.68,68.72,36.88,37.7,-1,-1
320,-1,515.11,362.71,193.93,320.66,34.1,-1,-1
320,-1,671.24,274.61,174.8,272.42,33.1,-1,-1
321,-1,1815.53,396.4,68.09,22.65,48.2,-1,-1
321,-1,868.96,255.33,107.96,213.59,45.8,-1,-1
321,-1,1682.24,355.47,69.1,37.48,39.0,-1,-1
321,-1,614.47,274.4,228.87,273.34,34.4,-1,-1
321,-1,515.02,361.78,193.93,320.73,32.7,-1,-1
321,-1,513.67,596.26,195.14,83.72,25.7,-1,-1
322,-1,1815.49,396.51,68.13,22.35,48.2,-1,-1
322,-1,868.95,255.34,107.93,214.08,47.1,-1,-1
322,-1,1682.13,356.5,69.2,36.61,39.1,-1,-1
322,-1,515.15,361.7,193.76,320.38,35.1,-1,-1
322,-1,613.73,274.54,229.55,272.98,34.9,-1,-1
322,-1,513.88,596.47,194.9,83.35,25.7,-1,-1
323,-1,1814.79,396.95,69.23,21.56,51.0,-1,-1
323,-1,868.15,255.44,108.78,214.03,46.4,-1,-1
323,-1,1682.94,359.37,68.22,33.85,38.1,-1,-1
323,-1,621.71,274.42,221.57,274.0,37.9,-1,-1
323,-1,515.11,360.77,193.7,323.51,34.4,-1,-1
323,-1,572.23,607.22,322.28,387.65,27.0,-1,-1
323,-1,513.81,596.4,194.53,83.5,26.2,-1,-1
323,-1,548.88,291.95,349.16,703.15,25.5,-1,-1
324,-1,1814.01,397.55,69.59,21.1,51.8,-1,-1
324,-1,867.8,255.12,109.59,214.65,49.1,-1,-1
324,-1,514.84,360.58,194.02,324.88,39.4,-1,-1
324,-1,621.86,273.97,220.51,273.66,39.1,-1,-1
324,-1,1682.73,360.59,68.2,32.54,37.7,-1,-1
324,-1,513.87,595.17,194.94,84.83,28.4,-1,-1
324,-1,1679.35,348.17,71.01,44.31,28.2,-1,-1
325,-1,1813.77,397.59,69.82,20.82,52.3,-1,-1
325,-1,866.88,254.95,110.55,213.71,49.5,-1,-1
325,-1,611.83,274.21,229.42,272.72,40.1,-1,-1
325,-1,515.21,360.54,193.19,324.08,37.0,-1,-1
325,-1,1683.27,362.82,67.09,30.34,35.9,-1,-1
325,-1,532.73,324.84,367.29,665.9,29.0,-1,-1
325,-1,1679.21,347.96,70.75,44.53,26.7,-1,-1
326,-1,1813.61,397.27,70.37,21.03,51.5,-1,-1
326,-1,867.08,255.1,110.35,213.76,48.3,-1,-1
326,-1,604.54,274.28,236.39,271.85,41.5,-1,-1
326,-1,515.03,360.23,193.42,325.21,38.4,-1,-1
326,-1,1683.3,361.91,67.16,31.1,37.4,-1,-1
326,-1,1679.34,347.47,70.83,45.01,26.9,-1,-1
326,-1,513.97,595.64,194.91,83.29,26.8,-1,-1
326,-1,536.44,327.34,363.56,664.3,25.4,-1,-1
327,-1,1812.02,396.28,70.24,21.45,51.3,-1,-1
327,-1,867.84,255.13,109.1,213.16,44.0,-1,-1
327,-1,1683.65,363.34,66.23,29.74,37.7,-1,-1
327,-1,513.57,359.17,194.42,324.32,33.5,-1,-1
327,-1,608.91,274.55,230.75,271.29,30.3,-1,-1
327,-1,1679.06,348.21,70.37,44.28,25.4,-1,-1
327,-1,538.75,285.77,363.52,710.25,25.3,-1,-1
327,-1,681.94,275.67,158.66,269.91,25.1,-1,-1
328,-1,867.96,254.88,108.94,213.2,50.7,-1,-1
328,-1,1812.77,396.6,69.42,20.97,50.4,-1,-1
328,-1,1683.53,362.41,66.27,30.7,38.2,-1,-1
328,-1,513.65,359.28,194.41,324.5,37.4,-1,-1
328,-1,622.33,274.47,217.1,270.96,29.5,-1,-1
328,-1,1679.27,348.49,70.4,44.08,26.1,-1,-1
329,-1,1811.74,396.5,70.84,20.87,49.7,-1,-1
329,-1,869.22,255.37,107.75,211.2,48.0,-1,-1
329,-1,1684.44,364.15,65.17,29.04,39.2,-1,-1
329,-1,516.74,363.77,191.76,314.84,31.8,-1,-1
329,-1,622.83,275.28,217.2,268.95,28.0,-1,-1
329,-1,541.99,279.73,361.44,717.07,26.7,-1,-1
329,-1,1680.26,348.55,69.19,43.85,25.7,-1,-1
330,-1,1812.43,396.98,70.23,20.56,47.1,-1,-1
330,-1,869.25,255.72,108.46,209.17,39.6,-1,-1
330,-1,1683.49,362.91,65.58,29.85,38.1,-1,-1
330,-1,640.18,275.04,200.56,271.75,31.9,-1,-1
330,-1,513.75,359.73,193.38,321.47,29.8,-1,-1
330,-1,540.24,291.35,359.89,707.11,25.8,-1,-1
330,-1,1680.06,348.14,69.02,43.92,25.8,-1,-1
331,-1,1811.2,396.28,71.75,20.49,47.5,-1,-1
331,-1,870.67,255.91,107.26,209.63,39.0,-1,-1
331,-1,1683.14,362.24,65.7,30.24,38.8,-1,-1
331,-1,537.13,291.87,359.01,702.11,30.5,-1,-1
331,-1,620.83,275.07,219.91,271.35,28.9,-1,-1
331,-1,513.19,359.09,193.98,321.78,27.7,-1,-1
331,-1,1680.12,348.37,68.55,43.19,26.9,-1,-1
332,-1,1809.89,396.12,71.96,20.98,51.0,-1,-1
332,-1,1682.47,361.49,64.98,32.53,35.3,-1,-1
332,-1,870.4,255.78,107.76,209.51,34.6,-1,-1
332,-1,595.88,274.93,244.54,270.85,29.1,-1,-1
332,-1,512.73,359.14,194.03,320.52,27.2,-1,-1
332,-1,1681.66,346.84,64.9,46.72,27.2,-1,-1
333,-1,1809.45,396.65,72.75,21.06,50.6,-1,-1
333,-1,1682.94,360.95,64.9,32.93,37.0,-1,-1
333,-1,870.77,255.68,107.02,209.57,36.9,-1,-1
333,-1,598.51,275.03,241.34,272.12,33.2,-1,-1
333,-1,1679.94,346.87,67.7,45.34,28.4,-1,-1
334,-1,1809.06,396.84,73.12,20.37,50.3,-1,-1
334,-1,870.77,255.13,107.58,209.22,38.9,-1,-1
334,-1,598.28,274.79,241.7,274.62,38.3,-1,-1
334,-1,512.31,359.88,194.13,318.63,34.2,-1,-1
334,-1,1682.87,361.62,64.08,32.15,31.4,-1,-1
334,-1,1681.67,346.84,64.55,46.55,28.1,-1,-1
334,-1,0.08,608.15,53.98,36.08,25.0,-1,-1
335,-1,1808.43,394.77,72.79,21.23,46.0,-1,-1
335,-1,623.12,273.9,216.94,273.96,36.8,-1,-1
335,-1,871.14,255.82,107.05,209.85,36.8,-1,-1
335,-1,538.1,277.98,353.21,717.14,31.6,-1,-1
335,-1,1680.22,355.78,67.04,38.28,30.5,-1,-1
335,-1,512.07,358.67,193.79,316.29,28.4,-1,-1
336,-1,1807.8,394.52,72.4,21.66,47.0,-1,-1
336,-1,869.79,255.79,107.61,209.0,43.3,-1,-1
336,-1,614.6,272.64,224.46,272.25,37.8,-1,-1
336,-1,1679.34,351.54,67.77,42.66,32.7,-1,-1
336,-1,511.8,358.61,193.72,317.27,30.0,-1,-1
336,-1,535.52,274.53,355.07,718.32,29.2,-1,-1
337,-1,1807.1,393.18,73.49,21.81,46.0,-1,-1
337,-1,868.55,255.92,108.69,208.85,41.3,-1,-1
337,-1,612.76,272.69,224.54,273.52,40.8,-1,-1
337,-1,511.59,359.67,193.19,314.23,38.1,-1,-1
337,-1,1680.03,346.96,65.93,45.61,34.9,-1,-1
338,-1,603.6,272.79,234.06,271.14,51.1,-1,-1
338,-1,1806.96,393.36,73.71,21.97,44.8,-1,-1
338,-1,870.17,255.89,106.77,207.67,43.6,-1,-1
338,-1,1679.16,347.06,66.51,44.75,35.8,-1,-1
338,-1,511.54,358.79,193.6,314.76,33.7,-1,-1
339,-1,1807.45,393.68,73.39,22.29,44.6,-1,-1
339,-1,603.31,272.11,233.9,267.78,44.2,-1,-1
339,-1,871.25,255.08,105.25,208.82,39.9,-1,-1
339,-1,1676.44,346.35,68.42,45.18,35.9,-1,-1
340,-1,598.28,272.32,239.02,268.0,48.0,-1,-1
340,-1,1807.32,393.7,73.26,22.22,42.6,-1,-1
340,-1,871.45,254.85,104.91,209.15,39.9,-1,-1
340,-1,1676.19,346.31,68.65,45.23,35.4,-1,-1
341,-1,594.03,272.64,242.64,267.17,60.9,-1,-1
341,-1,1805.86,394.28,72.57,22.51,46.1,-1,-1
341,-1,871.72,254.78,104.27,209.12,39.5,-1,-1
341,-1,1677.01,347.39,67.62,43.94,37.2,-1,-1
341,-1,523.84,280.55,371.53,709.62,27.0,-1,-1
342,-1,597.64,272.31,238.58,268.58,53.3,-1,-1
342,-1,1805.86,394.25,72.12,22.07,47.5,-1,-1
342,-1,872.51,254.75,103.8,210.42,44.5,-1,-1
342,-1,1677.65,347.84,66.85,43.46,34.8,-1,-1
342,-1,537.73,274.38,354.32,710.87,26.5,-1,-1
343,-1,598.05,272.2,237.85,267.55,52.6,-1,-1
343,-1,871.91,254.46,103.69,210.27,45.2,-1,-1
343,-1,1805.8,395.89,71.56,19.8,43.7,-1,-1
343,-1,1677.03,348.78,66.82,41.86,33.9,-1,-1
343,-1,508.0,359.96,190.14,317.37,25.1,-1,-1
344,-1,596.65,272.21,238.55,270.28,46.7,-1,-1
344,-1,1803.44,395.06,71.43,21.04,43.2,-1,-1
344,-1,873.09,254.67,102.26,210.72,42.9,-1,-1
344,-1,1677.05,348.3,65.94,41.72,36.3,-1,-1
344,-1,537.67,289.92,351.04,694.43,27.6,-1,-1
345,-1,1803.49,394.32,71.2,21.43,49.3,-1,-1
345,-1,597.16,271.91,237.89,272.94,45.2,-1,-1
345,-1,872.85,254.75,102.49,210.51,43.3,-1,-1
345,-1,1677.08,348.36,66.17,41.52,35.1,-1,-1
345,-1,537.05,290.43,350.91,693.88,27.7,-1,-1
346,-1,1803.48,394.36,71.46,21.6,48.6,-1,-1
346,-1,593.96,271.8,241.03,272.43,46.1,-1,-1
346,-1,872.62,254.73,102.63,210.34,43.0,-1,-1
346,-1,1677.2,348.48,66.0,41.31,35.5,-1,-1
346,-1,536.99,290.81,351.08,693.59,30.1,-1,-1
347,-1,590.1,271.92,245.2,276.33,60.2,-1,-1
347,-1,1803.64,393.71,70.62,21.4,46.0,-1,-1
347,-1,872.82,254.8,101.22,209.33,39.5,-1,-1
347,-1,1676.77,348.28,66.46,41.73,34.1,-1,-1
347,-1,536.07,314.17,353.11,666.4,32.7,-1,-1
348,-1,590.59,272.05,244.05,275.43,54.8,-1,-1
348,-1,1803.3,392.93,70.9,22.63,46.2,-1,-1
348,-1,871.87,253.57,101.27,210.16,44.3,-1,-1
348,-1,540.86,290.14,343.75,690.61,38.8,-1,-1
348,-1,1675.39,348.09,67.88,42.5,33.3,-1,-1
349,-1,1803.06,392.37,70.8,23.76,48.0,-1,-1
349,-1,597.05,272.38,237.18,274.82,47.1,-1,-1
349,-1,872.92,254.57,100.91,209.34,44.2,-1,-1
349,-1,538.28,281.67,349.07,698.5,40.7,-1,-1
349,-1,1672.78,347.55,69.31,43.25,32.1,-1,-1
350,-1,593.12,270.1,241.01,284.65,61.5,-1,-1
350,-1,872.46,254.15,100.81,209.0,45.2,-1,-1
350,-1,1802.84,392.97,69.64,23.13,44.1,-1,-1
350,-1,530.46,287.66,356.65,695.47,38.7,-1,-1
350,-1,1670.08,348.1,71.08,43.43,32.6,-1,-1
351,-1,592.72,270.3,240.72,288.88,60.9,-1,-1
351,-1,527.25,277.81,360.29,702.99,49.5,-1,-1
351,-1,1802.82,392.58,69.5,23.92,45.8,-1,-1
351,-1,871.49,254.24,101.21,209.12,45.2,-1,-1
351,-1,1670.02,347.92,71.04,42.88,35.5,-1,-1
352,-1,592.37,270.31,241.35,289.26,64.3,-1,-1
352,-1,508.51,275.64,377.38,706.8,49.4,-1,-1
352,-1,1802.75,392.51,69.44,24.14,46.3,-1,-1
352,-1,871.26,254.22,101.41,209.38,45.8,-1,-1
352,-1,1670.24,347.84,70.79,42.38,35.1,-1,-1
353,-1,506.41,277.13,378.93,702.43,54.5,-1,-1
353,-1,597.24,270.38,235.15,288.71,48.7,-1,-1
353,-1,871.32,253.87,101.35,209.57,47.6,-1,-1
353,-1,1802.56,392.01,68.81,24.85,43.5,-1,-1
353,-1,1667.47,347.8,72.17,42.9,34.9,-1,-1
354,-1,513.0,272.67,378.57,708.61,54.5,-1,-1
354,-1,870.68,253.84,102.32,209.41,51.5,-1,-1
354,-1,626.23,270.86,205.75,274.73,44.9,-1,-1
354,-1,1802.85,391.58,69.94,22.08,42.3,-1,-1
354,-1,1667.42,347.47,72.23,42.89,34.8,-1,-1
355,-1,870.13,253.48,102.35,210.35,50.9,-1,-1
355,-1,524.22,281.32,356.48,695.65,50.3,-1,-1
355,-1,601.8,270.73,230.16,281.44,45.0,-1,-1
355,-1,1802.3,392.81,67.24,21.12,37.3,-1,-1
355,-1,1667.34,346.77,69.8,43.64,36.0,-1,-1
356,-1,520.71,272.31,364.46,703.47,53.2,-1,-1
356,-1,869.18,253.13,103.28,210.46,49.4,-1,-1
356,-1,1801.91,393.38,66.19,20.72,37.1,-1,-1
356,-1,1667.43,346.88,69.7,43.35,36.9,-1,-1
356,-1,592.68,271.14,238.83,273.55,36.2,-1,-1
357,-1,507.31,272.17,379.98,708.68,53.1,-1,-1
357,-1,869.02,252.38,102.63,211.16,44.0,-1,-1
357,-1,1800.61,394.3,66.98,19.51,37.0,-1,-1
357,-1,1668.11,349.63,68.92,40.18,36.9,-1,-1
357,-1,587.25,270.43,244.72,275.46,35.8,-1,-1
358,-1,507.37,272.19,380.08,708.73,51.8,-1,-1
358,-1,868.88,252.45,102.77,211.01,43.7,-1,-1
358,-1,1800.56,394.31,67.09,19.51,36.9,-1,-1
358,-1,1668.22,349.62,68.81,40.22,36.4,-1,-1
358,-1,587.68,270.44,244.33,276.5,36.1,-1,-1
358,-1,495.88,359.91,185.57,311.49,25.0,-1,-1
359,-1,507.87,274.7,376.89,707.38,48.7,-1,-1
359,-1,867.83,252.3,102.74,211.66,42.2,-1,-1
359,-1,590.87,270.97,240.41,276.91,40.2,-1,-1
359,-1,1667.9,349.96,68.76,39.65,37.7,-1,-1
359,-1,1799.84,395.61,66.92,18.1,36.9,-1,-1
359,-1,495.91,358.67,183.48,307.24,31.2,-1,-1
360,-1,864.91,251.53,105.79,211.66,44.4,-1,-1
360,-1,532.73,271.18,344.51,707.93,44.3,-1,-1
360,-1,1798.8,395.5,67.76,18.08,37.9,-1,-1
360,-1,1667.64,350.13,68.96,39.18,36.6,-1,-1
360,-1,586.8,271.14,243.82,276.89,29.8,-1,-1
361,-1,866.44,252.65,104.26,211.11,42.9,-1,-1
361,-1,535.84,271.77,334.1,703.12,37.1,-1,-1
361,-1,1798.87,395.5,67.76,18.07,36.7,-1,-1
361,-1,1667.62,349.95,69.2,39.38,35.3,-1,-1
361,-1,604.9,271.21,225.3,284.51,32.8,-1,-1
361,-1,544.88,609.82,330.34,366.29,26.1,-1,-1
361,-1,671.52,271.41,157.68,289.34,25.0,-1,-1
362,-1,865.89,252.87,103.91,210.97,41.6,-1,-1
362,-1,533.97,280.36,335.67,693.99,39.3,-1,-1
362,-1,1667.0,350.73,68.5,40.17,38.6,-1,-1
362,-1,608.97,271.07,220.96,294.57,33.1,-1,-1
362,-1,1799.01,395.24,67.35,18.94,31.8,-1,-1
362,-1,543.45,591.56,331.79,385.43,30.3,-1,-1
363,-1,865.08,251.97,103.9,211.87,43.5,-1,-1
363,-1,533.92,272.0,339.78,703.29,43.3,-1,-1
363,-1,1667.74,349.61,68.34,39.25,36.3,-1,-1
363,-1,1798.75,394.73,67.41,18.95,33.4,-1,-1
363,-1,603.52,271.56,227.16,293.59,29.3,-1,-1
363,-1,543.47,589.71,335.19,386.69,25.1,-1,-1
364,-1,864.01,252.44,105.26,211.49,45.0,-1,-1
364,-1,534.92,272.26,338.27,703.37,40.7,-1,-1
364,-1,1667.44,352.98,67.71,37.42,37.7,-1,-1
364,-1,626.71,271.55,204.02,293.82,33.2,-1,-1
364,-1,1799.22,394.31,67.04,18.92,29.7,-1,-1
364,-1,543.78,598.62,334.31,377.99,25.4,-1,-1
365,-1,537.41,271.13,329.25,700.28,43.0,-1,-1
365,-1,863.1,252.79,106.19,211.39,39.9,-1,-1
365,-1,1666.97,348.14,67.97,42.0,36.5,-1,-1
365,-1,1798.08,394.58,67.95,19.52,31.7,-1,-1
365,-1,675.11,273.31,154.8,274.56,30.1,-1,-1
365,-1,491.43,358.11,183.29,304.92,28.7,-1,-1
365,-1,547.56,595.8,319.09,373.16,28.0,-1,-1
366,-1,539.29,276.88,326.43,695.14,51.0,-1,-1
366,-1,864.38,253.33,104.6,211.48,38.8,-1,-1
366,-1,1666.05,350.77,68.42,40.28,38.7,-1,-1
366,-1,1797.7,392.89,68.78,20.9,36.4,-1,-1
366,-1,490.06,358.45,182.74,303.95,35.9,-1,-1
366,-1,659.25,273.18,170.18,280.76,32.4,-1,-1
367,-1,527.68,278.35,335.78,694.51,52.9,-1,-1
367,-1,1666.33,350.04,67.91,42.13,40.8,-1,-1
367,-1,666.1,272.63,162.66,266.88,39.8,-1,-1
367,-1,865.69,252.77,102.0,210.14,38.0,-1,-1
367,-1,1797.17,393.12,68.97,20.92,36.7,-1,-1
367,-1,489.25,357.89,182.08,304.43,34.5,-1,-1
368,-1,509.23,278.79,358.96,694.45,47.0,-1,-1
368,-1,671.62,272.05,155.84,266.18,42.5,-1,-1
368,-1,1667.2,349.58,66.87,42.78,40.0,-1,-1
368,-1,860.89,252.08,106.81,210.96,39.1,-1,-1
368,-1,1796.56,392.35,69.34,21.83,36.3,-1,-1
368,-1,489.32,357.97,180.22,302.7,25.2,-1,-1
369,-1,520.78,273.73,343.59,703.11,60.4,-1,-1
369,-1,672.74,271.82,152.72,263.63,44.4,-1,-1
369,-1,859.87,252.07,106.99,212.58,40.1,-1,-1
369,-1,1665.07,348.43,69.03,43.8,38.1,-1,-1
369,-1,1795.59,392.84,70.84,21.07,36.5,-1,-1
369,-1,489.03,357.38,176.28,301.14,28.4,-1,-1
370,-1,520.91,273.8,343.05,703.36,59.2,-1,-1
370,-1,673.83,271.94,151.66,263.04,46.4,-1,-1
370,-1,859.1,252.08,107.69,212.42,40.1,-1,-1
370,-1,1664.73,346.46,69.35,44.68,37.2,-1,-1
370,-1,1795.84,392.95,70.64,20.97,36.6,-1,-1
370,-1,488.77,357.49,176.61,300.81,29.3,-1,-1
371,-1,488.78,357.67,177.27,301.08,54.8,-1,-1
371,-1,662.85,272.43,161.36,262.66,44.9,-1,-1
371,-1,522.79,271.52,339.95,705.53,40.8,-1,-1
371,-1,1664.4,346.53,69.41,44.35,39.9,-1,-1
371,-1,856.56,251.63,110.49,213.64,38.4,-1,-1
371,-1,1795.63,392.48,71.52,21.91,37.2,-1,-1
372,-1,489.29,357.27,177.45,302.29,66.1,-1,-1
372,-1,683.42,271.96,139.88,262.97,64.9,-1,-1
372,-1,854.6,251.32,113.14,214.93,41.5,-1,-1
372,-1,1664.66,346.86,69.15,43.38,39.3,-1,-1
372,-1,1796.19,392.9,71.15,21.2,37.3,-1,-1
372,-1,504.04,279.41,358.78,695.54,32.5,-1,-1
373,-1,490.01,356.9,178.95,302.32,66.4,-1,-1
373,-1,679.72,272.66,144.97,264.06,50.5,-1,-1
373,-1,854.7,251.32,114.09,213.53,43.9,-1,-1
373,-1,1669.3,346.64,65.46,43.49,41.0,-1,-1
373,-1,1796.43,393.74,71.38,20.35,37.9,-1,-1
373,-1,505.23,272.98,356.96,697.04,34.6,-1,-1
374,-1,686.25,271.61,141.22,268.55,65.3,-1,-1
374,-1,491.28,356.93,179.42,302.13,63.5,-1,-1
374,-1,854.84,251.84,117.11,213.96,50.2,-1,-1
374,-1,1669.72,347.87,67.35,43.32,40.1,-1,-1
374,-1,1800.2,393.7,68.58,20.26,35.8,-1,-1
374,-1,504.2,274.49,357.08,694.51,34.1,-1,-1
375,-1,681.46,273.17,148.48,272.3,59.3,-1,-1
375,-1,1801.49,392.09,73.23,24.54,47.1,-1,-1
375,-1,517.76,295.59,347.33,673.97,45.5,-1,-1
375,-1,495.83,358.46,177.32,301.78,39.6,-1,-1
375,-1,1669.52,346.89,72.76,44.16,36.1,-1,-1
375,-1,859.27,254.19,113.42,212.08,33.9,-1,-1
376,-1,679.37,272.68,150.75,273.78,59.4,-1,-1
376,-1,1801.38,391.97,73.5,24.48,46.2,-1,-1
376,-1,517.11,297.14,348.79,672.86,46.0,-1,-1
376,-1,495.71,358.49,177.44,301.55,36.3,-1,-1
376,-1,1669.68,347.01,72.6,43.92,35.8,-1,-1
376,-1,858.8,254.18,113.83,212.18,32.2,-1,-1
377,-1,697.2,271.23,133.72,271.02,74.8,-1,-1
377,-1,501.86,318.99,360.01,649.31,61.8,-1,-1
377,-1,1804.58,392.48,73.82,24.22,48.5,-1,-1
377,-1,870.84,255.69,104.02,207.51,34.9,-1,-1
377,-1,1674.18,348.42,70.89,41.73,33.2,-1,-1
378,-1,699.02,269.97,133.69,272.63,81.3,-1,-1
378,-1,509.63,348.86,352.43,620.25,52.5,-1,-1
378,-1,1807.42,392.09,72.31,23.51,43.2,-1,-1
378,-1,878.12,280.16,99.75,178.43,33.9,-1,-1
378,-1,498.18,356.88,180.81,306.95,32.6,-1,-1
378,-1,1677.81,352.02,69.88,39.17,27.1,-1,-1
379,-1,701.24,271.05,134.32,268.9,69.9,-1,-1
379,-1,514.61,314.98,348.8,658.84,53.5,-1,-1
379,-1,874.07,256.07,110.11,204.64,47.1,-1,-1
379,-1,1815.76,392.67,68.3,21.53,44.0,-1,-1
379,-1,1682.46,349.63,70.14,40.58,25.4,-1,-1
379,-1,1683.9,360.71,67.65,29.16,25.0,-1,-1
380,-1,703.75,272.57,138.92,266.46,68.3,-1,-1
380,-1,525.89,328.85,346.93,646.46,54.4,-1,-1
380,-1,880.21,258.29,109.61,207.74,52.0,-1,-1
380,-1,1820.44,395.27,70.93,19.24,45.0,-1,-1
380,-1,1690.65,355.39,67.34,34.08,35.3,-1,-1
380,-1,507.17,354.99,176.37,302.0,33.6,-1,-1
381,-1,711.63,271.3,134.49,266.26,74.2,-1,-1
381,-1,882.82,253.07,110.97,212.44,60.9,-1,-1
381,-1,523.87,352.63,351.11,621.65,58.7,-1,-1
381,-1,514.95,357.43,173.87,302.45,37.7,-1,-1
381,-1,1827.73,395.29,70.28,18.49,34.3,-1,-1
381,-1,1691.7,351.0,78.11,40.86,31.6,-1,-1
382,-1,711.72,271.4,134.44,266.12,74.0,-1,-1
382,-1,882.78,253.12,111.01,212.45,61.1,-1,-1
382,-1,523.71,353.13,351.24,621.09,58.7,-1,-1
382,-1,514.98,357.46,173.74,302.2,38.0,-1,-1
382,-1,1827.69,395.3,70.28,18.48,33.8,-1,-1
382,-1,1691.49,350.89,78.27,41.12,31.7,-1,-1
383,-1,719.56,269.58,133.79,266.71,74.1,-1,-1
383,-1,891.46,256.14,108.28,209.63,57.0,-1,-1
383,-1,530.34,344.11,350.58,632.59,54.8,-1,-1
383,-1,520.39,356.67,173.25,304.63,42.9,-1,-1
383,-1,1840.48,394.49,76.93,22.26,42.3,-1,-1
383,-1,1703.99,353.07,69.18,38.57,35.7,-1,-1
384,-1,722.31,270.27,136.05,270.77,74.1,-1,-1
384,-1,901.84,254.22,105.68,206.45,56.9,-1,-1
384,-1,532.44,343.98,351.68,631.58,54.5,-1,-1
384,-1,1712.92,352.85,68.03,39.33,40.9,-1,-1
384,-1,1845.18,395.39,73.64,20.24,38.3,-1,-1
384,-1,522.89,357.16,178.75,304.99,30.9,-1,-1
385,-1,723.24,271.86,141.2,271.3,70.6,-1,-1
385,-1,534.31,329.87,352.73,648.74,57.6,-1,-1
385,-1,1716.77,350.66,69.82,42.5,42.8,-1,-1
385,-1,904.05,257.5,109.78,203.87,36.0,-1,-1
385,-1,526.75,354.7,177.38,308.13,26.5,-1,-1
386,-1,544.24,315.22,349.92,660.01,68.7,-1,-1
386,-1,727.35,271.48,140.97,267.19,57.9,-1,-1
386,-1,1722.06,349.49,73.59,45.07,41.3,-1,-1
386,-1,534.2,355.39,174.08,304.35,29.8,-1,-1
386,-1,902.81,252.4,113.9,206.47,29.6,-1,-1
387,-1,734.4,271.34,138.52,266.95,63.0,-1,-1
387,-1,540.56,336.05,356.26,638.55,62.1,-1,-1
387,-1,1730.39,354.76,70.7,40.01,35.6,-1,-1
387,-1,910.01,254.97,113.63,207.23,35.0,-1,-1
388,-1,540.42,335.35,356.28,638.99,62.9,-1,-1
388,-1,734.19,271.24,138.65,267.44,61.6,-1,-1
388,-1,1729.83,354.17,71.52,40.56,36.6,-1,-1
388,-1,909.49,254.63,113.9,207.33,33.2,-1,-1
389,-1,742.42,269.62,133.29,274.04,70.7,-1,-1
389,-1,541.11,341.77,357.49,630.18,66.7,-1,-1
389,-1,1735.53,350.03,72.03,45.05,52.1,-1,-1
389,-1,915.0,255.75,111.78,205.38,29.4,-1,-1
390,-1,747.94,271.79,132.19,263.64,75.0,-1,-1
390,-1,544.96,331.2,356.72,636.61,66.1,-1,-1
390,-1,1737.68,350.61,80.15,45.68,41.4,-1,-1
390,-1,925.11,257.78,109.93,199.27,35.4,-1,-1
391,-1,752.6,271.99,131.84,261.73,74.4,-1,-1
391,-1,552.21,338.34,354.72,631.88,68.1,-1,-1
391,-1,921.25,255.48,118.9,202.71,35.0,-1,-1
391,-1,1745.84,349.16,76.12,47.81,34.4,-1,-1
391,-1,550.6,354.35,175.82,304.59,27.1,-1,-1
392,-1,756.91,271.07,135.05,263.75,73.5,-1,-1
392,-1,556.96,342.13,354.52,630.66,72.2,-1,-1
392,-1,925.33,254.04,117.15,208.31,43.8,-1,-1
392,-1,1751.03,357.78,78.94,39.48,37.5,-1,-1
393,-1,566.14,325.56,350.02,641.35,60.0,-1,-1
393,-1,932.39,256.47,115.61,205.14,47.6,-1,-1
393,-1,1759.51,351.44,75.23,45.2,43.9,-1,-1
393,-1,750.74,270.61,143.2,264.94,36.0,-1,-1
394,-1,564.93,330.27,350.59,636.79,60.8,-1,-1
394,-1,932.54,256.5,115.44,204.76,45.7,-1,-1
394,-1,1758.79,350.17,75.58,46.37,44.3,-1,-1
394,-1,750.61,270.69,143.3,264.89,36.3,-1,-1
395,-1,765.58,271.06,132.77,273.86,60.7,-1,-1
395,-1,562.48,336.75,355.63,630.17,58.0,-1,-1
395,-1,1761.18,351.13,82.0,45.57,39.9,-1,-1
395,-1,945.13,257.22,108.91,204.7,30.1,-1,-1
396,-1,562.7,325.18,359.75,643.07,63.4,-1,-1
396,-1,768.26,271.65,134.49,263.79,59.8,-1,-1
396,-1,945.34,255.94,114.62,205.06,37.7,-1,-1
396,-1,1771.15,362.91,79.29,33.31,37.3,-1,-1
396,-1,568.89,355.25,182.12,309.03,29.0,-1,-1
397,-1,565.92,332.62,360.94,637.35,67.4,-1,-1
397,-1,774.61,272.25,131.82,267.52,56.1,-1,-1
397,-1,1777.42,355.24,77.95,40.95,44.8,-1,-1
397,-1,947.23,252.72,115.88,209.81,34.6,-1,-1
398,-1,575.36,351.06,354.21,617.44,65.2,-1,-1
398,-1,782.2,271.25,131.02,262.52,65.0,-1,-1
398,-1,1783.26,352.74,81.7,45.55,43.3,-1,-1
398,-1,951.87,254.38,115.03,212.04,39.2,-1,-1
398,-1,572.89,354.6,182.7,308.23,29.9,-1,-1
399,-1,576.46,349.95,355.26,615.62,61.4,-1,-1
399,-1,956.76,254.87,114.66,204.4,43.3,-1,-1
399,-1,776.93,271.95,138.53,262.02,39.5,-1,-1
399,-1,1786.65,356.91,83.26,40.95,32.3,-1,-1
400,-1,576.66,351.23,354.92,615.91,62.5,-1,-1
400,-1,956.55,254.7,114.81,204.58,42.5,-1,-1
400,-1,775.11,271.93,139.29,263.17,39.0,-1,-1
400,-1,1786.78,352.87,82.68,45.94,31.6,-1,-1
401,-1,579.12,321.62,353.34,648.33,65.7,-1,-1
401,-1,1799.43,357.92,76.82,40.87,44.1,-1,-1
401,-1,967.92,258.05,107.91,199.82,38.7,-1,-1
401,-1,763.89,271.85,156.04,279.17,25.0,-1,-1
402,-1,589.83,335.3,344.94,630.39,65.0,-1,-1
402,-1,790.26,271.17,134.44,262.54,48.0,-1,-1
402,-1,967.8,258.3,113.93,205.97,47.6,-1,-1
402,-1,1800.32,357.38,80.29,42.4,45.7,-1,-1
402,-1,590.58,353.42,170.37,296.25,28.4,-1,-1
403,-1,595.58,309.2,344.49,651.87,70.3,-1,-1
403,-1,969.82,256.46,115.26,205.74,43.7,-1,-1
403,-1,1807.28,353.58,80.96,46.6,43.0,-1,-1
403,-1,790.82,272.31,136.47,261.07,36.7,-1,-1
403,-1,591.61,352.67,171.89,297.64,27.4,-1,-1
404,-1,594.51,344.62,343.97,618.76,65.6,-1,-1
404,-1,975.57,255.99,111.87,206.9,49.5,-1,-1
404,-1,789.57,269.9,138.65,263.59,43.1,-1,-1
404,-1,1809.5,354.37,82.44,48.1,41.7,-1,-1
404,-1,594.03,353.59,179.49,296.66,39.5,-1,-1
405,-1,596.22,342.89,346.04,614.78,73.6,-1,-1
405,-1,980.61,256.94,109.62,211.72,60.5,-1,-1
405,-1,803.61,271.49,129.77,267.02,58.3,-1,-1
405,-1,1820.49,353.64,78.19,48.44,37.6,-1,-1
405,-1,598.9,355.26,177.11,299.21,28.4,-1,-1
406,-1,596.35,342.97,345.95,615.02,73.3,-1,-1
406,-1,980.64,256.95,109.63,211.61,60.1,-1,-1
406,-1,803.51,271.49,129.97,266.93,58.8,-1,-1
406,-1,1820.72,353.55,77.83,48.63,37.8,-1,-1
406,-1,598.89,355.16,176.97,299.42,28.2,-1,-1
407,-1,599.3,350.62,347.7,610.5,75.3,-1,-1
407,-1,806.47,270.95,135.31,260.58,66.0,-1,-1
407,-1,987.08,256.67,106.25,205.73,55.3,-1,-1
407,-1,1826.3,356.94,77.64,46.32,42.9,-1,-1
408,-1,602.85,348.17,348.38,610.87,73.1,-1,-1
408,-1,1829.43,354.37,82.24,48.33,50.7,-1,-1
408,-1,807.24,270.52,135.78,261.93,48.2,-1,-1
408,-1,992.97,258.47,103.96,206.49,35.1,-1,-1
408,-1,605.1,353.59,174.5,297.56,29.9,-1,-1
409,-1,610.28,344.5,342.13,619.09,75.3,-1,-1
409,-1,1833.64,355.67,83.63,46.46,40.4,-1,-1
409,-1,990.1,256.71,114.33,208.93,37.9,-1,-1
409,-1,809.7,272.09,135.69,256.45,30.1,-1,-1
409,-1,612.63,352.07,170.35,294.57,29.2,-1,-1
409,-1,754.56,272.13,189.83,258.85,26.2,-1,-1
410,-1,610.19,348.62,341.84,616.62,79.5,-1,-1
410,-1,818.42,271.7,128.63,256.21,49.8,-1,-1
410,-1,994.44,254.03,114.26,206.49,44.2,-1,-1
410,-1,1834.76,356.2,83.91,46.78,43.8,-1,-1
411,-1,612.11,350.24,340.13,615.35,75.7,-1,-1
411,-1,821.02,272.32,128.98,254.49,35.1,-1,-1
411,-1,998.1,252.59,112.79,209.63,29.4,-1,-1
411,-1,1845.14,357.19,73.53,42.91,28.9,-1,-1
411,-1,1572.03,428.59,64.45,34.27,25.5,-1,-1
412,-1,611.21,350.73,341.11,614.62,76.7,-1,-1
412,-1,821.04,272.54,128.99,254.56,35.8,-1,-1
412,-1,1846.12,361.79,73.22,39.38,32.2,-1,-1
412,-1,998.07,252.57,112.55,209.92,29.9,-1,-1
412,-1,1571.88,428.3,64.76,34.1,27.0,-1,-1
413,-1,612.67,334.97,338.97,635.77,70.1,-1,-1
413,-1,828.22,273.9,121.91,250.67,39.9,-1,-1
413,-1,1852.29,361.46,66.98,38.75,34.2,-1,-1
413,-1,1000.82,254.59,111.16,207.96,30.7,-1,-1
414,-1,616.92,340.49,335.97,623.69,59.0,-1,-1
414,-1,830.02,273.22,122.22,252.61,55.7,-1,-1
414,-1,1854.12,357.88,65.06,43.47,36.6,-1,-1
414,-1,618.19,353.05,175.8,296.62,33.9,-1,-1
414,-1,1006.57,256.6,107.66,206.49,30.4,-1,-1
415,-1,621.21,351.6,333.18,607.01,70.1,-1,-1
415,-1,832.28,272.11,123.43,255.18,38.8,-1,-1
415,-1,1861.06,357.91,58.18,43.32,36.0,-1,-1
415,-1,1010.01,256.49,106.6,203.3,33.3,-1,-1
