1,-1,919.05,391.05,321.96,480.63,93.9,-1,-1
1,-1,204.04,362.57,249.64,423.79,92.7,-1,-1
1,-1,745.77,341.82,156.49,254.38,92.1,-1,-1
1,-1,1177.83,311.66,76.2,156.32,89.2,-1,-1
1,-1,1050.37,320.42,108.41,208.91,82.2,-1,-1
1,-1,1218.58,308.93,61.59,95.79,78.0,-1,-1
1,-1,1120.78,310.39,73.56,155.22,51.1,-1,-1
1,-1,1108.28,309.46,67.3,160.45,26.1,-1,-1
2,-1,920.48,391.16,320.94,480.15,94.1,-1,-1
2,-1,203.75,362.85,250.29,423.74,92.6,-1,-1
2,-1,746.11,341.81,156.0,253.45,92.1,-1,-1
2,-1,1178.72,311.79,75.72,156.19,89.0,-1,-1
2,-1,1050.67,319.06,108.68,208.57,82.4,-1,-1
2,-1,1219.01,309.24,62.09,95.94,77.8,-1,-1
2,-1,1121.52,310.35,73.71,155.8,51.7,-1,-1
3,-1,921.54,390.79,319.43,481.06,94.0,-1,-1
3,-1,204.08,362.91,250.1,423.1,92.7,-1,-1
3,-1,747.12,342.21,154.76,252.99,92.0,-1,-1
3,-1,1179.38,311.77,75.05,155.76,90.0,-1,-1
3,-1,1050.54,319.55,109.58,207.0,82.2,-1,-1
3,-1,1219.19,308.94,62.17,96.02,79.0,-1,-1
3,-1,1120.36,311.62,65.98,154.17,55.1,-1,-1
4,-1,922.2,391.48,319.85,480.57,93.9,-1,-1
4,-1,204.02,363.25,249.8,422.46,92.7,-1,-1
4,-1,747.83,343.13,154.72,250.44,91.9,-1,-1
4,-1,1181.43,311.82,73.77,155.9,89.8,-1,-1
4,-1,1051.0,319.87,109.4,207.11,82.1,-1,-1
4,-1,1219.49,308.6,61.72,96.65,78.8,-1,-1
4,-1,1120.62,312.12,65.98,154.01,57.8,-1,-1
5,-1,921.89,391.77,320.5,480.56,93.8,-1,-1
5,-1,203.44,363.87,251.32,421.14,92.7,-1,-1
5,-1,748.62,343.84,154.12,249.06,91.7,-1,-1
5,-1,1181.89,312.05,73.33,155.57,89.5,-1,-1
5,-1,1051.8,320.08,109.66,206.56,81.5,-1,-1
5,-1,1219.6,308.6,61.58,97.17,79.1,-1,-1
5,-1,1121.66,312.87,62.6,151.94,55.0,-1,-1
6,-1,921.98,391.78,320.41,480.66,93.8,-1,-1
6,-1,203.45,363.89,251.42,421.1,92.7,-1,-1
6,-1,748.65,343.87,154.13,249.3,91.7,-1,-1
6,-1,1181.9,312.1,73.38,155.52,89.5,-1,-1
6,-1,1051.41,320.35,110.08,206.35,81.0,-1,-1
6,-1,1219.62,308.67,61.52,97.08,79.2,-1,-1
6,-1,1121.62,312.64,62.68,152.22,55.7,-1,-1
7,-1,922.28,392.58,320.36,480.0,93.9,-1,-1
7,-1,202.19,364.01,252.58,420.76,92.7,-1,-1
7,-1,749.79,343.5,153.09,249.12,91.6,-1,-1
7,-1,1181.87,312.16,73.64,155.92,89.5,-1,-1
7,-1,1051.56,321.23,110.49,207.6,82.0,-1,-1
7,-1,1219.85,308.64,60.23,97.78,79.0,-1,-1
7,-1,1122.55,313.31,61.6,151.53,57.8,-1,-1
8,-1,922.48,392.24,319.17,478.68,94.1,-1,-1
8,-1,202.11,364.66,251.33,419.76,92.5,-1,-1
8,-1,750.76,343.58,152.31,249.24,91.4,-1,-1
8,-1,1182.27,312.07,72.95,155.83,89.6,-1,-1
8,-1,1052.6,321.24,109.52,206.73,82.2,-1,-1
8,-1,1221.02,308.76,58.94,97.97,78.6,-1,-1
8,-1,1123.08,313.12,60.89,151.52,55.1,-1,-1
9,-1,923.24,390.89,318.42,478.2,93.8,-1,-1
9,-1,201.32,364.92,251.36,418.96,92.3,-1,-1
9,-1,751.53,343.4,152.52,250.04,91.3,-1,-1
9,-1,1182.26,312.48,73.36,155.76,89.1,-1,-1
9,-1,1053.37,321.25,109.9,207.16,82.6,-1,-1
9,-1,1220.57,309.25,59.31,97.5,78.3,-1,-1
9,-1,1124.14,313.2,59.83,150.04,61.6,-1,-1
10,-1,924.56,390.66,316.76,478.33,93.9,-1,-1
10,-1,200.84,365.32,251.74,417.99,92.3,-1,-1
10,-1,752.4,343.73,152.84,249.61,91.3,-1,-1
10,-1,1182.78,312.77,73.34,155.3,88.9,-1,-1
10,-1,1056.27,321.23,107.86,206.61,83.7,-1,-1
10,-1,1219.39,309.33,61.05,96.87,79.3,-1,-1
10,-1,1125.26,312.53,58.68,150.14,67.2,-1,-1
11,-1,926.78,390.44,315.91,478.17,93.9,-1,-1
11,-1,200.41,365.34,251.46,417.62,92.0,-1,-1
11,-1,753.1,343.54,152.97,249.17,91.3,-1,-1
11,-1,1182.78,312.76,73.35,155.34,89.1,-1,-1
11,-1,1058.32,321.62,106.59,204.92,83.2,-1,-1
11,-1,1219.14,309.29,61.67,96.83,80.0,-1,-1
11,-1,1124.93,310.17,58.25,150.73,72.8,-1,-1
12,-1,926.8,390.8,315.76,477.87,93.9,-1,-1
12,-1,200.37,365.47,251.59,417.61,92.1,-1,-1
12,-1,753.11,343.52,152.9,248.54,91.3,-1,-1
12,-1,1182.99,313.02,73.14,155.32,88.9,-1,-1
12,-1,1058.06,321.99,106.68,204.57,82.9,-1,-1
12,-1,1219.57,309.53,61.25,96.81,79.9,-1,-1
12,-1,1125.63,310.96,56.97,149.48,72.3,-1,-1
13,-1,926.24,391.51,316.14,475.85,93.9,-1,-1
13,-1,200.33,365.86,251.65,416.59,92.3,-1,-1
13,-1,753.28,343.57,154.04,248.62,91.2,-1,-1
13,-1,1183.33,312.25,72.83,156.0,90.0,-1,-1
13,-1,1057.84,321.07,106.87,204.48,81.5,-1,-1
13,-1,1219.03,309.37,63.0,97.32,79.9,-1,-1
13,-1,1125.87,310.17,57.56,150.39,69.4,-1,-1
14,-1,926.97,391.61,316.31,475.2,93.9,-1,-1
14,-1,201.3,366.64,251.62,416.4,91.9,-1,-1
14,-1,753.7,344.13,154.64,248.38,91.1,-1,-1
14,-1,1182.39,312.46,73.92,156.01,90.3,-1,-1
14,-1,1060.59,321.34,104.78,204.13,81.8,-1,-1
14,-1,1219.06,309.39,62.94,97.64,79.8,-1,-1
14,-1,1126.59,310.78,56.68,150.41,67.2,-1,-1
15,-1,927.64,392.26,316.32,474.3,93.8,-1,-1
15,-1,201.53,367.29,250.61,415.11,91.3,-1,-1
15,-1,754.25,344.09,154.72,248.61,91.2,-1,-1
15,-1,1182.65,312.43,73.55,155.71,90.5,-1,-1
15,-1,1060.98,320.9,105.08,205.22,83.0,-1,-1
15,-1,1218.68,309.3,63.58,97.43,80.5,-1,-1
15,-1,1128.12,311.34,56.41,150.46,67.3,-1,-1
16,-1,928.07,389.43,318.67,476.64,93.6,-1,-1
16,-1,201.94,367.83,250.88,415.12,91.3,-1,-1
16,-1,754.62,344.18,154.76,247.8,91.2,-1,-1
16,-1,1182.23,312.71,74.22,155.54,89.2,-1,-1
16,-1,1063.24,320.23,103.65,204.98,82.2,-1,-1
16,-1,1220.52,309.39,62.15,97.14,80.5,-1,-1
16,-1,1129.55,312.72,56.01,148.76,70.0,-1,-1
17,-1,929.21,389.21,317.19,474.91,93.4,-1,-1
17,-1,201.44,367.74,251.56,416.96,91.5,-1,-1
17,-1,755.32,344.6,154.33,246.6,91.0,-1,-1
17,-1,1182.59,312.52,73.18,155.15,89.1,-1,-1
17,-1,1062.96,319.9,104.28,205.49,81.0,-1,-1
17,-1,1220.7,309.04,61.82,96.65,80.6,-1,-1
17,-1,1129.13,312.7,57.37,149.9,68.8,-1,-1
18,-1,929.14,389.59,317.22,474.53,93.4,-1,-1
18,-1,201.81,367.84,251.24,416.93,91.5,-1,-1
18,-1,755.38,344.5,154.4,246.94,91.0,-1,-1
18,-1,1182.7,312.48,73.04,155.03,89.1,-1,-1
18,-1,1063.35,320.01,103.9,205.42,81.4,-1,-1
18,-1,1220.68,309.06,61.86,96.62,80.6,-1,-1
18,-1,1128.92,312.35,57.68,150.32,68.8,-1,-1
19,-1,930.1,390.2,316.83,472.98,93.4,-1,-1
19,-1,201.18,367.83,251.89,417.18,91.7,-1,-1
19,-1,755.47,344.5,155.55,246.49,91.1,-1,-1
19,-1,1181.63,312.38,73.88,155.36,89.3,-1,-1
19,-1,1062.79,319.42,104.52,205.48,82.8,-1,-1
19,-1,1221.27,309.18,61.39,97.06,80.3,-1,-1
19,-1,1129.05,312.0,56.09,150.47,64.6,-1,-1
20,-1,931.17,389.83,316.33,472.98,93.3,-1,-1
20,-1,201.99,369.44,252.13,416.57,91.6,-1,-1
20,-1,755.73,343.96,156.17,246.67,91.1,-1,-1
20,-1,1182.25,311.83,73.41,155.7,89.8,-1,-1
20,-1,1064.1,321.85,103.43,203.23,82.8,-1,-1
20,-1,1220.75,308.49,61.54,97.63,80.9,-1,-1
20,-1,1130.6,312.74,54.92,148.63,72.4,-1,-1
21,-1,932.56,390.68,315.13,470.48,93.3,-1,-1
21,-1,201.33,369.97,252.65,415.33,91.6,-1,-1
21,-1,756.23,343.45,156.61,246.54,91.0,-1,-1
21,-1,1182.14,311.76,73.24,155.55,90.5,-1,-1
21,-1,1063.75,321.99,103.89,202.6,83.9,-1,-1
21,-1,1221.26,308.14,60.88,97.86,81.3,-1,-1
21,-1,1128.59,311.49,56.11,148.83,71.8,-1,-1
22,-1,933.7,392.22,313.8,467.42,93.6,-1,-1
22,-1,201.57,370.28,253.33,415.24,91.5,-1,-1
22,-1,756.69,343.35,157.97,247.08,91.1,-1,-1
22,-1,1182.28,311.93,73.34,155.67,90.4,-1,-1
22,-1,1063.96,321.98,103.9,202.32,83.5,-1,-1
22,-1,1221.17,308.32,60.9,98.01,81.0,-1,-1
22,-1,1127.44,310.92,57.81,149.62,72.6,-1,-1
23,-1,938.67,395.19,307.6,467.07,93.7,-1,-1
23,-1,201.51,370.54,255.72,416.29,91.4,-1,-1
23,-1,757.09,343.49,159.73,246.3,91.2,-1,-1
23,-1,1182.84,311.67,73.07,156.01,89.4,-1,-1
23,-1,1063.51,320.86,104.45,203.02,83.7,-1,-1
23,-1,1221.12,308.22,61.15,97.97,81.4,-1,-1
23,-1,1126.66,310.02,59.57,149.4,75.1,-1,-1
24,-1,939.02,395.32,307.18,466.89,93.7,-1,-1
24,-1,201.06,370.15,256.43,416.36,91.5,-1,-1
24,-1,757.18,343.49,159.64,246.15,91.2,-1,-1
24,-1,1182.73,311.54,73.18,156.26,89.6,-1,-1
24,-1,1064.09,320.93,104.05,202.84,83.9,-1,-1
24,-1,1221.29,308.12,60.87,98.04,81.2,-1,-1
24,-1,1126.47,310.06,59.74,148.82,75.0,-1,-1
25,-1,939.78,394.88,307.5,467.0,93.7,-1,-1
25,-1,200.55,371.35,258.22,416.1,91.6,-1,-1
25,-1,757.54,343.61,159.99,245.51,91.3,-1,-1
25,-1,1184.18,311.19,71.95,155.62,88.6,-1,-1
25,-1,1064.61,320.73,103.69,202.16,83.3,-1,-1
25,-1,1219.87,307.2,62.64,97.73,80.6,-1,-1
25,-1,1126.74,310.12,59.62,146.59,75.7,-1,-1
26,-1,942.65,396.41,305.01,464.2,94.1,-1,-1
26,-1,200.48,372.08,257.06,416.14,91.6,-1,-1
26,-1,757.95,343.5,160.26,245.33,91.4,-1,-1
26,-1,1184.44,311.35,71.77,155.71,88.1,-1,-1
26,-1,1065.23,319.45,99.07,201.94,84.6,-1,-1
26,-1,1220.58,307.33,62.02,97.78,80.9,-1,-1
26,-1,1127.33,310.25,59.26,146.68,75.8,-1,-1
27,-1,943.03,396.25,304.51,462.02,94.2,-1,-1
27,-1,200.84,371.98,256.57,415.47,91.6,-1,-1
27,-1,758.89,343.65,159.76,244.55,91.3,-1,-1
27,-1,1185.19,311.34,71.16,155.4,89.3,-1,-1
27,-1,1064.75,320.46,98.13,199.82,84.6,-1,-1
27,-1,1219.76,307.14,64.35,97.81,81.0,-1,-1
27,-1,1127.36,310.32,59.2,147.43,76.1,-1,-1
28,-1,944.83,398.14,302.87,459.15,94.5,-1,-1
28,-1,199.9,371.91,257.89,415.68,91.9,-1,-1
28,-1,759.24,343.8,159.43,245.8,91.4,-1,-1
28,-1,1184.74,311.82,71.9,154.6,88.1,-1,-1
28,-1,1063.95,321.83,104.31,199.76,84.4,-1,-1
28,-1,1219.92,307.43,64.51,97.92,81.7,-1,-1
28,-1,1128.73,310.94,57.22,146.25,75.7,-1,-1
29,-1,945.77,397.98,301.89,457.71,94.8,-1,-1
29,-1,201.14,372.6,256.14,414.55,91.9,-1,-1
29,-1,760.27,343.12,158.67,245.88,91.2,-1,-1
29,-1,1185.84,312.09,71.26,153.17,86.1,-1,-1
29,-1,1063.66,321.82,106.15,197.99,84.1,-1,-1
29,-1,1220.6,307.78,64.42,97.51,81.3,-1,-1
29,-1,1129.3,311.18,57.12,145.96,74.2,-1,-1
30,-1,945.75,397.95,301.97,457.69,94.9,-1,-1
30,-1,201.08,372.58,256.05,414.58,91.9,-1,-1
30,-1,760.27,343.11,158.72,245.85,91.2,-1,-1
30,-1,1185.49,312.03,71.53,153.19,86.4,-1,-1
30,-1,1063.64,321.72,106.4,198.11,83.9,-1,-1
30,-1,1220.54,307.8,64.57,97.45,81.1,-1,-1
30,-1,1129.29,311.28,56.96,145.61,73.2,-1,-1
31,-1,946.6,397.0,301.76,458.02,95.1,-1,-1
31,-1,201.32,372.74,256.17,413.82,91.9,-1,-1
31,-1,760.77,343.21,158.98,245.75,91.1,-1,-1
31,-1,1186.22,312.24,71.15,153.02,85.6,-1,-1
31,-1,1063.54,321.67,107.12,198.61,84.0,-1,-1
31,-1,1220.93,307.89,64.04,97.6,81.5,-1,-1
31,-1,1129.78,312.05,56.91,145.63,71.9,-1,-1
32,-1,946.67,396.84,303.85,458.7,94.7,-1,-1
32,-1,202.16,372.65,258.29,412.94,91.7,-1,-1
32,-1,762.11,345.84,156.62,243.71,91.3,-1,-1
32,-1,1063.83,322.73,106.74,196.77,84.0,-1,-1
32,-1,1222.8,307.94,62.29,98.18,82.4,-1,-1
32,-1,1188.64,313.45,69.46,151.31,82.3,-1,-1
32,-1,1129.01,313.51,57.59,142.32,71.8,-1,-1
33,-1,948.08,396.82,304.06,457.75,94.6,-1,-1
33,-1,202.44,372.92,258.95,411.19,91.6,-1,-1
33,-1,762.61,343.03,159.72,245.07,90.9,-1,-1
33,-1,1064.42,323.25,106.54,196.89,83.8,-1,-1
33,-1,1223.64,307.25,60.83,98.14,82.3,-1,-1
33,-1,1189.1,313.33,69.06,151.27,81.7,-1,-1
33,-1,1127.33,313.75,59.41,141.61,70.6,-1,-1
34,-1,949.41,396.53,304.2,456.99,95.1,-1,-1
34,-1,202.2,373.3,261.6,410.4,91.6,-1,-1
34,-1,763.93,344.26,159.33,243.96,91.0,-1,-1
34,-1,1064.57,324.17,106.9,196.93,83.9,-1,-1
34,-1,1224.6,307.39,60.09,99.16,81.4,-1,-1
34,-1,1190.24,314.57,68.66,149.62,79.8,-1,-1
34,-1,1128.79,319.41,58.59,136.54,69.8,-1,-1
35,-1,951.35,397.1,304.9,456.68,95.0,-1,-1
35,-1,202.99,373.75,260.43,410.43,91.5,-1,-1
35,-1,764.94,344.68,159.0,243.92,91.2,-1,-1
35,-1,1063.86,323.82,107.63,195.18,83.7,-1,-1
35,-1,1226.36,306.9,58.04,100.18,80.8,-1,-1
35,-1,1190.39,313.95,68.1,150.4,80.5,-1,-1
35,-1,1128.28,319.2,59.3,135.46,69.6,-1,-1
36,-1,951.25,397.15,305.11,456.48,95.1,-1,-1
36,-1,202.79,373.7,260.43,410.52,91.5,-1,-1
36,-1,764.99,344.77,158.87,243.88,91.2,-1,-1
36,-1,1063.79,323.96,107.85,195.19,84.0,-1,-1
36,-1,1226.56,306.98,57.86,100.19,80.8,-1,-1
36,-1,1190.5,314.11,68.11,150.29,80.3,-1,-1
36,-1,1128.57,320.63,58.84,132.94,69.8,-1,-1
37,-1,952.95,396.76,303.55,456.64,95.1,-1,-1
37,-1,202.74,374.69,261.23,408.54,91.2,-1,-1
37,-1,766.69,344.61,157.92,243.75,91.2,-1,-1
37,-1,1064.17,323.36,109.31,195.6,83.3,-1,-1
37,-1,1190.35,313.6,68.93,150.39,80.9,-1,-1
37,-1,1222.94,306.74,62.02,100.49,80.9,-1,-1
37,-1,1126.6,316.71,61.71,134.72,75.0,-1,-1
38,-1,955.49,397.46,301.16,457.13,95.1,-1,-1
38,-1,201.94,374.1,261.29,409.18,91.3,-1,-1
38,-1,767.9,344.83,157.7,241.58,91.2,-1,-1
38,-1,1224.02,305.64,60.46,99.59,82.6,-1,-1
38,-1,1065.03,323.47,106.17,195.23,82.1,-1,-1
38,-1,1189.54,312.38,69.42,151.0,81.2,-1,-1
38,-1,1129.51,316.22,57.37,134.88,74.6,-1,-1
39,-1,955.38,397.61,302.26,456.75,95.0,-1,-1
39,-1,768.64,343.5,159.57,240.45,91.3,-1,-1
39,-1,202.17,373.98,260.52,409.66,91.2,-1,-1
39,-1,1222.72,305.54,62.08,99.73,82.7,-1,-1
39,-1,1189.68,312.46,69.12,150.36,81.9,-1,-1
39,-1,1065.18,323.54,101.31,194.01,79.7,-1,-1
39,-1,1128.53,315.51,57.85,134.02,74.4,-1,-1
39,-1,1062.83,322.15,73.46,191.81,59.9,-1,-1
40,-1,958.95,397.26,300.61,458.97,94.6,-1,-1
40,-1,770.02,343.83,160.21,239.75,91.5,-1,-1
40,-1,204.3,375.2,259.22,408.37,91.0,-1,-1
40,-1,1222.65,305.66,62.49,99.68,82.4,-1,-1
40,-1,1192.34,313.2,67.65,149.25,80.0,-1,-1
40,-1,1065.61,323.11,103.71,194.43,78.8,-1,-1
40,-1,1130.53,315.8,55.72,133.26,72.7,-1,-1
40,-1,1064.05,322.87,72.08,188.83,59.6,-1,-1
40,-1,1095.52,335.78,80.72,181.36,26.2,-1,-1
41,-1,961.21,396.62,298.57,459.08,95.3,-1,-1
41,-1,770.48,343.54,160.96,241.11,91.9,-1,-1
41,-1,204.44,375.59,258.91,407.39,90.9,-1,-1
41,-1,1221.66,306.37,63.47,99.43,82.9,-1,-1
41,-1,1189.61,312.68,70.09,149.96,82.1,-1,-1
41,-1,1066.89,322.53,106.45,194.11,80.0,-1,-1
41,-1,1129.08,314.41,57.43,133.07,76.5,-1,-1
41,-1,1063.92,321.26,76.62,192.12,50.6,-1,-1
42,-1,961.16,396.69,298.59,458.88,95.3,-1,-1
42,-1,770.5,343.54,160.87,241.21,91.9,-1,-1
42,-1,204.6,375.65,258.32,407.21,90.9,-1,-1
42,-1,1221.46,306.43,63.8,99.53,83.0,-1,-1
42,-1,1189.6,312.85,70.16,150.02,81.8,-1,-1
42,-1,1066.94,322.79,105.47,193.67,78.5,-1,-1
42,-1,1128.96,314.22,57.15,132.7,76.6,-1,-1
42,-1,1063.99,321.53,74.8,191.5,53.0,-1,-1
43,-1,962.58,396.61,296.32,459.25,93.6,-1,-1
43,-1,770.78,343.63,159.98,242.05,91.3,-1,-1
43,-1,204.08,375.82,258.01,407.33,91.0,-1,-1
43,-1,1222.39,307.7,62.76,98.37,81.5,-1,-1
43,-1,1191.28,313.94,69.94,149.04,81.2,-1,-1
43,-1,1070.83,323.39,107.01,195.96,78.8,-1,-1
43,-1,1131.12,316.82,54.87,133.56,75.3,-1,-1
43,-1,1064.65,321.96,76.1,193.09,40.5,-1,-1
44,-1,962.98,396.47,298.72,460.94,93.4,-1,-1
44,-1,771.9,343.74,160.65,243.22,91.6,-1,-1
44,-1,205.26,375.89,257.76,407.99,90.9,-1,-1
44,-1,1191.28,314.15,70.06,148.68,81.6,-1,-1
44,-1,1222.56,307.91,62.73,98.25,81.6,-1,-1
44,-1,1071.86,323.27,105.65,195.44,77.6,-1,-1
44,-1,1130.8,318.02,55.59,131.65,74.1,-1,-1
44,-1,1064.88,321.52,74.58,193.54,41.3,-1,-1
45,-1,966.19,396.16,298.14,461.0,93.0,-1,-1
45,-1,773.66,343.32,160.43,243.81,91.8,-1,-1
45,-1,204.08,375.84,260.95,405.62,90.8,-1,-1
45,-1,1193.51,313.35,68.36,149.42,82.0,-1,-1
45,-1,1226.14,308.52,59.17,98.22,81.9,-1,-1
45,-1,1076.25,325.0,101.37,193.07,78.1,-1,-1
45,-1,1130.03,314.19,58.83,135.41,76.5,-1,-1
46,-1,968.31,397.76,298.52,456.41,93.0,-1,-1
46,-1,775.11,343.76,161.86,242.0,91.8,-1,-1
46,-1,203.69,375.48,261.47,406.97,90.7,-1,-1
46,-1,1193.14,311.86,69.51,152.06,82.7,-1,-1
46,-1,1228.46,308.67,57.23,99.06,80.5,-1,-1
46,-1,1128.22,312.73,62.08,137.45,78.1,-1,-1
46,-1,1077.44,325.69,100.81,192.7,77.6,-1,-1
47,-1,968.77,398.04,299.44,454.88,92.9,-1,-1
47,-1,775.62,344.12,161.94,241.9,91.8,-1,-1
47,-1,205.73,376.5,258.41,410.6,91.2,-1,-1
47,-1,1192.9,311.95,69.76,152.35,81.9,-1,-1
47,-1,1227.75,308.8,58.31,99.42,80.8,-1,-1
47,-1,1127.8,313.46,62.74,136.0,78.1,-1,-1
47,-1,1076.41,324.92,101.81,193.24,76.8,-1,-1
47,-1,1069.64,323.57,78.41,192.61,34.2,-1,-1
48,-1,968.82,398.11,299.81,455.25,92.9,-1,-1
48,-1,775.63,344.13,161.72,241.73,91.8,-1,-1
48,-1,205.79,376.61,258.31,410.7,91.2,-1,-1
48,-1,1192.77,311.9,69.89,152.38,81.9,-1,-1
48,-1,1228.22,308.81,57.7,99.17,80.5,-1,-1
48,-1,1128.04,313.7,62.52,135.76,78.2,-1,-1
48,-1,1076.51,324.97,101.68,193.14,76.9,-1,-1
48,-1,1069.75,323.69,78.54,192.38,33.2,-1,-1
49,-1,970.83,399.33,298.59,452.57,93.1,-1,-1
49,-1,206.67,376.94,257.83,412.24,91.6,-1,-1
49,-1,777.11,344.48,162.08,239.21,91.5,-1,-1
49,-1,1192.75,311.69,70.27,151.24,82.5,-1,-1
49,-1,1127.93,312.57,63.11,137.27,80.0,-1,-1
49,-1,1226.01,308.41,60.4,99.24,79.1,-1,-1
49,-1,1076.05,324.44,101.33,193.52,78.1,-1,-1
49,-1,1070.68,323.43,80.51,193.04,28.9,-1,-1
50,-1,972.9,399.12,300.06,450.52,93.0,-1,-1
50,-1,207.56,377.74,257.5,413.08,91.8,-1,-1
50,-1,778.9,344.91,162.29,237.58,91.5,-1,-1
50,-1,1193.95,311.31,70.42,150.83,84.6,-1,-1
50,-1,1128.72,312.64,63.9,136.88,79.4,-1,-1
50,-1,1076.66,324.34,100.35,192.28,78.0,-1,-1
50,-1,1227.64,309.27,58.9,98.65,72.9,-1,-1
51,-1,974.01,398.36,299.39,451.93,94.6,-1,-1
51,-1,208.37,377.56,257.37,415.88,92.2,-1,-1
51,-1,779.65,344.83,162.31,237.37,91.5,-1,-1
51,-1,1195.31,311.14,69.62,150.89,85.8,-1,-1
51,-1,1130.47,312.03,63.25,138.41,80.6,-1,-1
51,-1,1077.11,324.39,102.84,191.7,78.2,-1,-1
51,-1,1225.49,306.61,61.48,100.32,71.1,-1,-1
52,-1,975.05,397.33,299.96,453.78,94.7,-1,-1
52,-1,208.56,378.06,257.69,416.56,91.9,-1,-1
52,-1,781.4,345.12,160.12,236.66,91.5,-1,-1
52,-1,1195.57,311.07,69.13,150.98,83.1,-1,-1
52,-1,1130.83,312.3,62.59,136.92,81.0,-1,-1
52,-1,1076.82,324.11,104.62,191.7,79.2,-1,-1
52,-1,1227.64,307.27,61.58,99.97,70.5,-1,-1
53,-1,976.63,397.48,299.96,454.5,94.7,-1,-1
53,-1,782.88,345.8,159.45,235.25,91.8,-1,-1
53,-1,208.65,378.17,258.18,415.54,91.7,-1,-1
53,-1,1194.76,310.93,70.47,151.41,82.7,-1,-1
53,-1,1130.32,311.83,61.93,136.22,80.2,-1,-1
53,-1,1076.72,324.94,104.53,190.7,79.6,-1,-1
53,-1,1231.7,308.12,58.21,99.33,71.0,-1,-1
54,-1,976.66,397.49,299.93,454.52,94.8,-1,-1
54,-1,782.87,345.81,159.51,235.25,91.8,-1,-1
54,-1,208.55,378.13,258.23,415.41,91.8,-1,-1
54,-1,1194.79,310.94,70.43,151.44,82.8,-1,-1
54,-1,1130.39,311.94,61.83,135.98,80.2,-1,-1
54,-1,1076.75,324.97,104.57,190.64,79.5,-1,-1
54,-1,1231.67,308.12,58.27,99.34,71.0,-1,-1
55,-1,977.76,397.45,299.49,454.08,95.0,-1,-1
55,-1,784.36,345.96,158.77,235.18,92.1,-1,-1
55,-1,208.98,379.02,259.61,411.92,91.2,-1,-1
55,-1,1194.42,310.44,70.9,151.94,81.6,-1,-1
55,-1,1131.87,312.32,59.56,135.61,78.9,-1,-1
55,-1,1073.97,325.9,104.73,191.04,77.3,-1,-1
55,-1,1234.34,308.93,55.7,98.9,71.4,-1,-1
55,-1,1075.4,325.37,71.62,189.37,68.3,-1,-1
55,-1,1224.91,305.5,53.53,101.66,27.0,-1,-1
56,-1,978.42,398.68,299.72,450.67,94.5,-1,-1
56,-1,786.05,346.39,157.46,235.69,92.3,-1,-1
56,-1,209.81,379.4,260.24,410.06,90.8,-1,-1
56,-1,1194.49,309.77,70.31,151.41,80.3,-1,-1
56,-1,1077.47,323.45,102.4,190.7,79.5,-1,-1
56,-1,1133.54,312.53,55.61,133.27,75.4,-1,-1
56,-1,1232.96,308.88,57.5,98.06,70.9,-1,-1
56,-1,1224.73,305.38,55.48,101.15,28.8,-1,-1
57,-1,979.56,398.0,300.65,451.55,93.0,-1,-1
57,-1,787.33,346.67,156.98,236.19,92.2,-1,-1
57,-1,209.81,379.42,261.44,410.86,90.8,-1,-1
57,-1,1078.92,322.59,101.22,191.51,80.5,-1,-1
57,-1,1194.59,309.58,70.92,151.04,80.5,-1,-1
57,-1,1133.45,311.66,55.46,135.49,71.3,-1,-1
57,-1,1232.54,309.2,57.55,97.84,70.4,-1,-1
58,-1,983.24,398.41,298.49,449.9,92.5,-1,-1
58,-1,789.98,346.18,156.17,235.5,92.2,-1,-1
58,-1,210.37,380.48,262.56,410.77,90.5,-1,-1
58,-1,1194.12,308.87,72.13,151.47,81.4,-1,-1
58,-1,1082.41,322.42,98.49,191.73,77.0,-1,-1
58,-1,1076.04,323.03,75.64,190.56,76.4,-1,-1
58,-1,1228.2,307.81,60.51,98.81,70.2,-1,-1
58,-1,1131.5,309.76,56.55,133.35,69.6,-1,-1
58,-1,1104.27,348.19,79.56,164.23,37.1,-1,-1
59,-1,985.97,397.61,296.87,451.18,92.8,-1,-1
59,-1,790.32,346.9,155.19,234.86,92.2,-1,-1
59,-1,210.5,380.7,261.76,410.36,90.3,-1,-1
59,-1,1194.76,310.1,71.57,149.96,81.7,-1,-1
59,-1,1084.82,324.62,96.23,190.04,76.8,-1,-1
59,-1,1077.46,323.86,64.7,190.1,73.0,-1,-1
59,-1,1131.83,310.35,55.28,131.97,69.6,-1,-1
59,-1,1230.31,308.03,61.63,99.06,69.5,-1,-1
60,-1,985.96,397.19,296.64,451.75,92.9,-1,-1
60,-1,790.34,346.89,155.13,235.28,92.2,-1,-1
60,-1,210.54,380.75,261.8,410.15,90.3,-1,-1
60,-1,1194.69,310.18,71.66,149.83,82.0,-1,-1
60,-1,1084.81,324.69,96.42,190.16,77.3,-1,-1
60,-1,1077.29,323.86,65.0,190.43,72.4,-1,-1
60,-1,1131.9,310.4,54.72,130.72,71.6,-1,-1
60,-1,1231.36,310.06,59.5,95.58,71.1,-1,-1
61,-1,987.08,397.52,296.01,449.88,93.6,-1,-1
61,-1,792.08,346.67,154.04,236.08,92.2,-1,-1
61,-1,209.37,380.1,261.35,407.61,90.7,-1,-1
61,-1,1195.56,310.16,72.35,150.44,82.8,-1,-1
61,-1,1084.19,324.0,97.39,189.76,80.7,-1,-1
61,-1,1131.22,310.76,53.84,132.22,72.3,-1,-1
61,-1,1078.24,323.19,72.89,190.55,69.6,-1,-1
61,-1,1230.89,308.17,61.08,98.75,68.1,-1,-1
61,-1,1222.92,304.14,57.86,100.56,28.6,-1,-1
62,-1,989.75,400.17,294.15,445.97,92.8,-1,-1
62,-1,793.55,347.43,153.35,235.54,91.9,-1,-1
62,-1,209.94,380.3,259.92,407.24,90.9,-1,-1
62,-1,1196.39,309.26,72.32,152.71,85.8,-1,-1
62,-1,1085.35,324.56,96.7,188.66,84.9,-1,-1
62,-1,1134.49,309.11,57.66,136.62,72.1,-1,-1
62,-1,1231.4,307.97,61.3,98.42,66.4,-1,-1
62,-1,1222.79,304.12,58.11,99.96,32.7,-1,-1
63,-1,992.1,400.52,293.81,444.93,92.6,-1,-1
63,-1,796.59,348.14,151.5,236.11,91.7,-1,-1
63,-1,210.76,381.16,261.27,407.42,91.1,-1,-1
63,-1,1197.06,308.42,71.4,153.84,87.0,-1,-1
63,-1,1086.9,326.54,96.24,186.81,82.7,-1,-1
63,-1,1135.62,308.9,56.91,135.76,71.8,-1,-1
63,-1,1081.64,325.09,76.18,187.6,67.4,-1,-1
63,-1,1234.53,310.03,57.29,94.53,67.3,-1,-1
63,-1,1223.77,304.14,58.23,99.16,31.8,-1,-1
64,-1,994.84,401.08,292.88,442.75,92.6,-1,-1
64,-1,799.37,348.2,151.61,236.93,91.6,-1,-1
64,-1,210.81,381.88,261.7,407.04,91.3,-1,-1
64,-1,1198.7,307.62,69.82,153.94,89.2,-1,-1
64,-1,1088.3,327.0,95.12,187.21,79.5,-1,-1
64,-1,1136.64,309.13,58.12,138.51,72.5,-1,-1
64,-1,1236.58,310.1,55.08,94.05,67.4,-1,-1
64,-1,1082.89,325.12,74.63,186.63,63.5,-1,-1
65,-1,999.03,403.28,291.78,441.64,92.1,-1,-1
65,-1,802.02,348.86,149.28,236.65,91.4,-1,-1
65,-1,210.85,381.98,263.2,407.14,91.0,-1,-1
65,-1,1199.23,307.85,70.15,153.42,89.8,-1,-1
65,-1,1087.22,327.11,97.01,188.33,80.6,-1,-1
65,-1,1136.41,309.17,58.62,138.89,70.3,-1,-1
65,-1,1235.73,307.87,57.05,98.38,68.5,-1,-1
66,-1,998.79,403.36,292.0,441.53,92.6,-1,-1
66,-1,801.92,348.94,149.45,236.59,91.5,-1,-1
66,-1,210.95,382.11,263.02,407.34,91.0,-1,-1
66,-1,1199.25,308.03,70.06,153.23,89.7,-1,-1
66,-1,1087.18,327.24,97.2,188.23,80.3,-1,-1
66,-1,1136.64,309.38,58.26,138.57,69.8,-1,-1
66,-1,1235.9,307.87,56.92,98.5,68.9,-1,-1
67,-1,999.16,403.19,293.93,442.0,93.6,-1,-1
67,-1,802.02,348.35,149.98,237.26,91.3,-1,-1
67,-1,210.28,382.11,263.83,406.06,91.1,-1,-1
67,-1,1199.31,307.93,70.42,153.28,89.2,-1,-1
67,-1,1083.2,325.51,106.27,192.35,77.5,-1,-1
67,-1,1236.65,307.46,56.26,98.53,70.0,-1,-1
67,-1,1136.0,307.96,57.91,138.29,63.1,-1,-1
67,-1,1109.4,339.61,79.42,173.88,46.1,-1,-1
68,-1,997.68,402.78,295.95,441.66,92.2,-1,-1
68,-1,802.18,348.33,148.37,237.11,91.3,-1,-1
68,-1,211.32,382.87,264.0,405.23,91.1,-1,-1
68,-1,1199.83,307.88,70.0,153.02,88.7,-1,-1
68,-1,1084.34,326.63,105.99,190.62,77.2,-1,-1
68,-1,1236.5,306.9,56.24,98.52,72.1,-1,-1
68,-1,1131.53,309.9,61.99,133.02,59.5,-1,-1
68,-1,1111.01,343.47,78.26,169.64,31.4,-1,-1
69,-1,1000.53,402.68,294.41,439.78,91.9,-1,-1
69,-1,211.9,382.96,263.59,404.08,91.1,-1,-1
69,-1,804.98,348.58,148.64,237.75,91.0,-1,-1
69,-1,1200.36,307.64,69.31,153.21,88.0,-1,-1
69,-1,1086.14,326.96,104.57,190.42,75.8,-1,-1
69,-1,1236.9,307.45,55.43,97.36,72.1,-1,-1
69,-1,1131.4,309.95,61.73,132.72,59.5,-1,-1
69,-1,1113.26,343.66,76.73,169.33,41.1,-1,-1
70,-1,1005.54,402.2,291.22,442.03,93.1,-1,-1
70,-1,211.69,382.97,262.73,404.36,91.3,-1,-1
70,-1,805.29,348.22,147.57,238.39,91.1,-1,-1
70,-1,1200.74,307.76,69.4,153.44,87.8,-1,-1
70,-1,1085.52,326.68,104.5,188.78,75.6,-1,-1
70,-1,1236.01,307.29,56.77,97.11,72.4,-1,-1
70,-1,1132.32,313.48,60.92,129.09,58.7,-1,-1
70,-1,1114.99,340.39,75.29,171.27,35.4,-1,-1
71,-1,1006.03,401.67,291.84,442.59,92.8,-1,-1
71,-1,212.33,383.27,262.48,403.72,91.4,-1,-1
71,-1,806.58,348.57,147.16,237.05,91.1,-1,-1
71,-1,1202.45,308.5,68.44,152.39,87.2,-1,-1
71,-1,1085.39,325.96,104.78,188.52,76.2,-1,-1
71,-1,1238.38,308.62,54.78,94.46,73.4,-1,-1
71,-1,1132.63,313.41,63.28,128.82,59.0,-1,-1
72,-1,1006.09,401.65,291.9,442.81,92.8,-1,-1
72,-1,212.48,383.24,262.29,403.77,91.4,-1,-1
72,-1,806.52,348.77,147.21,236.81,91.1,-1,-1
72,-1,1202.19,308.38,68.51,152.31,87.5,-1,-1
72,-1,1085.35,325.63,104.67,188.75,76.7,-1,-1
72,-1,1238.89,308.37,54.07,94.49,72.6,-1,-1
72,-1,1132.65,313.09,62.8,128.75,60.6,-1,-1
73,-1,1007.93,402.24,291.48,446.41,91.5,-1,-1
73,-1,212.72,383.15,261.62,401.73,91.5,-1,-1
73,-1,806.64,348.54,150.64,237.38,91.0,-1,-1
73,-1,1202.75,308.72,68.86,152.34,89.6,-1,-1
73,-1,1238.99,308.57,54.63,94.48,74.0,-1,-1
73,-1,1086.87,325.27,103.34,187.7,73.1,-1,-1
73,-1,1132.22,312.35,65.06,129.95,58.7,-1,-1
74,-1,1010.91,403.05,291.84,446.34,91.7,-1,-1
74,-1,214.56,383.83,262.64,403.2,91.2,-1,-1
74,-1,808.26,347.81,151.98,237.86,90.9,-1,-1
74,-1,1203.32,308.53,66.99,151.48,89.3,-1,-1
74,-1,1238.55,308.86,54.71,94.49,74.7,-1,-1
74,-1,1086.25,324.36,104.2,189.9,74.6,-1,-1
74,-1,1132.3,313.15,67.68,129.74,59.0,-1,-1
75,-1,1016.12,403.13,289.12,446.69,92.1,-1,-1
75,-1,213.06,382.92,263.86,402.91,91.4,-1,-1
75,-1,808.81,348.04,152.57,238.88,90.8,-1,-1
75,-1,1203.46,308.52,68.12,151.61,89.0,-1,-1
75,-1,1089.25,319.67,97.03,191.67,82.5,-1,-1
75,-1,1237.6,308.72,56.52,94.98,75.4,-1,-1
75,-1,1135.29,315.43,62.58,133.28,60.9,-1,-1
76,-1,1013.6,402.21,293.06,451.98,92.2,-1,-1
76,-1,212.75,382.15,265.88,404.4,91.1,-1,-1
76,-1,809.95,349.09,152.05,237.4,90.6,-1,-1
76,-1,1202.73,308.2,68.95,151.13,88.5,-1,-1
76,-1,1086.76,325.17,105.18,189.71,77.7,-1,-1
76,-1,1237.97,308.26,56.38,94.72,74.9,-1,-1
76,-1,1132.01,313.63,69.86,129.48,57.6,-1,-1
77,-1,1018.19,403.25,289.01,447.64,92.6,-1,-1
77,-1,213.57,382.72,265.05,404.99,90.9,-1,-1
77,-1,810.84,348.68,151.97,237.55,90.5,-1,-1
77,-1,1203.6,311.52,68.31,147.04,86.0,-1,-1
77,-1,1090.34,324.71,98.44,185.12,77.2,-1,-1
77,-1,1239.46,306.94,55.14,95.65,74.4,-1,-1
77,-1,1132.0,312.59,70.04,129.85,57.9,-1,-1
78,-1,1018.34,403.23,288.86,447.54,92.6,-1,-1
78,-1,215.38,379.09,262.92,407.52,91.0,-1,-1
78,-1,810.86,348.78,151.91,237.38,90.6,-1,-1
78,-1,1203.56,311.6,68.13,146.74,86.3,-1,-1
78,-1,1090.43,324.57,98.5,184.91,77.5,-1,-1
78,-1,1239.66,307.11,54.96,95.25,74.0,-1,-1
78,-1,1131.91,312.67,70.25,129.44,57.1,-1,-1
79,-1,1020.35,403.41,288.37,445.96,92.4,-1,-1
79,-1,216.03,379.07,263.45,408.93,91.1,-1,-1
79,-1,811.48,348.68,152.72,238.1,90.6,-1,-1
79,-1,1204.88,311.47,68.02,146.44,89.6,-1,-1
79,-1,1093.92,331.56,99.92,179.25,79.0,-1,-1
79,-1,1238.37,306.79,57.48,95.07,76.9,-1,-1
79,-1,1134.65,312.28,69.48,130.17,56.2,-1,-1
80,-1,1022.43,403.87,287.84,446.63,92.7,-1,-1
80,-1,216.27,379.25,263.84,408.92,91.4,-1,-1
80,-1,813.17,348.88,151.23,237.47,90.6,-1,-1
80,-1,1205.61,311.79,67.49,146.05,90.5,-1,-1
80,-1,1093.74,331.88,100.61,179.98,79.1,-1,-1
80,-1,1238.14,306.54,57.79,95.19,77.6,-1,-1
80,-1,1136.62,313.25,67.51,128.53,57.6,-1,-1
81,-1,1025.12,403.3,288.47,445.51,92.5,-1,-1
81,-1,216.79,379.23,264.09,409.5,91.3,-1,-1
81,-1,1206.34,312.29,67.4,145.75,91.3,-1,-1
81,-1,815.14,348.4,149.98,237.65,90.5,-1,-1
81,-1,1237.82,306.83,58.74,94.77,77.7,-1,-1
81,-1,1096.97,335.7,98.7,176.37,75.9,-1,-1
81,-1,1138.09,315.77,66.45,126.66,58.2,-1,-1
82,-1,1024.54,403.97,291.9,443.67,92.2,-1,-1
82,-1,217.19,379.41,263.74,408.81,91.2,-1,-1
82,-1,1206.9,313.07,67.08,145.33,91.1,-1,-1
82,-1,816.51,349.22,149.98,236.4,90.3,-1,-1
82,-1,1238.01,307.12,58.78,94.47,78.1,-1,-1
82,-1,1098.97,336.1,97.48,177.07,76.4,-1,-1
82,-1,1141.04,317.49,63.26,125.96,57.5,-1,-1
83,-1,1025.92,404.61,292.09,444.05,92.5,-1,-1
83,-1,216.59,382.17,265.14,407.6,91.1,-1,-1
83,-1,817.85,349.36,149.53,234.88,90.3,-1,-1
83,-1,1207.03,314.54,67.56,144.09,89.8,-1,-1
83,-1,1239.57,308.91,57.33,93.5,77.2,-1,-1
83,-1,1099.86,338.22,97.25,174.23,74.5,-1,-1
83,-1,1142.36,318.66,63.06,125.1,58.2,-1,-1
84,-1,1025.89,404.74,292.0,443.8,92.5,-1,-1
84,-1,216.5,382.31,265.3,407.69,91.1,-1,-1
84,-1,817.78,349.1,149.73,235.35,90.3,-1,-1
84,-1,1207.17,314.42,67.33,144.22,89.9,-1,-1
84,-1,1239.25,308.77,57.75,93.57,78.1,-1,-1
84,-1,1100.16,338.73,96.95,173.97,73.4,-1,-1
84,-1,1143.55,319.14,61.67,125.21,57.4,-1,-1
85,-1,1027.29,405.01,291.57,444.09,92.8,-1,-1
85,-1,216.8,382.65,265.55,407.68,91.3,-1,-1
85,-1,818.87,348.57,148.23,234.37,90.2,-1,-1
85,-1,1208.11,314.71,66.47,144.41,89.2,-1,-1
85,-1,1096.5,335.99,101.85,177.71,79.0,-1,-1
85,-1,1240.44,309.86,56.7,93.34,77.3,-1,-1
85,-1,1145.49,319.91,60.31,123.61,54.5,-1,-1
86,-1,1027.77,405.06,293.06,443.12,93.2,-1,-1
86,-1,218.2,382.7,265.65,408.78,91.5,-1,-1
86,-1,819.83,350.13,147.64,233.56,90.4,-1,-1
86,-1,1208.93,314.4,66.07,144.74,88.5,-1,-1
86,-1,1096.06,334.81,102.89,178.49,80.4,-1,-1
86,-1,1240.57,310.25,56.64,93.4,76.6,-1,-1
86,-1,1146.1,320.46,60.03,123.03,53.3,-1,-1
87,-1,1029.67,405.2,294.02,441.51,93.4,-1,-1
87,-1,219.2,382.13,265.04,409.23,91.5,-1,-1
87,-1,821.39,349.94,147.85,234.77,91.2,-1,-1
87,-1,1210.21,314.53,65.14,144.13,87.7,-1,-1
87,-1,1097.15,334.85,101.86,178.22,78.9,-1,-1
87,-1,1242.05,310.85,56.11,93.1,76.6,-1,-1
87,-1,1146.36,319.72,61.28,123.58,52.3,-1,-1
88,-1,1030.75,406.31,294.13,440.58,92.8,-1,-1
88,-1,219.44,382.14,265.28,409.46,91.5,-1,-1
88,-1,821.87,348.2,151.84,236.69,90.5,-1,-1
88,-1,1210.15,314.62,65.35,144.15,87.0,-1,-1
88,-1,1097.49,336.04,101.41,177.18,76.2,-1,-1
88,-1,1242.12,311.18,55.89,92.77,76.1,-1,-1
88,-1,1145.77,319.06,62.06,122.38,51.7,-1,-1
89,-1,1030.89,405.92,294.78,439.16,92.6,-1,-1
89,-1,218.24,382.23,265.75,407.92,91.3,-1,-1
89,-1,822.2,351.3,150.42,234.02,90.7,-1,-1
89,-1,1208.82,313.94,65.6,144.44,85.2,-1,-1
89,-1,1098.37,337.01,100.45,176.16,76.0,-1,-1
89,-1,1239.65,310.78,56.65,92.52,74.5,-1,-1
89,-1,1144.88,320.39,61.37,122.21,52.8,-1,-1
90,-1,1031.11,406.11,294.53,438.95,92.7,-1,-1
90,-1,218.27,382.16,265.62,408.03,91.3,-1,-1
90,-1,822.25,351.4,150.38,233.97,90.6,-1,-1
90,-1,1208.84,313.96,65.58,144.49,85.4,-1,-1
90,-1,1098.41,337.14,100.44,175.82,75.8,-1,-1
90,-1,1239.61,310.89,56.77,92.42,74.4,-1,-1
90,-1,1144.91,320.21,60.99,121.64,52.7,-1,-1
91,-1,1031.51,406.01,294.64,436.88,93.7,-1,-1
91,-1,216.45,381.48,267.84,408.18,91.0,-1,-1
91,-1,821.96,351.82,149.16,233.17,90.9,-1,-1
91,-1,1207.68,313.59,66.03,144.93,86.2,-1,-1
91,-1,1096.47,334.51,101.85,178.23,80.0,-1,-1
91,-1,1238.71,312.12,56.54,92.04,71.3,-1,-1
91,-1,1139.43,317.55,62.4,122.51,58.4,-1,-1
92,-1,1031.41,406.88,295.08,434.5,93.1,-1,-1
92,-1,216.71,381.65,267.66,410.58,91.4,-1,-1
92,-1,820.66,351.36,149.17,234.06,91.2,-1,-1
92,-1,1204.3,310.1,67.4,148.09,84.1,-1,-1
92,-1,1095.83,337.71,101.36,174.47,78.6,-1,-1
92,-1,1237.31,313.15,54.99,91.73,69.3,-1,-1
92,-1,1137.77,318.81,65.3,123.63,57.7,-1,-1
93,-1,1031.6,406.53,293.98,431.66,93.5,-1,-1
93,-1,819.74,352.03,148.52,233.22,91.2,-1,-1
93,-1,214.76,383.18,268.23,411.53,91.1,-1,-1
93,-1,1203.02,309.59,67.28,148.93,88.1,-1,-1
93,-1,1094.75,340.15,101.59,171.33,76.3,-1,-1
93,-1,1229.23,314.67,63.69,89.86,68.1,-1,-1
93,-1,1137.39,316.39,62.38,126.55,57.0,-1,-1
93,-1,1220.5,308.86,61.45,92.35,30.4,-1,-1
94,-1,1031.75,406.78,293.87,431.42,94.1,-1,-1
94,-1,212.99,382.99,270.01,415.54,91.5,-1,-1
94,-1,819.05,349.26,149.54,235.82,90.4,-1,-1
94,-1,1200.53,309.54,69.45,148.25,88.7,-1,-1
94,-1,1093.95,340.43,100.91,170.57,75.1,-1,-1
94,-1,1228.64,314.41,62.56,89.86,62.3,-1,-1
94,-1,1133.56,319.7,58.67,120.53,51.0,-1,-1
94,-1,1220.9,307.98,57.18,93.99,36.9,-1,-1
95,-1,1031.96,406.53,294.32,432.39,93.5,-1,-1
95,-1,210.58,381.74,274.78,420.83,91.5,-1,-1
95,-1,818.26,349.4,149.69,236.11,90.3,-1,-1
95,-1,1199.72,308.73,67.22,149.82,89.0,-1,-1
95,-1,1095.76,340.6,98.07,170.27,72.5,-1,-1
95,-1,1224.8,308.3,63.5,96.49,62.1,-1,-1
95,-1,1131.35,321.49,64.48,123.34,53.0,-1,-1
96,-1,1032.01,406.74,294.36,432.35,93.4,-1,-1
96,-1,210.71,381.83,274.76,420.77,91.3,-1,-1
96,-1,818.36,349.34,149.5,236.28,90.3,-1,-1
96,-1,1199.61,308.88,67.34,149.66,89.3,-1,-1
96,-1,1096.17,339.74,97.58,171.0,72.3,-1,-1
96,-1,1224.7,308.33,63.51,96.39,62.4,-1,-1
96,-1,1130.96,319.82,64.74,124.87,53.8,-1,-1
97,-1,1032.03,406.9,295.53,431.44,93.6,-1,-1
97,-1,209.75,382.37,271.17,421.82,91.3,-1,-1
97,-1,817.62,349.44,149.05,236.02,90.5,-1,-1
97,-1,1197.61,311.26,68.74,146.93,87.6,-1,-1
97,-1,1087.55,334.8,104.31,177.38,77.1,-1,-1
97,-1,1222.44,309.31,64.96,94.9,67.0,-1,-1
97,-1,1134.5,323.07,58.14,122.22,45.1,-1,-1
98,-1,1032.34,407.76,296.93,429.82,94.4,-1,-1
98,-1,207.38,380.69,271.04,425.08,90.8,-1,-1
98,-1,816.89,349.96,148.76,233.97,90.4,-1,-1
98,-1,1196.04,310.24,67.44,147.82,84.4,-1,-1
98,-1,1087.23,335.56,102.54,176.63,72.3,-1,-1
98,-1,1218.87,309.01,68.32,94.22,68.1,-1,-1
98,-1,1133.53,326.15,56.12,117.74,55.0,-1,-1
99,-1,1033.05,407.63,296.8,430.84,95.1,-1,-1
99,-1,209.45,381.43,263.68,423.76,90.6,-1,-1
99,-1,816.68,349.86,148.57,234.33,90.5,-1,-1
99,-1,1196.13,312.18,66.25,146.02,83.0,-1,-1
99,-1,1086.62,337.75,103.63,174.8,72.7,-1,-1
99,-1,1218.34,311.13,66.96,92.31,64.4,-1,-1
99,-1,1128.39,322.59,60.67,121.61,59.7,-1,-1
100,-1,1034.06,406.56,297.29,431.66,95.0,-1,-1
100,-1,207.26,381.68,258.73,422.49,91.1,-1,-1
100,-1,816.84,349.84,148.86,234.33,90.4,-1,-1
100,-1,1194.42,312.19,67.14,144.3,86.3,-1,-1
100,-1,1085.7,338.11,103.71,173.83,75.6,-1,-1
100,-1,1218.64,311.69,64.46,90.74,63.3,-1,-1
100,-1,1128.42,319.42,57.65,123.22,50.0,-1,-1
100,-1,1212.79,311.31,56.14,94.33,25.8,-1,-1
101,-1,1034.72,406.33,298.74,436.37,94.4,-1,-1
101,-1,204.46,380.5,258.57,424.27,91.5,-1,-1
101,-1,815.92,349.34,151.43,234.74,90.5,-1,-1
101,-1,1193.39,311.0,67.77,145.27,84.7,-1,-1
101,-1,1084.89,337.67,103.74,173.22,75.6,-1,-1
101,-1,1218.38,310.65,63.4,91.76,61.6,-1,-1
101,-1,1130.97,320.33,52.02,119.28,52.6,-1,-1
102,-1,1034.75,406.32,298.67,436.34,94.7,-1,-1
102,-1,204.45,380.48,258.58,424.23,91.6,-1,-1
102,-1,815.89,349.21,151.46,234.9,90.5,-1,-1
102,-1,1193.32,311.13,67.84,145.18,84.8,-1,-1
102,-1,1084.87,337.72,103.69,173.15,75.5,-1,-1
102,-1,1218.38,310.69,63.48,91.81,61.4,-1,-1
102,-1,1130.91,320.24,51.9,119.25,52.3,-1,-1
103,-1,1037.06,406.1,297.59,435.62,94.6,-1,-1
103,-1,203.4,380.57,259.05,424.06,91.7,-1,-1
103,-1,816.2,349.06,152.71,234.81,90.5,-1,-1
103,-1,1192.91,311.67,67.39,144.35,83.8,-1,-1
103,-1,1089.85,340.42,99.62,168.94,77.5,-1,-1
103,-1,1217.81,310.77,63.17,90.98,63.8,-1,-1
103,-1,1129.7,316.43,52.66,122.93,53.7,-1,-1
103,-1,1124.5,312.98,47.07,111.48,32.1,-1,-1
104,-1,1040.02,405.81,297.43,436.16,95.1,-1,-1
104,-1,203.5,380.79,258.86,424.89,91.6,-1,-1
104,-1,817.69,348.62,152.29,235.16,90.5,-1,-1
104,-1,1193.46,311.84,67.09,144.25,84.4,-1,-1
104,-1,1091.45,339.19,98.53,170.16,77.9,-1,-1
104,-1,1218.14,310.81,63.15,91.04,63.8,-1,-1
104,-1,1129.3,315.93,52.25,121.97,54.8,-1,-1
104,-1,1124.56,313.74,46.88,108.33,35.1,-1,-1
105,-1,1042.56,405.6,297.72,437.23,95.0,-1,-1
105,-1,203.46,380.91,259.11,423.89,91.6,-1,-1
105,-1,818.9,350.96,149.9,232.31,91.1,-1,-1
105,-1,1193.07,311.64,67.58,143.91,84.5,-1,-1
105,-1,1092.05,337.37,97.65,171.97,79.1,-1,-1
105,-1,1217.98,311.1,63.36,90.67,64.2,-1,-1
105,-1,1129.51,314.81,49.77,117.48,54.5,-1,-1
105,-1,1126.26,314.05,45.42,103.63,45.6,-1,-1
106,-1,1044.93,404.14,296.8,437.04,95.1,-1,-1
106,-1,203.19,381.03,261.02,424.2,91.6,-1,-1
106,-1,818.93,350.27,151.38,232.96,90.9,-1,-1
106,-1,1192.45,311.61,68.12,144.11,85.3,-1,-1
106,-1,1092.83,337.94,96.63,171.63,76.2,-1,-1
106,-1,1219.75,311.34,57.23,90.19,63.0,-1,-1
106,-1,1130.21,316.28,52.05,120.0,55.9,-1,-1
107,-1,1045.5,403.69,298.02,435.64,95.2,-1,-1
107,-1,202.74,380.64,264.02,425.16,91.6,-1,-1
107,-1,819.98,347.83,153.54,234.82,90.6,-1,-1
107,-1,1192.51,312.71,68.04,142.94,85.3,-1,-1
107,-1,1089.29,336.65,100.34,171.83,76.5,-1,-1
107,-1,1219.84,311.43,56.73,89.6,63.8,-1,-1
107,-1,1132.31,321.74,49.42,111.81,49.7,-1,-1
107,-1,1086.75,332.75,33.4,79.24,25.3,-1,-1
108,-1,1045.34,403.84,298.09,435.53,94.9,-1,-1
108,-1,202.57,380.71,264.26,425.24,91.7,-1,-1
108,-1,820.01,347.99,153.58,234.63,90.6,-1,-1
108,-1,1192.37,312.4,68.25,143.28,85.2,-1,-1
108,-1,1089.32,336.6,100.27,172.16,76.8,-1,-1
108,-1,1220.06,311.51,56.46,89.71,63.6,-1,-1
108,-1,1132.37,321.77,48.88,110.65,48.8,-1,-1
109,-1,1046.19,401.95,298.07,436.46,93.8,-1,-1
109,-1,202.07,380.95,265.94,424.21,91.8,-1,-1
109,-1,821.25,348.01,152.79,234.71,90.7,-1,-1
109,-1,1192.26,313.59,67.92,142.44,85.0,-1,-1
109,-1,1091.92,337.79,97.91,169.47,73.0,-1,-1
109,-1,1221.34,312.74,60.38,89.55,67.1,-1,-1
109,-1,1133.51,323.15,48.98,108.06,52.7,-1,-1
109,-1,1086.77,333.56,35.66,80.65,31.8,-1,-1
110,-1,1051.51,402.25,294.48,436.66,91.9,-1,-1
110,-1,201.47,382.8,266.86,422.84,91.5,-1,-1
110,-1,821.88,348.27,153.07,234.63,90.7,-1,-1
110,-1,1191.45,312.98,68.46,142.67,85.3,-1,-1
110,-1,1095.77,336.74,93.76,170.11,67.3,-1,-1
110,-1,1217.73,312.24,63.98,89.1,64.9,-1,-1
110,-1,1130.71,319.62,51.71,112.26,53.3,-1,-1
110,-1,1087.08,333.59,35.63,84.72,30.0,-1,-1
110,-1,1126.2,316.15,45.8,105.89,27.1,-1,-1
111,-1,1056.41,402.56,291.6,436.11,92.0,-1,-1
111,-1,200.45,384.1,266.5,421.3,91.4,-1,-1
111,-1,822.3,348.33,153.26,234.37,90.7,-1,-1
111,-1,1191.19,314.35,68.3,140.69,85.7,-1,-1
111,-1,1099.44,339.51,87.3,163.59,68.4,-1,-1
111,-1,1219.2,312.13,56.38,88.16,65.6,-1,-1
111,-1,1129.24,317.24,51.59,109.71,58.0,-1,-1
111,-1,1086.27,333.17,36.03,83.9,36.9,-1,-1
112,-1,1060.28,402.7,290.25,435.16,91.7,-1,-1
112,-1,200.42,383.41,265.8,422.12,91.5,-1,-1
112,-1,823.15,348.66,153.8,233.61,90.8,-1,-1
112,-1,1191.15,314.13,68.29,140.68,86.6,-1,-1
112,-1,1097.85,339.1,89.43,164.1,74.1,-1,-1
112,-1,1219.35,311.71,55.54,87.71,66.3,-1,-1
112,-1,1129.24,316.33,51.65,111.27,55.4,-1,-1
112,-1,1086.15,332.55,34.98,86.8,34.4,-1,-1
113,-1,1063.65,402.23,288.08,436.41,91.5,-1,-1
113,-1,200.3,383.79,265.79,423.84,91.3,-1,-1
113,-1,824.04,348.57,153.06,232.51,90.8,-1,-1
113,-1,1192.12,314.43,67.16,140.63,86.2,-1,-1
113,-1,1097.73,339.7,91.5,164.27,72.6,-1,-1
113,-1,1219.25,312.63,55.66,86.97,63.8,-1,-1
113,-1,1129.02,316.99,52.29,114.52,56.0,-1,-1
113,-1,1125.42,314.75,46.75,105.06,38.3,-1,-1
113,-1,1086.98,331.81,31.08,81.77,33.0,-1,-1
114,-1,1063.34,402.32,288.27,436.54,91.4,-1,-1
114,-1,200.35,383.7,265.96,424.08,91.4,-1,-1
114,-1,824.05,348.52,152.98,232.47,90.7,-1,-1
114,-1,1192.11,314.69,67.24,140.53,86.1,-1,-1
114,-1,1097.77,339.55,91.76,164.6,71.5,-1,-1
114,-1,1219.33,312.9,55.64,86.87,63.6,-1,-1
114,-1,1129.02,317.32,52.71,115.61,56.5,-1,-1
114,-1,1125.43,315.01,46.98,105.53,37.1,-1,-1
114,-1,1087.06,332.05,30.93,80.93,35.0,-1,-1
115,-1,1063.75,400.77,290.09,439.95,91.7,-1,-1
115,-1,200.59,384.11,266.74,423.91,91.4,-1,-1
115,-1,824.25,347.9,154.25,232.25,90.9,-1,-1
115,-1,1192.39,315.02,66.95,139.72,86.5,-1,-1
115,-1,1097.01,340.26,92.43,163.62,68.8,-1,-1
115,-1,1222.89,314.14,56.24,85.25,61.3,-1,-1
115,-1,1127.07,316.86,54.56,113.81,50.0,-1,-1
115,-1,1122.58,314.51,48.64,101.42,34.8,-1,-1
115,-1,1086.5,331.59,30.97,81.05,31.4,-1,-1
116,-1,1063.33,402.21,292.31,439.77,93.1,-1,-1
116,-1,201.03,385.25,267.21,422.58,91.4,-1,-1
116,-1,825.36,348.45,152.39,233.62,90.9,-1,-1
116,-1,1192.45,315.16,66.82,139.59,87.6,-1,-1
116,-1,1097.5,339.08,93.74,165.2,67.8,-1,-1
116,-1,1224.97,315.46,54.4,83.55,59.7,-1,-1
116,-1,1123.18,316.87,58.87,114.52,47.7,-1,-1
116,-1,1220.16,310.04,47.09,89.01,42.3,-1,-1
116,-1,1086.87,332.95,29.75,79.33,29.5,-1,-1
117,-1,1064.95,403.62,293.09,439.33,92.3,-1,-1
117,-1,199.87,385.81,270.16,423.04,91.5,-1,-1
117,-1,826.69,348.54,153.68,233.23,91.1,-1,-1
117,-1,1192.67,314.16,66.03,140.04,88.8,-1,-1
117,-1,1099.43,338.89,93.29,166.2,65.0,-1,-1
117,-1,1225.94,315.37,53.77,83.65,61.6,-1,-1
117,-1,1220.51,309.43,46.74,89.22,40.7,-1,-1
117,-1,1122.09,318.45,63.19,122.39,34.5,-1,-1
117,-1,1087.28,332.83,28.41,79.48,31.4,-1,-1
118,-1,1066.09,402.33,293.71,441.23,91.9,-1,-1
118,-1,199.39,387.75,271.97,418.28,91.3,-1,-1
118,-1,826.88,349.27,153.89,232.43,91.1,-1,-1
118,-1,1192.59,312.16,66.04,142.26,89.9,-1,-1
118,-1,1223.54,313.79,55.04,85.16,62.7,-1,-1
118,-1,1102.04,336.48,90.78,168.78,58.1,-1,-1
118,-1,1119.36,320.23,63.94,118.64,45.5,-1,-1
118,-1,1087.59,333.09,27.13,78.75,43.6,-1,-1
119,-1,1069.88,403.57,292.07,439.7,92.0,-1,-1
119,-1,198.01,388.01,274.08,417.45,91.9,-1,-1
119,-1,827.71,349.19,154.63,232.28,91.3,-1,-1
119,-1,1192.3,314.54,66.15,139.38,90.6,-1,-1
119,-1,1222.23,313.48,55.91,85.7,64.4,-1,-1
119,-1,1118.88,323.2,66.06,121.71,51.7,-1,-1
119,-1,1086.95,333.07,26.95,80.32,40.3,-1,-1
119,-1,1110.22,333.02,82.45,174.42,36.7,-1,-1
120,-1,1070.04,403.71,291.77,439.43,91.9,-1,-1
120,-1,198.03,388.07,273.77,417.62,91.9,-1,-1
120,-1,827.73,349.21,154.66,232.33,91.3,-1,-1
120,-1,1192.75,315.29,65.64,138.56,90.0,-1,-1
120,-1,1222.66,313.89,55.6,85.19,63.8,-1,-1
120,-1,1119.03,323.54,66.02,121.79,53.7,-1,-1
120,-1,1087.08,333.19,26.8,80.23,39.9,-1,-1
120,-1,1111.19,335.11,82.15,172.06,37.3,-1,-1
121,-1,1072.68,399.22,290.15,442.5,92.7,-1,-1
121,-1,198.46,388.45,273.43,417.35,91.8,-1,-1
121,-1,828.22,349.6,156.05,231.74,91.3,-1,-1
121,-1,1191.8,314.91,66.63,139.38,90.3,-1,-1
121,-1,1219.95,312.42,56.97,86.87,67.4,-1,-1
121,-1,1118.43,321.45,66.22,123.98,60.0,-1,-1
121,-1,1087.31,333.56,25.68,81.46,44.3,-1,-1
122,-1,1075.76,399.45,288.29,444.2,92.8,-1,-1
122,-1,198.89,388.97,271.61,416.08,91.4,-1,-1
122,-1,828.9,350.18,157.21,231.97,91.3,-1,-1
122,-1,1191.13,314.48,66.69,139.04,91.3,-1,-1
122,-1,1220.33,312.19,55.81,86.52,66.0,-1,-1
122,-1,1118.16,319.78,67.17,124.09,63.0,-1,-1
122,-1,1086.76,332.74,26.27,84.2,41.7,-1,-1
123,-1,1079.18,397.52,288.56,447.3,92.1,-1,-1
123,-1,197.17,388.1,275.41,418.87,91.5,-1,-1
123,-1,1191.08,313.23,66.27,140.14,91.4,-1,-1
123,-1,829.29,350.5,157.48,231.55,91.4,-1,-1
123,-1,1117.44,317.08,68.59,128.34,70.6,-1,-1
123,-1,1221.03,311.4,52.17,88.08,67.9,-1,-1
123,-1,1086.78,332.75,26.23,81.09,48.9,-1,-1
124,-1,1084.52,395.39,284.74,449.69,92.3,-1,-1
124,-1,829.85,350.28,157.09,231.94,91.5,-1,-1
124,-1,196.85,388.01,276.28,418.71,91.4,-1,-1
124,-1,1192.13,313.04,64.85,139.59,91.0,-1,-1
124,-1,1116.98,316.19,69.5,130.37,74.4,-1,-1
124,-1,1221.01,311.43,51.69,88.26,68.3,-1,-1
124,-1,1087.47,332.48,26.4,80.52,40.3,-1,-1
125,-1,1088.17,396.09,284.05,447.64,91.7,-1,-1
125,-1,830.78,351.5,156.69,230.01,91.6,-1,-1
125,-1,196.94,388.51,275.86,419.72,91.2,-1,-1
125,-1,1192.1,313.3,64.95,138.67,89.1,-1,-1
125,-1,1116.64,316.85,69.29,129.76,67.7,-1,-1
125,-1,1221.92,311.98,51.25,87.07,66.9,-1,-1
125,-1,1088.13,332.43,27.19,80.82,34.2,-1,-1
126,-1,1088.28,395.93,284.01,447.84,91.7,-1,-1
126,-1,830.78,351.45,156.71,230.03,91.6,-1,-1
126,-1,196.91,388.61,275.91,419.64,91.2,-1,-1
126,-1,1192.17,313.43,64.87,138.51,89.0,-1,-1
126,-1,1116.65,316.87,69.3,129.83,68.0,-1,-1
126,-1,1222.01,312.19,51.48,86.78,66.6,-1,-1
126,-1,1088.14,332.44,27.2,80.84,34.1,-1,-1
127,-1,832.86,351.73,154.54,230.67,91.6,-1,-1
127,-1,196.82,388.03,279.64,419.8,91.2,-1,-1
127,-1,1090.99,398.37,281.03,441.18,91.0,-1,-1
127,-1,1192.45,313.27,64.72,138.65,87.7,-1,-1
127,-1,1221.7,311.07,50.56,87.56,69.1,-1,-1
127,-1,1116.21,316.0,67.42,127.09,55.7,-1,-1
127,-1,1088.04,331.59,27.07,85.97,35.7,-1,-1
127,-1,1116.1,313.6,56.44,108.44,30.4,-1,-1
128,-1,1095.13,399.72,280.36,444.61,92.1,-1,-1
128,-1,833.41,351.82,154.51,230.67,91.6,-1,-1
128,-1,198.38,389.6,273.6,415.04,90.8,-1,-1
128,-1,1193.49,313.88,63.58,137.48,85.8,-1,-1
128,-1,1222.79,311.14,49.26,87.29,67.6,-1,-1
128,-1,1117.91,317.23,66.3,131.12,48.5,-1,-1
128,-1,1087.6,330.52,27.44,85.66,26.6,-1,-1
129,-1,834.18,352.42,154.97,229.59,91.9,-1,-1
129,-1,1096.7,398.4,281.99,443.58,91.1,-1,-1
129,-1,199.13,389.22,275.93,419.03,90.8,-1,-1
129,-1,1194.39,314.62,63.13,137.5,87.7,-1,-1
129,-1,1222.99,311.69,48.8,86.73,67.7,-1,-1
129,-1,1117.41,317.92,67.48,133.09,51.7,-1,-1
130,-1,835.62,352.63,153.06,228.88,91.8,-1,-1
130,-1,198.0,387.93,282.97,423.44,91.3,-1,-1
130,-1,1095.45,399.48,289.61,442.37,90.8,-1,-1
130,-1,1193.37,313.15,64.68,138.97,89.2,-1,-1
130,-1,1221.43,311.39,50.09,86.35,67.1,-1,-1
130,-1,1115.82,316.5,65.78,134.64,39.1,-1,-1
131,-1,838.24,352.76,150.18,228.67,92.5,-1,-1
131,-1,196.92,387.7,283.15,425.66,91.2,-1,-1
131,-1,1097.75,398.2,290.07,441.14,90.4,-1,-1
131,-1,1193.48,313.54,64.35,138.43,89.1,-1,-1
131,-1,1221.3,311.42,49.63,86.35,66.8,-1,-1
131,-1,1115.2,317.28,68.32,134.51,44.2,-1,-1
132,-1,838.08,352.71,150.37,228.58,92.5,-1,-1
132,-1,197.11,387.8,282.9,425.66,91.2,-1,-1
132,-1,1097.35,398.6,290.41,440.66,90.6,-1,-1
132,-1,1193.24,313.41,64.46,138.64,89.1,-1,-1
132,-1,1221.63,311.36,49.25,86.32,67.5,-1,-1
132,-1,1115.35,316.9,68.89,134.96,46.6,-1,-1
133,-1,838.76,352.52,149.69,228.54,92.6,-1,-1
133,-1,1102.11,400.11,287.43,440.65,91.5,-1,-1
133,-1,197.48,387.24,283.52,426.52,91.2,-1,-1
133,-1,1194.07,313.66,63.38,137.97,89.3,-1,-1
133,-1,1220.75,310.87,49.61,85.89,66.1,-1,-1
133,-1,1115.31,318.96,69.81,132.07,45.5,-1,-1
133,-1,1113.93,313.04,41.51,97.71,25.3,-1,-1
134,-1,840.61,352.14,148.77,229.77,92.5,-1,-1
134,-1,200.72,389.09,280.42,424.33,91.4,-1,-1
134,-1,1108.05,399.96,282.65,440.02,91.1,-1,-1
134,-1,1194.97,314.32,62.5,137.36,87.8,-1,-1
134,-1,1222.3,311.09,48.78,86.1,67.4,-1,-1
134,-1,1117.87,319.84,61.85,131.78,52.4,-1,-1
134,-1,1114.85,313.55,45.48,112.5,31.0,-1,-1
135,-1,842.6,352.91,148.03,229.14,92.2,-1,-1
135,-1,1110.63,400.08,281.39,439.49,91.9,-1,-1
135,-1,201.45,389.11,285.27,424.75,90.5,-1,-1
135,-1,1193.82,312.8,63.01,138.72,89.5,-1,-1
135,-1,1222.57,310.96,48.2,85.59,67.4,-1,-1
135,-1,1118.33,318.51,58.05,125.72,32.3,-1,-1
135,-1,1115.77,314.75,38.96,93.9,31.4,-1,-1
136,-1,845.46,352.76,148.35,228.41,91.7,-1,-1
136,-1,1113.23,398.49,281.22,439.46,90.8,-1,-1
136,-1,205.56,389.54,280.74,421.93,90.3,-1,-1
136,-1,1193.92,314.68,62.76,137.22,89.9,-1,-1
136,-1,1221.26,309.23,48.02,86.24,64.0,-1,-1
136,-1,1120.01,323.61,50.73,96.02,30.7,-1,-1
136,-1,1116.62,318.04,34.49,88.77,30.4,-1,-1
137,-1,846.58,352.6,147.67,228.33,91.7,-1,-1
137,-1,207.61,389.34,274.89,420.12,91.3,-1,-1
137,-1,1114.61,396.53,282.22,444.49,91.2,-1,-1
137,-1,1193.59,314.89,63.22,136.76,88.9,-1,-1
137,-1,1221.7,309.16,46.54,85.47,63.7,-1,-1
137,-1,1119.8,324.81,53.73,94.95,30.5,-1,-1
137,-1,1115.82,318.48,36.5,90.62,27.2,-1,-1
138,-1,846.65,353.06,147.91,228.02,91.7,-1,-1
138,-1,208.09,389.44,274.39,419.94,91.4,-1,-1
138,-1,1114.09,396.47,282.76,444.13,91.1,-1,-1
138,-1,1193.85,314.9,63.08,136.65,88.9,-1,-1
138,-1,1222.19,309.07,46.1,85.6,63.3,-1,-1
138,-1,1120.96,324.72,52.42,94.96,30.7,-1,-1
138,-1,1116.57,318.21,35.17,90.91,27.4,-1,-1
139,-1,847.96,353.42,147.14,225.85,91.4,-1,-1
139,-1,209.99,389.81,272.06,419.33,91.3,-1,-1
139,-1,1117.91,393.04,283.45,447.35,90.7,-1,-1
139,-1,1195.72,313.52,61.42,138.39,86.6,-1,-1
139,-1,1222.36,309.75,46.59,85.16,64.3,-1,-1
139,-1,1119.78,323.85,57.08,99.49,29.2,-1,-1
139,-1,1116.11,317.2,35.76,96.16,25.7,-1,-1
140,-1,849.26,353.77,148.35,225.74,91.4,-1,-1
140,-1,1119.67,391.25,284.23,451.88,91.3,-1,-1
140,-1,210.77,390.33,273.28,417.43,90.3,-1,-1
140,-1,1194.12,312.84,62.96,139.74,87.8,-1,-1
140,-1,1221.53,310.07,47.12,85.52,65.1,-1,-1
140,-1,1118.51,316.25,32.13,94.24,35.1,-1,-1
140,-1,1120.32,319.37,38.31,97.44,26.2,-1,-1
141,-1,1123.75,393.28,283.49,446.57,93.0,-1,-1
141,-1,850.71,353.42,148.3,229.28,91.2,-1,-1
141,-1,214.74,391.05,266.3,416.83,90.2,-1,-1
141,-1,1195.23,311.92,62.23,139.87,86.3,-1,-1
141,-1,1221.7,309.91,47.49,85.86,65.4,-1,-1
141,-1,1119.64,316.03,29.15,96.09,35.9,-1,-1
141,-1,1100.87,335.1,27.86,135.89,32.6,-1,-1
141,-1,1120.68,323.54,39.64,99.95,26.1,-1,-1
142,-1,1124.87,390.06,284.15,452.16,92.7,-1,-1
142,-1,852.69,353.8,148.09,229.52,91.0,-1,-1
142,-1,216.2,389.32,268.61,418.14,90.6,-1,-1
142,-1,1192.64,312.1,65.1,139.77,85.8,-1,-1
142,-1,1221.05,310.34,48.74,85.64,66.1,-1,-1
142,-1,1099.42,332.27,32.94,145.69,48.1,-1,-1
142,-1,1120.0,314.41,27.35,93.27,34.7,-1,-1
143,-1,1127.98,394.29,282.85,448.09,92.8,-1,-1
143,-1,853.93,353.19,148.25,231.46,90.9,-1,-1
143,-1,217.88,387.48,270.38,420.49,90.4,-1,-1
143,-1,1193.07,310.84,64.86,141.42,86.6,-1,-1
143,-1,1221.51,310.15,48.03,85.96,65.8,-1,-1
143,-1,1118.86,314.92,30.77,99.24,34.5,-1,-1
143,-1,1099.78,330.7,36.36,140.52,31.8,-1,-1
144,-1,1127.93,394.43,282.94,447.92,93.0,-1,-1
144,-1,853.98,353.38,148.32,231.33,90.9,-1,-1
144,-1,217.92,387.65,270.73,420.25,90.3,-1,-1
144,-1,1193.04,310.77,64.81,141.57,86.5,-1,-1
144,-1,1221.42,310.03,48.23,86.2,65.7,-1,-1
144,-1,1099.98,330.29,36.14,143.19,34.0,-1,-1
144,-1,1118.55,315.3,31.81,99.86,33.8,-1,-1
145,-1,1132.19,394.23,281.24,449.66,93.1,-1,-1
145,-1,219.73,387.77,268.95,421.48,91.0,-1,-1
145,-1,855.0,352.56,149.26,231.48,90.8,-1,-1
145,-1,1192.08,309.85,66.45,141.42,82.9,-1,-1
145,-1,1220.27,309.5,49.48,85.62,68.3,-1,-1
145,-1,1118.58,317.35,36.03,97.08,45.0,-1,-1
145,-1,1098.64,333.44,39.91,140.08,44.3,-1,-1
146,-1,1138.02,395.03,279.67,445.69,93.2,-1,-1
146,-1,219.42,386.92,267.65,421.76,91.5,-1,-1
146,-1,854.86,351.82,149.0,232.53,90.8,-1,-1
146,-1,1194.11,312.59,61.99,137.74,82.2,-1,-1
146,-1,1218.1,308.82,49.98,85.33,65.5,-1,-1
146,-1,1099.23,336.5,40.98,155.36,42.3,-1,-1
146,-1,1118.65,322.71,33.53,91.3,36.3,-1,-1
147,-1,1137.19,393.88,279.9,446.4,93.0,-1,-1
147,-1,852.44,352.78,149.22,229.52,91.2,-1,-1
147,-1,217.48,387.28,271.97,420.91,90.5,-1,-1
147,-1,1196.32,313.49,58.0,135.81,82.6,-1,-1
147,-1,1216.93,308.86,49.96,87.52,62.0,-1,-1
147,-1,1097.19,340.12,43.82,154.75,59.0,-1,-1
147,-1,1114.58,317.23,35.95,88.38,49.7,-1,-1
147,-1,1175.03,309.89,21.07,86.29,30.4,-1,-1
148,-1,1135.67,394.57,278.6,448.12,92.9,-1,-1
148,-1,849.77,352.43,147.22,230.16,91.3,-1,-1
148,-1,217.1,391.45,261.32,413.6,90.0,-1,-1
148,-1,1185.29,314.81,66.03,138.72,79.6,-1,-1
148,-1,1214.77,306.61,48.04,92.26,67.1,-1,-1
148,-1,1094.22,336.16,44.72,159.68,60.6,-1,-1
148,-1,1113.35,318.42,38.46,91.86,47.0,-1,-1
148,-1,1173.74,306.42,20.8,83.17,31.4,-1,-1
148,-1,1107.79,314.98,35.45,84.44,27.1,-1,-1
149,-1,1135.41,393.99,279.41,443.19,93.5,-1,-1
149,-1,847.87,352.04,148.69,231.11,91.4,-1,-1
149,-1,210.82,391.23,270.92,420.86,90.0,-1,-1
149,-1,1181.83,316.72,65.94,134.86,82.5,-1,-1
149,-1,1206.63,307.82,51.54,89.26,68.1,-1,-1
149,-1,1090.97,333.3,45.7,157.86,57.7,-1,-1
149,-1,1101.95,314.2,42.21,87.04,41.5,-1,-1
149,-1,1104.29,321.06,48.14,86.87,32.4,-1,-1
149,-1,1193.01,309.99,62.3,98.12,30.0,-1,-1
150,-1,1135.42,393.9,279.39,443.23,93.6,-1,-1
150,-1,847.85,352.04,148.65,231.06,91.4,-1,-1
150,-1,210.91,391.36,270.84,420.76,90.0,-1,-1
150,-1,1181.82,316.68,65.94,134.87,82.5,-1,-1
150,-1,1206.57,307.77,51.58,89.28,68.2,-1,-1
150,-1,1090.95,333.27,45.72,157.9,57.7,-1,-1
150,-1,1101.95,314.16,42.28,87.14,41.6,-1,-1
150,-1,1104.28,321.02,48.15,86.93,32.5,-1,-1
150,-1,1193.05,309.94,62.26,98.13,30.3,-1,-1
151,-1,1134.55,396.02,279.94,440.47,93.9,-1,-1
151,-1,844.47,353.02,149.1,230.52,91.5,-1,-1
151,-1,208.81,388.6,274.97,425.27,90.5,-1,-1
151,-1,1177.62,314.3,67.76,137.76,85.5,-1,-1
151,-1,1199.18,309.46,57.47,88.43,68.2,-1,-1
151,-1,1087.64,332.62,50.78,159.64,59.8,-1,-1
151,-1,1100.54,310.84,38.46,87.91,44.2,-1,-1
151,-1,1104.23,320.44,47.66,90.18,30.6,-1,-1
152,-1,1133.43,396.64,280.76,438.16,94.1,-1,-1
152,-1,842.43,352.05,149.09,230.66,91.7,-1,-1
152,-1,206.13,388.71,276.79,423.2,89.9,-1,-1
152,-1,1178.31,313.5,60.64,136.76,74.7,-1,-1
152,-1,1195.87,310.0,57.52,87.7,68.5,-1,-1
152,-1,1086.06,336.25,53.21,155.46,54.5,-1,-1
152,-1,1100.72,311.31,34.81,84.36,37.9,-1,-1
152,-1,1186.0,311.94,62.36,98.32,27.2,-1,-1
152,-1,1093.18,324.1,45.93,98.54,25.5,-1,-1
153,-1,1134.37,396.38,280.08,438.28,93.8,-1,-1
153,-1,840.34,351.09,150.56,232.47,92.3,-1,-1
153,-1,203.53,387.46,277.28,424.77,89.7,-1,-1
153,-1,1174.33,309.81,63.91,140.21,76.0,-1,-1
153,-1,1196.45,309.97,55.26,88.02,73.3,-1,-1
153,-1,1085.72,328.56,54.26,162.35,64.4,-1,-1
153,-1,1093.52,314.54,49.25,94.0,37.2,-1,-1
153,-1,1185.06,311.37,59.55,120.72,26.8,-1,-1
154,-1,1135.91,396.36,277.68,437.81,93.7,-1,-1
154,-1,838.55,351.3,152.25,233.15,92.6,-1,-1
154,-1,203.1,386.91,276.07,426.05,90.0,-1,-1
154,-1,1173.68,313.77,60.52,134.79,75.2,-1,-1
154,-1,1086.99,319.08,52.99,172.5,70.6,-1,-1
154,-1,1193.68,310.21,53.13,85.28,69.4,-1,-1
154,-1,1093.01,317.28,46.95,102.67,31.7,-1,-1
154,-1,1182.85,312.25,58.98,118.55,31.6,-1,-1
155,-1,1136.9,395.79,275.46,436.31,94.3,-1,-1
155,-1,833.85,346.66,155.6,236.37,91.7,-1,-1
155,-1,199.37,386.17,281.3,431.5,90.4,-1,-1
155,-1,1170.0,313.95,61.7,135.16,78.1,-1,-1
155,-1,1082.14,318.52,58.21,171.35,72.9,-1,-1
155,-1,1192.99,310.04,50.27,85.27,67.9,-1,-1
155,-1,1179.1,312.11,59.79,117.25,30.8,-1,-1
156,-1,1136.78,395.49,275.54,436.51,94.3,-1,-1
156,-1,835.0,346.23,154.05,237.11,91.8,-1,-1
156,-1,199.53,386.09,281.0,431.61,90.4,-1,-1
156,-1,1169.91,314.01,61.88,135.03,78.1,-1,-1
156,-1,1082.14,318.46,58.13,171.23,73.0,-1,-1
156,-1,1192.96,310.0,50.23,85.39,68.0,-1,-1
156,-1,1179.31,312.04,59.67,116.11,30.8,-1,-1
157,-1,1136.23,396.35,277.18,435.64,94.1,-1,-1
157,-1,833.44,346.62,153.77,236.1,91.6,-1,-1
157,-1,197.23,385.48,281.51,433.82,90.3,-1,-1
157,-1,1164.03,316.73,65.45,132.09,78.8,-1,-1
157,-1,1078.09,315.76,61.33,172.02,66.2,-1,-1
157,-1,1190.38,309.27,49.11,85.5,61.3,-1,-1
157,-1,1175.81,313.96,60.83,102.8,37.4,-1,-1
157,-1,1084.42,314.01,55.3,118.83,32.9,-1,-1
158,-1,1138.4,395.61,275.35,435.12,94.3,-1,-1
158,-1,832.44,346.24,153.0,236.4,91.5,-1,-1
158,-1,198.02,385.66,275.47,434.37,90.2,-1,-1
158,-1,1165.04,315.91,63.45,131.38,70.6,-1,-1
158,-1,1078.36,315.89,64.19,163.5,69.1,-1,-1
158,-1,1182.75,309.25,56.09,87.78,63.4,-1,-1
158,-1,1170.38,310.73,64.84,99.64,41.3,-1,-1
158,-1,1150.2,308.83,24.76,96.27,25.9,-1,-1
159,-1,1138.91,395.01,273.6,439.03,93.0,-1,-1
159,-1,831.28,346.16,153.03,236.85,91.6,-1,-1
159,-1,194.09,384.62,277.98,436.56,89.8,-1,-1
159,-1,1076.62,318.37,64.55,168.26,75.6,-1,-1
159,-1,1176.26,308.41,60.55,90.47,68.5,-1,-1
159,-1,1165.38,316.05,61.0,134.09,67.0,-1,-1
159,-1,1149.17,312.69,57.62,130.73,28.1,-1,-1
160,-1,1140.99,393.03,272.8,439.73,93.1,-1,-1
160,-1,830.74,345.25,153.51,238.02,91.6,-1,-1
160,-1,193.29,384.54,278.27,439.03,89.4,-1,-1
160,-1,1076.93,317.59,65.33,171.19,77.7,-1,-1
160,-1,1174.91,309.17,60.72,88.77,71.8,-1,-1
160,-1,1159.1,315.04,67.77,133.25,68.8,-1,-1
160,-1,1166.87,310.8,65.05,104.84,35.1,-1,-1
160,-1,1149.03,311.35,58.14,121.54,33.4,-1,-1
161,-1,1143.38,393.74,270.65,435.95,92.7,-1,-1
161,-1,831.22,346.07,154.06,235.77,91.6,-1,-1
161,-1,192.99,384.71,286.13,438.75,89.7,-1,-1
161,-1,1076.32,318.51,67.66,169.0,78.8,-1,-1
161,-1,1173.93,309.34,59.79,88.65,73.2,-1,-1
161,-1,1159.25,317.39,67.63,132.09,49.3,-1,-1
161,-1,1149.55,311.28,39.43,107.47,31.9,-1,-1
162,-1,1143.28,393.76,270.74,435.85,92.7,-1,-1
162,-1,831.29,345.95,153.97,235.98,91.6,-1,-1
162,-1,192.91,384.77,286.02,438.8,89.6,-1,-1
162,-1,1076.36,318.59,67.7,168.93,78.9,-1,-1
162,-1,1173.96,309.5,59.9,88.61,73.1,-1,-1
162,-1,1159.25,317.38,67.97,131.98,48.0,-1,-1
162,-1,1149.38,311.35,39.83,107.14,31.8,-1,-1
163,-1,1145.05,390.55,270.46,437.73,91.9,-1,-1
163,-1,831.89,346.28,154.23,236.02,91.5,-1,-1
163,-1,193.77,384.79,284.93,436.58,90.6,-1,-1
163,-1,1076.18,319.43,69.2,167.42,76.7,-1,-1
163,-1,1174.05,309.03,59.05,88.99,74.6,-1,-1
163,-1,1157.49,317.08,65.55,134.92,45.9,-1,-1
163,-1,1150.23,310.8,41.05,107.69,31.6,-1,-1
164,-1,1147.62,391.63,271.26,437.42,91.6,-1,-1
164,-1,832.89,347.0,153.54,234.53,91.5,-1,-1
164,-1,195.35,385.82,279.42,434.19,91.1,-1,-1
164,-1,1077.62,319.6,70.0,167.51,76.2,-1,-1
164,-1,1174.14,309.2,59.89,88.63,74.1,-1,-1
164,-1,1150.35,310.67,37.02,105.11,37.3,-1,-1
164,-1,1162.14,311.35,59.13,107.23,35.3,-1,-1
165,-1,1147.47,393.95,280.62,434.07,91.7,-1,-1
165,-1,194.81,383.86,282.94,437.44,91.7,-1,-1
165,-1,833.67,347.15,153.92,233.72,91.6,-1,-1
165,-1,1078.55,318.02,68.95,168.41,80.0,-1,-1
165,-1,1173.78,309.04,59.24,89.31,70.5,-1,-1
165,-1,1163.93,310.37,53.75,106.24,44.9,-1,-1
165,-1,1151.27,310.55,34.46,103.88,32.6,-1,-1
166,-1,196.3,384.68,286.36,436.07,91.8,-1,-1
166,-1,833.92,346.85,154.03,233.95,91.6,-1,-1
166,-1,1148.9,392.33,276.62,435.64,91.2,-1,-1
166,-1,1077.82,316.64,71.29,170.41,77.1,-1,-1
166,-1,1172.35,308.67,61.14,88.66,67.2,-1,-1
166,-1,1162.08,309.94,55.55,109.18,46.1,-1,-1
166,-1,1150.14,310.7,35.09,104.37,32.7,-1,-1
166,-1,1147.65,309.25,28.15,98.76,26.4,-1,-1
167,-1,1152.07,391.44,279.51,434.09,94.6,-1,-1
167,-1,196.94,384.94,284.17,434.05,92.1,-1,-1
167,-1,835.31,347.47,153.0,232.89,91.5,-1,-1
167,-1,1078.91,316.07,73.57,170.87,76.0,-1,-1
167,-1,1172.8,308.76,60.34,88.25,65.9,-1,-1
167,-1,1163.0,310.1,56.95,115.32,47.1,-1,-1
167,-1,1149.89,310.08,30.92,103.83,30.8,-1,-1
167,-1,1147.04,308.93,26.73,97.24,29.1,-1,-1
168,-1,1152.23,391.36,279.46,434.31,94.4,-1,-1
168,-1,196.84,384.86,284.41,434.19,92.1,-1,-1
168,-1,835.34,347.61,152.99,232.9,91.5,-1,-1
168,-1,1078.96,315.56,73.75,171.74,76.7,-1,-1
168,-1,1173.18,308.88,60.01,87.98,67.3,-1,-1
168,-1,1162.84,310.43,56.71,115.59,46.4,-1,-1
168,-1,1149.95,310.23,31.72,104.78,30.1,-1,-1
168,-1,1147.05,309.01,26.92,97.36,27.7,-1,-1
168,-1,1165.04,307.22,57.59,92.84,26.4,-1,-1
169,-1,836.83,346.91,153.73,233.93,91.7,-1,-1
169,-1,198.36,384.89,286.82,435.63,91.1,-1,-1
169,-1,1155.49,391.33,279.35,435.77,90.7,-1,-1
169,-1,1079.29,314.71,74.31,171.56,77.9,-1,-1
169,-1,1173.11,308.73,60.37,88.24,67.7,-1,-1
169,-1,1161.15,310.41,50.78,113.8,37.9,-1,-1
169,-1,1164.32,308.89,61.26,99.23,29.4,-1,-1
169,-1,1150.33,310.92,34.76,110.7,29.3,-1,-1
170,-1,838.38,346.98,153.32,233.9,91.8,-1,-1
170,-1,1157.7,394.6,278.7,432.38,91.7,-1,-1
170,-1,198.91,385.39,290.34,434.53,90.8,-1,-1
170,-1,1081.84,313.35,75.98,173.83,86.2,-1,-1
170,-1,1173.2,308.61,59.56,90.43,69.3,-1,-1
170,-1,1162.89,309.7,51.57,108.16,43.8,-1,-1
170,-1,1151.08,310.85,37.41,112.07,26.5,-1,-1
171,-1,1162.61,393.43,275.11,432.87,92.1,-1,-1
171,-1,841.48,348.11,150.63,232.33,91.9,-1,-1
171,-1,200.66,386.35,288.48,435.49,91.0,-1,-1
171,-1,1083.87,312.85,74.74,172.74,86.4,-1,-1
171,-1,1174.5,308.31,58.59,90.39,63.1,-1,-1
171,-1,1166.05,309.6,45.49,106.27,39.4,-1,-1
171,-1,1167.12,307.96,55.22,95.14,28.3,-1,-1
171,-1,1147.3,307.15,24.86,97.89,27.2,-1,-1
172,-1,1164.69,394.7,275.51,428.75,94.3,-1,-1
172,-1,844.19,348.15,148.95,232.54,92.0,-1,-1
172,-1,202.64,386.64,284.79,435.24,90.3,-1,-1
172,-1,1084.77,311.81,75.19,174.49,86.0,-1,-1
172,-1,1174.83,308.01,58.99,91.02,67.9,-1,-1
172,-1,1168.41,309.51,46.86,104.66,32.2,-1,-1
173,-1,1166.01,392.96,276.74,429.59,93.9,-1,-1
173,-1,846.14,349.17,148.2,231.62,91.8,-1,-1
173,-1,204.47,387.3,284.32,433.04,91.1,-1,-1
173,-1,1085.05,311.79,75.3,173.76,86.1,-1,-1
173,-1,1175.56,308.32,57.72,90.82,68.9,-1,-1
173,-1,1169.44,310.43,43.98,111.32,26.3,-1,-1
174,-1,1166.04,392.95,276.67,429.54,93.9,-1,-1
174,-1,846.17,349.18,148.15,231.63,91.8,-1,-1
174,-1,204.44,387.29,284.27,433.0,91.1,-1,-1
174,-1,1085.03,311.77,75.36,173.77,86.1,-1,-1
174,-1,1175.55,308.33,57.74,90.81,68.6,-1,-1
174,-1,1169.43,310.46,43.74,112.06,26.2,-1,-1
175,-1,1169.0,389.92,278.18,430.3,92.5,-1,-1
175,-1,848.41,349.51,147.96,231.32,91.5,-1,-1
175,-1,205.41,388.13,283.37,431.12,91.5,-1,-1
175,-1,1085.57,311.62,76.81,173.52,87.2,-1,-1
175,-1,1174.66,308.71,61.23,93.2,61.9,-1,-1
176,-1,1173.48,382.71,277.13,444.36,91.6,-1,-1
176,-1,849.39,348.63,147.13,231.21,91.5,-1,-1
176,-1,206.58,387.94,282.42,432.27,91.3,-1,-1
176,-1,1085.57,313.1,79.28,173.79,85.5,-1,-1
176,-1,1176.29,309.45,58.74,92.55,52.1,-1,-1
176,-1,1146.85,309.0,25.89,95.19,26.3,-1,-1
177,-1,1176.16,385.2,277.46,438.84,91.6,-1,-1
177,-1,207.8,388.07,282.76,432.98,91.4,-1,-1
177,-1,850.9,348.49,146.44,231.49,91.2,-1,-1
177,-1,1087.62,313.04,80.53,175.12,88.6,-1,-1
177,-1,1177.13,309.72,56.38,90.7,45.3,-1,-1
177,-1,1146.86,308.31,25.16,80.94,30.5,-1,-1
178,-1,1178.84,381.71,277.17,442.45,91.8,-1,-1
178,-1,208.82,388.21,284.49,433.76,91.2,-1,-1
178,-1,852.63,347.16,147.9,232.28,90.9,-1,-1
178,-1,1088.39,313.47,78.26,173.65,84.9,-1,-1
178,-1,1175.86,310.2,48.26,90.18,45.1,-1,-1
178,-1,1147.45,309.07,25.51,85.36,37.2,-1,-1
178,-1,1154.92,313.4,29.48,120.0,30.5,-1,-1
178,-1,1148.11,307.46,22.43,66.1,26.5,-1,-1
178,-1,1151.5,311.62,27.1,111.92,26.5,-1,-1
179,-1,1181.51,382.81,276.91,442.05,92.0,-1,-1
179,-1,210.84,388.63,282.56,433.31,91.3,-1,-1
179,-1,854.58,348.03,149.76,231.75,90.7,-1,-1
179,-1,1088.59,313.89,80.36,173.22,83.2,-1,-1
179,-1,1177.17,309.27,53.98,88.1,54.3,-1,-1
179,-1,1147.72,308.84,26.99,105.02,34.0,-1,-1
179,-1,1152.45,313.21,32.72,121.96,32.4,-1,-1
180,-1,1181.62,382.72,276.78,441.83,91.9,-1,-1
180,-1,210.78,388.59,282.6,433.31,91.4,-1,-1
180,-1,854.41,348.04,149.98,231.76,90.7,-1,-1
180,-1,1088.65,313.61,80.03,173.32,84.0,-1,-1
180,-1,1177.28,309.29,54.0,88.2,54.2,-1,-1
180,-1,1147.73,308.48,26.49,102.77,33.8,-1,-1
180,-1,1152.87,313.08,31.95,122.29,31.2,-1,-1
181,-1,1182.58,381.73,277.9,442.48,91.7,-1,-1
181,-1,211.28,388.79,281.57,435.05,91.6,-1,-1
181,-1,855.6,347.37,149.75,233.53,90.7,-1,-1
181,-1,1087.97,312.62,82.07,174.97,86.1,-1,-1
181,-1,1177.37,309.9,53.73,86.86,50.3,-1,-1
181,-1,1148.02,308.9,25.81,103.19,31.2,-1,-1
181,-1,1153.4,312.35,31.56,123.29,27.6,-1,-1
182,-1,1184.86,382.9,278.78,439.72,92.5,-1,-1
182,-1,211.94,388.9,283.38,440.35,91.2,-1,-1
182,-1,856.35,347.56,150.03,233.94,90.5,-1,-1
182,-1,1087.37,313.0,81.18,173.23,83.6,-1,-1
182,-1,1177.9,309.92,52.89,86.24,55.6,-1,-1
182,-1,1147.92,308.42,25.73,102.77,30.9,-1,-1
182,-1,1153.03,312.9,32.16,125.84,30.7,-1,-1
182,-1,1174.62,310.5,43.01,88.91,25.7,-1,-1
183,-1,1186.89,385.39,276.76,437.14,92.5,-1,-1
183,-1,214.53,388.41,282.77,442.18,91.3,-1,-1
183,-1,857.36,347.81,149.44,234.17,90.3,-1,-1
183,-1,1087.89,313.08,80.47,172.26,84.5,-1,-1
183,-1,1179.24,310.03,51.77,87.26,51.8,-1,-1
183,-1,1148.16,308.86,25.55,114.73,29.3,-1,-1
183,-1,1156.03,313.19,30.07,129.44,27.7,-1,-1
184,-1,1189.7,383.7,276.09,438.22,92.0,-1,-1
184,-1,215.34,387.62,282.16,440.37,91.2,-1,-1
184,-1,858.12,347.56,149.63,234.5,90.1,-1,-1
184,-1,1087.66,312.75,83.71,172.77,87.0,-1,-1
184,-1,1180.52,309.72,49.6,85.94,56.5,-1,-1
184,-1,1148.34,308.03,24.6,105.77,27.8,-1,-1
184,-1,1157.82,313.29,29.15,129.91,27.5,-1,-1
185,-1,1194.21,385.34,275.51,439.95,95.0,-1,-1
185,-1,216.27,387.6,282.44,441.02,91.1,-1,-1
185,-1,858.94,348.16,148.91,233.78,90.0,-1,-1
185,-1,1086.42,312.07,86.89,174.0,89.8,-1,-1
185,-1,1182.15,309.86,46.01,85.77,54.5,-1,-1
186,-1,1193.9,385.5,275.65,439.82,94.3,-1,-1
186,-1,216.3,387.57,282.32,441.06,91.1,-1,-1
186,-1,858.97,348.08,149.12,233.9,90.0,-1,-1
186,-1,1086.44,312.05,86.66,174.02,89.6,-1,-1
186,-1,1182.25,310.05,46.34,85.86,55.0,-1,-1
187,-1,1196.34,386.51,277.5,439.9,94.7,-1,-1
187,-1,1086.38,312.48,87.69,173.62,92.2,-1,-1
187,-1,215.52,386.4,284.13,441.86,91.4,-1,-1
187,-1,859.5,347.72,149.88,234.17,90.0,-1,-1
187,-1,1184.51,308.58,46.04,86.29,56.2,-1,-1
187,-1,1177.61,309.3,44.43,88.15,37.5,-1,-1
187,-1,1167.25,317.77,27.72,128.29,35.1,-1,-1
187,-1,1158.94,313.72,30.48,130.53,28.3,-1,-1
188,-1,1197.81,388.35,278.6,439.41,93.9,-1,-1
188,-1,1087.05,313.23,87.95,173.76,92.8,-1,-1
188,-1,216.25,384.76,283.86,442.3,91.7,-1,-1
188,-1,861.77,347.38,149.11,232.18,90.0,-1,-1
188,-1,1184.18,309.0,47.02,86.48,58.9,-1,-1
188,-1,1168.48,320.06,27.23,125.26,35.4,-1,-1
189,-1,1087.57,313.61,87.94,173.47,93.6,-1,-1
189,-1,1202.83,388.74,277.74,439.64,92.3,-1,-1
189,-1,217.57,383.81,284.29,440.74,91.8,-1,-1
189,-1,863.25,347.24,149.76,234.16,90.3,-1,-1
189,-1,1185.01,309.8,48.04,88.11,57.8,-1,-1
189,-1,1168.54,325.13,29.14,120.46,35.1,-1,-1
189,-1,1149.21,308.05,23.95,90.21,34.5,-1,-1
189,-1,1158.39,314.87,30.0,128.79,27.4,-1,-1
189,-1,1177.82,310.55,45.63,94.81,26.0,-1,-1
190,-1,1087.81,313.38,87.17,171.92,92.5,-1,-1
190,-1,1205.6,389.43,274.29,438.76,92.1,-1,-1
190,-1,218.28,383.8,286.43,441.19,91.9,-1,-1
190,-1,865.12,347.24,148.66,233.95,90.6,-1,-1
190,-1,1184.05,308.88,49.83,89.96,61.1,-1,-1
190,-1,1149.38,307.75,23.46,93.33,33.0,-1,-1
190,-1,1169.1,324.61,31.12,121.45,30.8,-1,-1
191,-1,1087.35,313.33,88.06,171.83,92.5,-1,-1
191,-1,219.22,383.91,283.39,441.4,92.2,-1,-1
191,-1,1207.88,389.84,274.47,438.71,91.8,-1,-1
191,-1,865.65,347.2,148.42,234.12,90.6,-1,-1
191,-1,1183.5,307.95,49.73,90.04,60.8,-1,-1
191,-1,1169.29,321.61,36.37,124.2,42.6,-1,-1
191,-1,1148.85,308.23,24.64,100.6,25.9,-1,-1
192,-1,1087.3,313.2,88.13,171.9,92.4,-1,-1
192,-1,219.42,383.9,283.83,441.97,92.3,-1,-1
192,-1,1208.02,389.95,274.2,438.92,91.9,-1,-1
192,-1,865.51,347.15,148.52,234.22,90.6,-1,-1
192,-1,1184.0,307.9,48.43,90.07,60.4,-1,-1
192,-1,1169.17,320.85,36.2,124.82,45.1,-1,-1
192,-1,1177.72,309.34,47.63,98.99,32.6,-1,-1
193,-1,1087.76,313.06,87.64,171.41,92.4,-1,-1
193,-1,219.21,384.21,282.29,440.7,92.0,-1,-1
193,-1,1208.89,390.43,275.7,438.17,91.5,-1,-1
193,-1,866.56,347.29,148.48,232.83,90.8,-1,-1
193,-1,1169.59,318.89,37.75,124.04,59.5,-1,-1
193,-1,1183.04,308.9,49.76,89.4,56.0,-1,-1
193,-1,1177.49,310.43,47.05,103.23,29.5,-1,-1
193,-1,1148.65,308.25,25.05,92.31,26.2,-1,-1
194,-1,1087.87,313.33,87.89,171.41,92.7,-1,-1
194,-1,1210.81,390.57,273.65,436.52,92.0,-1,-1
194,-1,218.06,385.17,283.66,439.64,92.0,-1,-1
194,-1,867.07,347.44,148.11,232.75,91.0,-1,-1
194,-1,1169.53,319.53,39.09,123.16,64.2,-1,-1
194,-1,1183.3,309.57,51.24,89.87,55.4,-1,-1
194,-1,1176.56,311.16,48.66,109.59,28.3,-1,-1
195,-1,1213.35,391.93,271.15,435.1,92.6,-1,-1
195,-1,1087.75,312.72,88.1,171.78,92.0,-1,-1
195,-1,218.22,385.36,284.17,440.61,91.8,-1,-1
195,-1,868.28,347.66,147.8,231.55,91.0,-1,-1
195,-1,1169.8,322.24,40.58,120.22,70.1,-1,-1
195,-1,1185.38,309.97,48.15,87.76,56.5,-1,-1
195,-1,1148.94,307.55,23.34,83.95,27.1,-1,-1
195,-1,1176.24,311.68,47.66,109.13,25.9,-1,-1
196,-1,1214.63,390.97,271.34,435.04,92.5,-1,-1
196,-1,1087.84,312.65,88.85,172.66,92.1,-1,-1
196,-1,218.43,385.46,286.16,438.9,91.6,-1,-1
196,-1,869.6,347.75,147.76,231.82,91.1,-1,-1
196,-1,1169.6,320.14,42.11,122.37,70.5,-1,-1
196,-1,1184.42,309.43,47.07,87.13,56.7,-1,-1
196,-1,1176.19,310.82,48.22,108.41,30.5,-1,-1
196,-1,1188.03,314.24,52.72,88.68,26.9,-1,-1
196,-1,1149.47,307.5,22.37,84.79,26.6,-1,-1
197,-1,1217.5,391.21,269.47,436.04,91.9,-1,-1
197,-1,870.8,347.49,148.02,231.58,91.4,-1,-1
197,-1,218.94,385.03,289.2,438.81,91.1,-1,-1
197,-1,1088.07,312.18,88.55,172.42,90.2,-1,-1
197,-1,1170.15,321.05,42.97,120.7,66.7,-1,-1
197,-1,1184.04,310.35,46.3,84.4,57.8,-1,-1
197,-1,1176.31,311.41,48.18,100.93,31.0,-1,-1
197,-1,1150.31,307.91,21.1,75.32,29.6,-1,-1
198,-1,1217.54,391.22,269.4,435.93,91.9,-1,-1
198,-1,870.82,347.5,147.96,231.55,91.5,-1,-1
198,-1,218.46,385.72,288.59,439.4,91.2,-1,-1
198,-1,1088.05,312.2,88.6,172.43,90.3,-1,-1
198,-1,1170.14,321.14,42.99,120.64,66.7,-1,-1
198,-1,1183.96,310.31,46.45,84.5,57.8,-1,-1
198,-1,1176.28,311.4,48.22,100.7,30.8,-1,-1
198,-1,1150.26,307.79,21.02,74.13,30.5,-1,-1
199,-1,1219.78,391.3,269.4,437.93,91.8,-1,-1
199,-1,218.28,385.19,291.48,441.24,91.3,-1,-1
199,-1,871.88,346.8,148.34,232.41,91.2,-1,-1
199,-1,1088.38,311.91,89.1,172.39,90.5,-1,-1
199,-1,1170.17,320.1,43.38,121.06,60.7,-1,-1
199,-1,1184.33,310.95,46.18,83.12,52.8,-1,-1
199,-1,1150.8,307.8,21.26,66.58,32.4,-1,-1
199,-1,1175.69,311.74,45.94,99.75,28.1,-1,-1
199,-1,1189.03,317.28,51.94,83.48,27.6,-1,-1
200,-1,1221.41,390.99,268.13,437.15,92.3,-1,-1
200,-1,872.12,345.81,148.25,233.54,91.5,-1,-1
200,-1,218.19,383.64,292.12,440.68,91.2,-1,-1
200,-1,1088.8,312.71,88.31,170.4,88.3,-1,-1
200,-1,1168.66,319.05,44.18,120.57,60.8,-1,-1
200,-1,1183.52,311.22,48.59,84.38,56.4,-1,-1
200,-1,1150.59,306.93,20.92,62.26,37.2,-1,-1
200,-1,1176.54,311.72,48.81,97.44,29.4,-1,-1
201,-1,1221.14,393.65,271.17,429.88,92.2,-1,-1
201,-1,218.48,383.79,292.85,440.9,91.9,-1,-1
201,-1,872.58,346.27,149.0,233.29,91.5,-1,-1
201,-1,1089.8,313.27,88.6,169.04,85.3,-1,-1
201,-1,1183.87,310.51,49.45,84.5,58.1,-1,-1
201,-1,1168.43,317.26,42.03,120.32,55.3,-1,-1
201,-1,1176.72,311.05,51.44,98.79,32.8,-1,-1
201,-1,1151.23,306.85,21.09,69.9,32.2,-1,-1
202,-1,1224.01,392.7,268.0,434.25,92.5,-1,-1
202,-1,873.58,346.16,148.85,233.07,91.8,-1,-1
202,-1,218.91,383.26,292.29,443.46,91.6,-1,-1
202,-1,1090.18,313.67,90.42,168.36,84.1,-1,-1
202,-1,1169.81,316.94,46.98,120.81,70.1,-1,-1
202,-1,1185.55,310.45,45.87,83.55,54.6,-1,-1
202,-1,1175.59,311.61,50.85,110.58,34.4,-1,-1
203,-1,1225.52,391.36,268.13,434.5,92.8,-1,-1
203,-1,873.91,346.28,148.02,232.25,91.8,-1,-1
203,-1,218.79,383.25,295.4,445.09,91.4,-1,-1
203,-1,1091.5,316.73,93.22,165.35,82.6,-1,-1
203,-1,1169.91,318.18,47.5,119.37,70.5,-1,-1
203,-1,1185.54,310.8,46.79,84.36,56.4,-1,-1
203,-1,1176.17,311.78,51.8,107.01,35.7,-1,-1
204,-1,1225.58,391.42,268.15,434.34,92.7,-1,-1
204,-1,873.93,346.09,148.07,232.53,91.7,-1,-1
204,-1,218.88,383.44,295.71,445.07,91.4,-1,-1
204,-1,1091.25,316.48,93.62,165.9,82.7,-1,-1
204,-1,1170.09,318.38,47.59,119.34,71.3,-1,-1
204,-1,1185.71,310.46,46.87,84.52,57.1,-1,-1
204,-1,1176.38,311.54,51.6,107.46,34.7,-1,-1
205,-1,1226.27,390.86,269.89,435.49,92.9,-1,-1
205,-1,218.76,383.48,299.19,447.24,92.2,-1,-1
205,-1,874.89,345.66,147.78,233.73,91.8,-1,-1
205,-1,1090.75,316.58,93.02,167.01,83.2,-1,-1
205,-1,1169.77,315.93,48.94,122.11,71.7,-1,-1
205,-1,1187.35,309.01,46.11,86.06,53.1,-1,-1
205,-1,1174.99,310.33,51.06,114.69,31.6,-1,-1
206,-1,1227.5,392.01,271.15,434.28,93.0,-1,-1
206,-1,218.09,383.98,299.44,444.91,92.1,-1,-1
206,-1,874.96,345.92,148.5,233.18,92.0,-1,-1
206,-1,1091.32,317.49,92.79,166.07,84.2,-1,-1
206,-1,1170.21,315.69,48.91,123.16,74.6,-1,-1
206,-1,1187.6,309.11,45.54,85.92,53.4,-1,-1
207,-1,1228.92,391.72,271.76,435.05,92.9,-1,-1
207,-1,218.11,383.61,297.71,444.34,92.0,-1,-1
207,-1,876.18,346.17,148.39,232.71,91.8,-1,-1
207,-1,1091.86,317.2,93.42,166.54,85.2,-1,-1
207,-1,1168.25,316.9,52.96,122.76,75.2,-1,-1
207,-1,1188.07,309.87,46.89,85.23,51.0,-1,-1
208,-1,1228.79,391.52,273.04,434.0,93.1,-1,-1
208,-1,876.09,346.37,148.76,232.26,91.6,-1,-1
208,-1,216.87,386.9,296.87,443.58,91.0,-1,-1
208,-1,1092.29,318.29,92.61,165.69,85.0,-1,-1
208,-1,1168.95,317.19,50.82,122.38,73.9,-1,-1
208,-1,1187.22,310.05,47.15,86.07,52.5,-1,-1
208,-1,1174.82,310.79,53.11,113.07,32.8,-1,-1
209,-1,1230.44,390.79,272.68,435.51,92.9,-1,-1
209,-1,876.53,346.14,149.02,232.44,91.5,-1,-1
209,-1,216.97,386.94,296.14,445.13,91.1,-1,-1
209,-1,1092.19,317.41,94.12,166.52,85.0,-1,-1
209,-1,1168.45,316.56,52.52,123.8,72.9,-1,-1
209,-1,1187.65,309.44,48.11,87.13,55.4,-1,-1
209,-1,1174.97,310.16,54.4,112.01,32.3,-1,-1
210,-1,1230.34,390.66,272.66,435.58,92.9,-1,-1
210,-1,877.22,347.31,145.92,231.45,91.4,-1,-1
210,-1,217.01,387.06,295.98,444.7,91.1,-1,-1
210,-1,1092.09,317.41,94.23,166.67,85.2,-1,-1
210,-1,1169.09,316.49,51.53,124.2,71.9,-1,-1
210,-1,1187.55,310.06,48.18,87.02,55.8,-1,-1
210,-1,1175.57,310.55,54.13,111.99,33.4,-1,-1
211,-1,1231.42,390.86,273.26,434.63,92.8,-1,-1
211,-1,877.69,347.16,146.27,231.17,91.6,-1,-1
211,-1,216.18,387.13,297.33,445.07,90.9,-1,-1
211,-1,1092.67,316.71,93.85,166.85,85.8,-1,-1
211,-1,1169.92,315.75,52.57,124.72,74.3,-1,-1
211,-1,1188.65,310.22,46.91,86.03,53.5,-1,-1
212,-1,1232.19,389.55,273.04,437.34,93.2,-1,-1
212,-1,218.52,383.81,295.2,449.06,91.7,-1,-1
212,-1,878.46,347.39,146.37,231.22,91.5,-1,-1
212,-1,1092.94,316.31,93.02,166.45,85.6,-1,-1
212,-1,1170.63,314.59,51.57,125.41,75.9,-1,-1
212,-1,1187.11,311.02,47.76,85.34,52.4,-1,-1
213,-1,1233.08,388.91,272.96,439.18,93.0,-1,-1
213,-1,217.43,384.39,294.48,449.39,91.6,-1,-1
213,-1,878.65,347.44,146.6,230.99,91.5,-1,-1
213,-1,1093.83,316.72,92.48,166.16,85.8,-1,-1
213,-1,1170.9,314.91,52.27,125.56,73.1,-1,-1
213,-1,1187.57,310.08,48.12,87.4,54.8,-1,-1
214,-1,1232.68,388.34,273.33,439.31,93.2,-1,-1
214,-1,213.62,389.4,297.88,444.24,91.7,-1,-1
214,-1,878.57,347.16,146.44,231.26,91.4,-1,-1
214,-1,1094.18,316.35,91.66,165.5,85.6,-1,-1
214,-1,1171.19,313.75,53.5,124.29,76.1,-1,-1
214,-1,1187.0,310.16,47.52,88.08,50.8,-1,-1
215,-1,1232.99,388.35,273.25,439.55,93.1,-1,-1
215,-1,878.66,346.61,146.27,231.24,91.7,-1,-1
215,-1,212.6,389.81,299.91,442.73,91.5,-1,-1
215,-1,1094.35,313.84,91.24,167.29,85.7,-1,-1
215,-1,1172.23,312.04,52.14,124.1,74.0,-1,-1
215,-1,1184.71,308.86,50.22,92.25,58.0,-1,-1
216,-1,1233.2,388.08,273.46,439.92,93.1,-1,-1
216,-1,878.66,346.77,146.31,231.1,91.7,-1,-1
216,-1,212.62,389.61,299.95,442.97,91.6,-1,-1
216,-1,1094.31,314.01,91.39,167.07,85.7,-1,-1
216,-1,1172.2,312.67,51.91,124.17,72.4,-1,-1
216,-1,1185.5,309.21,49.91,91.03,58.7,-1,-1
217,-1,1234.4,387.87,272.53,441.58,93.2,-1,-1
217,-1,212.71,390.07,299.19,443.12,91.8,-1,-1
217,-1,878.8,347.04,146.15,230.9,91.7,-1,-1
217,-1,1094.16,313.23,91.15,168.22,85.7,-1,-1
217,-1,1173.61,310.73,51.86,126.68,78.1,-1,-1
217,-1,1184.74,307.84,50.88,92.59,60.7,-1,-1
218,-1,1235.01,387.82,272.9,440.62,93.0,-1,-1
218,-1,878.56,346.63,145.95,230.81,91.8,-1,-1
218,-1,210.81,389.88,300.93,443.68,91.6,-1,-1
218,-1,1094.26,313.33,91.07,167.38,84.5,-1,-1
218,-1,1172.87,311.02,52.35,126.58,75.5,-1,-1
218,-1,1185.29,308.2,50.6,92.08,62.2,-1,-1
219,-1,1234.88,388.03,274.29,440.24,93.3,-1,-1
219,-1,878.76,346.68,146.04,230.85,91.8,-1,-1
219,-1,209.98,389.79,300.69,444.02,91.3,-1,-1
219,-1,1093.43,313.4,92.52,167.48,84.3,-1,-1
219,-1,1172.0,310.62,53.12,127.05,77.2,-1,-1
219,-1,1184.61,308.49,51.06,92.26,61.5,-1,-1
220,-1,1234.24,387.69,276.78,442.93,93.3,-1,-1
220,-1,879.07,347.13,146.68,229.97,91.9,-1,-1
220,-1,209.33,389.68,303.28,443.97,91.4,-1,-1
220,-1,1093.46,313.16,93.16,167.36,83.7,-1,-1
220,-1,1172.67,309.92,50.54,127.28,71.1,-1,-1
220,-1,1184.62,308.26,50.45,92.1,63.2,-1,-1
221,-1,1235.18,386.71,276.05,443.21,92.9,-1,-1
221,-1,879.34,346.92,147.83,229.03,91.9,-1,-1
221,-1,208.07,389.2,303.19,444.35,91.2,-1,-1
221,-1,1094.47,313.85,92.94,164.58,83.1,-1,-1
221,-1,1173.66,309.91,50.86,126.8,75.4,-1,-1
221,-1,1183.29,307.53,50.19,95.27,60.4,-1,-1
222,-1,1235.33,386.61,275.84,443.31,92.9,-1,-1
222,-1,879.34,346.85,147.79,229.12,91.9,-1,-1
222,-1,207.93,389.38,303.35,444.22,91.1,-1,-1
222,-1,1094.76,313.89,92.7,164.59,82.9,-1,-1
222,-1,1173.69,310.03,51.06,126.92,75.3,-1,-1
222,-1,1183.31,307.55,50.11,95.4,59.8,-1,-1
223,-1,1236.14,386.17,274.94,443.66,92.7,-1,-1
223,-1,879.0,346.96,148.85,229.11,91.8,-1,-1
223,-1,205.88,389.31,306.23,444.51,90.9,-1,-1
223,-1,1095.09,313.91,92.39,164.08,82.0,-1,-1
223,-1,1173.29,309.97,51.3,126.85,76.2,-1,-1
223,-1,1183.05,307.27,50.33,94.66,58.2,-1,-1
224,-1,1237.88,385.43,272.7,444.46,92.7,-1,-1
224,-1,878.78,346.79,148.75,229.33,91.9,-1,-1
224,-1,205.19,385.16,306.34,447.07,91.1,-1,-1
224,-1,1095.87,313.58,91.97,164.39,82.1,-1,-1
224,-1,1174.23,309.74,49.91,126.59,73.5,-1,-1
224,-1,1183.14,307.28,50.08,94.24,57.7,-1,-1
225,-1,1237.44,385.62,273.28,442.18,92.7,-1,-1
225,-1,878.93,347.2,149.3,228.54,92.0,-1,-1
225,-1,204.54,389.96,305.89,445.49,90.9,-1,-1
225,-1,1094.92,313.11,91.12,165.59,82.4,-1,-1
225,-1,1174.54,309.37,48.87,126.81,72.6,-1,-1
225,-1,1183.38,306.95,50.38,92.2,59.7,-1,-1
226,-1,1236.71,385.6,274.27,439.34,92.5,-1,-1
226,-1,879.15,347.36,148.5,228.19,91.9,-1,-1
226,-1,201.63,390.07,307.39,443.26,90.9,-1,-1
226,-1,1095.4,313.09,90.2,165.97,82.6,-1,-1
226,-1,1172.52,308.8,51.34,126.34,74.0,-1,-1
226,-1,1182.95,306.26,51.4,91.66,60.1,-1,-1
227,-1,1237.77,384.55,272.76,440.36,92.4,-1,-1
227,-1,879.21,346.96,147.75,228.81,91.9,-1,-1
227,-1,201.04,389.23,307.69,443.04,90.6,-1,-1
227,-1,1095.79,313.25,90.36,165.8,82.1,-1,-1
227,-1,1172.86,309.18,51.12,126.28,72.0,-1,-1
227,-1,1183.4,306.68,50.72,91.6,59.5,-1,-1
228,-1,1237.85,384.53,272.8,440.27,92.4,-1,-1
228,-1,879.13,347.18,147.85,228.62,91.9,-1,-1
228,-1,201.2,389.47,307.68,442.83,90.7,-1,-1
228,-1,1096.04,313.42,89.81,165.55,82.2,-1,-1
228,-1,1173.56,310.1,49.79,126.39,71.5,-1,-1
228,-1,1183.47,306.88,51.05,91.66,59.9,-1,-1
229,-1,1238.4,384.6,272.18,440.23,92.3,-1,-1
229,-1,879.36,346.94,147.62,228.19,91.9,-1,-1
229,-1,200.62,390.13,306.67,442.19,90.9,-1,-1
229,-1,1098.46,314.44,89.14,162.3,80.6,-1,-1
229,-1,1172.45,309.55,51.04,125.29,69.3,-1,-1
229,-1,1183.86,306.41,50.57,90.47,59.9,-1,-1
230,-1,1238.24,385.05,272.23,440.23,92.6,-1,-1
230,-1,879.67,346.79,148.02,228.89,91.9,-1,-1
230,-1,198.67,389.11,305.2,442.78,91.2,-1,-1
230,-1,1098.79,315.08,88.63,160.82,80.2,-1,-1
230,-1,1172.13,309.46,51.36,125.11,70.3,-1,-1
230,-1,1184.15,306.84,49.85,90.72,58.1,-1,-1
231,-1,1237.94,387.41,275.03,432.15,94.8,-1,-1
231,-1,200.25,384.12,302.6,451.5,92.8,-1,-1
231,-1,879.41,346.66,148.39,229.16,91.8,-1,-1
231,-1,1094.45,313.0,83.66,162.46,81.9,-1,-1
231,-1,1172.5,309.69,50.44,123.96,67.4,-1,-1
231,-1,1184.47,306.91,49.53,90.87,56.5,-1,-1
232,-1,1238.45,387.53,274.31,432.93,95.1,-1,-1
232,-1,198.86,383.81,304.94,451.8,93.2,-1,-1
232,-1,879.47,346.51,148.02,229.14,91.8,-1,-1
232,-1,1094.99,313.41,83.14,161.84,81.5,-1,-1
232,-1,1172.7,309.9,49.78,123.34,65.0,-1,-1
232,-1,1184.57,306.93,49.55,91.35,57.9,-1,-1
233,-1,1239.26,387.44,274.01,432.18,95.3,-1,-1
233,-1,196.91,384.58,308.68,449.12,92.1,-1,-1
233,-1,880.21,346.24,147.87,228.92,91.9,-1,-1
233,-1,1095.07,313.46,82.85,161.12,82.3,-1,-1
233,-1,1172.06,310.06,50.76,123.16,65.2,-1,-1
233,-1,1184.3,307.33,50.34,90.09,58.6,-1,-1
234,-1,1239.01,387.4,274.31,432.04,95.0,-1,-1
234,-1,196.92,384.58,308.74,448.96,92.1,-1,-1
234,-1,880.32,346.02,147.73,229.16,91.9,-1,-1
234,-1,1095.01,313.51,82.91,161.14,82.6,-1,-1
234,-1,1171.97,310.12,51.08,122.9,66.1,-1,-1
234,-1,1184.38,307.38,50.0,90.1,57.7,-1,-1
235,-1,1239.29,386.82,274.54,432.04,95.4,-1,-1
235,-1,196.51,384.51,309.17,448.21,92.1,-1,-1
235,-1,880.36,345.62,148.62,229.28,91.8,-1,-1
235,-1,1094.94,313.56,82.89,160.92,81.7,-1,-1
235,-1,1172.74,310.21,49.83,122.41,65.8,-1,-1
235,-1,1184.62,307.6,49.32,90.21,57.9,-1,-1
236,-1,1239.8,386.7,274.0,433.71,93.9,-1,-1
236,-1,196.0,383.38,307.26,450.25,92.8,-1,-1
236,-1,880.54,344.98,148.46,229.16,91.6,-1,-1
236,-1,1094.92,313.71,82.72,160.9,82.6,-1,-1
236,-1,1172.06,310.9,49.26,121.75,65.4,-1,-1
236,-1,1185.49,307.99,50.08,88.89,57.8,-1,-1
237,-1,195.07,383.28,304.7,451.43,93.1,-1,-1
237,-1,1238.79,384.44,272.82,439.21,92.5,-1,-1
237,-1,880.7,345.15,147.9,228.09,91.4,-1,-1
237,-1,1098.36,315.67,89.18,158.6,80.7,-1,-1
237,-1,1171.92,311.15,49.7,121.53,66.2,-1,-1
237,-1,1185.86,308.16,50.05,88.21,57.3,-1,-1
238,-1,1238.69,384.47,272.82,440.06,92.8,-1,-1
238,-1,192.5,383.97,309.13,451.79,92.6,-1,-1
238,-1,881.17,345.17,148.11,228.33,91.7,-1,-1
238,-1,1098.62,316.26,88.88,157.89,80.0,-1,-1
238,-1,1170.82,311.86,52.42,120.71,68.8,-1,-1
238,-1,1186.74,308.27,49.33,87.1,57.1,-1,-1
239,-1,1238.62,383.74,272.71,442.83,92.6,-1,-1
239,-1,191.67,384.56,309.43,448.32,91.9,-1,-1
239,-1,881.4,344.84,149.39,230.48,91.8,-1,-1
239,-1,1098.3,316.98,89.53,156.8,79.4,-1,-1
239,-1,1171.06,312.47,54.62,121.76,59.4,-1,-1
239,-1,1187.29,308.56,49.47,86.89,56.8,-1,-1
240,-1,1238.59,383.8,272.81,442.49,92.6,-1,-1
240,-1,191.75,384.7,309.65,448.62,92.0,-1,-1
240,-1,881.38,345.17,149.41,230.27,91.8,-1,-1
240,-1,1098.22,316.84,89.7,156.89,79.4,-1,-1
240,-1,1171.0,312.64,54.61,121.65,59.4,-1,-1
240,-1,1187.38,308.58,49.44,86.96,57.3,-1,-1
241,-1,1239.22,383.62,272.32,442.97,92.4,-1,-1
241,-1,881.66,345.04,149.63,229.84,91.7,-1,-1
241,-1,191.42,385.45,309.59,448.23,91.7,-1,-1
241,-1,1096.52,315.4,91.5,157.74,79.6,-1,-1
241,-1,1168.2,312.17,58.54,121.81,63.5,-1,-1
241,-1,1189.08,308.22,47.64,86.46,54.5,-1,-1
242,-1,1239.64,383.49,273.24,441.26,92.3,-1,-1
242,-1,190.39,384.74,309.08,449.15,91.9,-1,-1
242,-1,881.94,345.07,149.94,229.66,91.7,-1,-1
242,-1,1092.99,311.98,83.97,161.8,80.2,-1,-1
242,-1,1168.18,311.14,55.01,120.86,64.9,-1,-1
242,-1,1189.33,308.12,47.16,89.22,50.5,-1,-1
242,-1,1181.7,309.31,50.3,100.64,35.9,-1,-1
243,-1,1239.55,383.79,272.97,440.53,92.5,-1,-1
243,-1,188.91,384.15,309.64,449.31,91.9,-1,-1
243,-1,882.3,344.91,149.59,228.45,91.6,-1,-1
243,-1,1093.25,311.88,84.06,162.08,80.2,-1,-1
243,-1,1168.35,310.97,54.45,121.21,63.1,-1,-1
243,-1,1189.36,307.67,47.17,88.9,52.6,-1,-1
244,-1,1240.73,383.42,274.79,438.47,95.5,-1,-1
244,-1,188.26,383.93,309.35,449.55,91.9,-1,-1
244,-1,883.14,344.24,149.41,229.33,91.8,-1,-1
244,-1,1093.35,312.23,83.76,161.25,80.3,-1,-1
244,-1,1168.27,310.77,54.21,121.85,64.3,-1,-1
244,-1,1189.45,307.59,47.17,88.37,52.5,-1,-1
245,-1,1240.8,383.02,274.81,439.76,95.2,-1,-1
245,-1,187.2,382.95,311.07,451.05,92.4,-1,-1
245,-1,883.9,343.32,147.92,229.41,91.6,-1,-1
245,-1,1097.61,313.23,89.63,157.22,79.7,-1,-1
245,-1,1168.59,310.13,54.85,123.0,65.8,-1,-1
245,-1,1189.41,307.5,46.69,88.37,48.7,-1,-1
245,-1,1181.5,308.67,50.0,101.87,34.4,-1,-1
246,-1,1240.81,383.08,274.81,439.55,95.2,-1,-1
246,-1,187.05,382.77,311.32,451.14,92.4,-1,-1
246,-1,883.87,343.33,147.95,229.39,91.6,-1,-1
246,-1,1097.66,313.23,89.56,157.2,79.6,-1,-1
246,-1,1168.58,310.12,54.93,123.02,65.9,-1,-1
246,-1,1189.41,307.47,46.68,88.38,48.7,-1,-1
246,-1,1181.49,308.65,50.0,101.92,34.3,-1,-1
247,-1,1240.81,381.76,274.16,440.81,95.4,-1,-1
247,-1,186.08,381.98,314.04,452.23,92.3,-1,-1
247,-1,884.2,343.62,148.18,228.56,91.7,-1,-1
247,-1,1098.27,313.94,89.08,155.97,79.0,-1,-1
247,-1,1168.68,311.07,55.73,121.69,64.4,-1,-1
247,-1,1191.84,310.21,51.19,85.52,46.3,-1,-1
247,-1,1180.45,309.15,57.18,98.37,40.7,-1,-1
248,-1,1241.12,382.28,274.58,441.01,95.1,-1,-1
248,-1,184.6,381.6,315.53,452.48,92.3,-1,-1
248,-1,884.41,343.66,147.73,227.66,91.6,-1,-1
248,-1,1097.65,313.94,89.59,155.78,78.6,-1,-1
248,-1,1167.8,309.85,59.53,123.71,63.2,-1,-1
248,-1,1190.67,309.93,52.02,84.71,45.5,-1,-1
248,-1,1180.41,308.93,57.04,96.25,43.1,-1,-1
249,-1,1242.18,381.81,274.07,441.8,95.1,-1,-1
249,-1,183.83,380.28,315.21,454.86,92.4,-1,-1
249,-1,884.2,343.66,147.49,227.9,91.8,-1,-1
249,-1,1093.55,312.76,84.12,159.0,79.7,-1,-1
249,-1,1167.82,309.47,60.06,123.63,66.4,-1,-1
249,-1,1178.61,308.93,58.04,99.62,42.7,-1,-1
249,-1,1190.45,309.87,52.26,84.48,41.5,-1,-1
250,-1,1241.51,382.19,276.07,440.85,94.5,-1,-1
250,-1,183.69,379.53,315.8,455.69,92.6,-1,-1
250,-1,884.39,343.33,147.57,227.66,91.8,-1,-1
250,-1,1093.13,312.71,84.78,158.27,81.4,-1,-1
250,-1,1168.69,310.06,58.26,122.31,67.4,-1,-1
250,-1,1180.76,309.14,55.43,97.59,40.1,-1,-1
250,-1,1191.41,310.1,51.14,83.17,38.6,-1,-1
251,-1,1242.27,381.96,276.69,437.94,94.4,-1,-1
251,-1,182.46,379.22,316.33,455.48,92.5,-1,-1
251,-1,884.34,343.29,149.1,227.62,92.0,-1,-1
251,-1,1093.07,312.76,84.71,157.41,82.5,-1,-1
251,-1,1169.59,310.09,56.94,122.45,66.9,-1,-1
251,-1,1181.76,309.42,53.88,97.99,38.4,-1,-1
251,-1,1191.99,310.37,50.58,82.23,36.9,-1,-1
252,-1,1242.21,381.93,276.84,437.88,94.5,-1,-1
252,-1,182.49,379.16,316.2,455.38,92.5,-1,-1
252,-1,884.31,343.2,149.03,227.58,92.0,-1,-1
252,-1,1093.09,312.87,84.61,157.3,82.1,-1,-1
252,-1,1169.49,310.24,56.99,122.42,67.0,-1,-1
252,-1,1181.75,309.59,53.55,98.33,37.5,-1,-1
252,-1,1192.33,310.67,50.14,82.08,35.3,-1,-1
253,-1,1242.21,381.68,275.65,437.62,94.4,-1,-1
253,-1,182.1,379.62,314.44,452.69,92.8,-1,-1
253,-1,884.69,342.76,149.99,228.37,92.0,-1,-1
253,-1,1093.05,312.78,84.59,156.41,82.2,-1,-1
253,-1,1168.9,310.29,56.64,121.7,68.2,-1,-1
253,-1,1181.39,309.54,54.2,98.44,37.2,-1,-1
253,-1,1191.58,310.52,50.7,82.91,34.1,-1,-1
253,-1,1110.06,316.75,78.92,146.65,26.4,-1,-1
254,-1,1242.64,380.67,275.53,434.63,94.5,-1,-1
254,-1,179.68,378.67,317.9,454.5,93.4,-1,-1
254,-1,884.48,342.85,150.84,228.03,92.1,-1,-1
254,-1,1092.99,313.18,84.98,156.47,80.0,-1,-1
254,-1,1168.79,310.63,56.27,121.19,67.7,-1,-1
254,-1,1181.64,309.87,53.88,95.71,37.1,-1,-1
254,-1,1191.26,310.87,50.58,81.95,32.4,-1,-1
254,-1,1109.16,317.19,79.46,146.26,32.3,-1,-1
255,-1,1243.08,380.78,275.9,434.05,94.6,-1,-1
255,-1,178.77,379.09,318.78,452.3,93.8,-1,-1
255,-1,884.82,343.14,150.25,226.66,92.0,-1,-1
255,-1,1096.76,314.53,90.01,152.34,76.6,-1,-1
255,-1,1169.18,310.12,55.22,121.82,65.3,-1,-1
255,-1,1183.72,309.31,52.6,93.89,41.4,-1,-1
255,-1,1191.42,309.92,50.14,82.34,37.1,-1,-1
255,-1,1177.17,309.42,52.45,107.86,30.0,-1,-1
256,-1,1242.93,380.66,276.89,433.15,94.4,-1,-1
256,-1,176.98,379.59,319.62,450.54,93.7,-1,-1
256,-1,884.58,342.69,150.35,227.18,92.1,-1,-1
256,-1,1097.03,314.98,89.75,151.5,75.5,-1,-1
256,-1,1169.41,310.09,53.3,121.35,64.6,-1,-1
256,-1,1184.69,309.46,51.84,91.91,42.9,-1,-1
256,-1,1177.84,309.44,51.62,105.44,30.3,-1,-1
257,-1,1243.19,378.82,277.61,437.52,94.2,-1,-1
257,-1,178.7,380.41,314.13,450.24,92.5,-1,-1
257,-1,884.76,342.35,150.18,226.64,92.1,-1,-1
257,-1,1098.74,316.09,88.59,150.5,74.5,-1,-1
257,-1,1169.23,310.6,54.49,119.46,64.2,-1,-1
257,-1,1184.5,309.93,53.33,89.06,44.8,-1,-1
257,-1,1190.5,305.77,43.85,81.49,37.4,-1,-1
258,-1,1243.25,378.91,277.39,437.47,94.2,-1,-1
258,-1,178.67,380.27,314.12,450.35,92.4,-1,-1
258,-1,884.78,342.29,150.17,226.84,92.0,-1,-1
258,-1,1098.61,315.82,88.71,150.78,74.4,-1,-1
258,-1,1169.24,310.53,54.01,119.54,63.6,-1,-1
258,-1,1184.51,309.77,53.41,89.11,45.5,-1,-1
259,-1,1243.09,378.06,278.28,438.6,94.1,-1,-1
259,-1,176.17,379.44,317.2,450.92,92.9,-1,-1
259,-1,884.93,341.94,150.29,226.94,92.1,-1,-1
259,-1,1098.95,314.25,88.25,152.09,75.6,-1,-1
259,-1,1168.58,310.77,56.58,118.28,66.1,-1,-1
259,-1,1183.73,310.09,53.78,86.68,44.2,-1,-1
259,-1,1190.72,305.56,42.65,79.6,38.0,-1,-1
260,-1,1243.25,376.75,277.21,437.9,94.4,-1,-1
260,-1,177.87,379.86,313.55,451.3,92.9,-1,-1
260,-1,885.06,341.63,150.69,227.19,92.2,-1,-1
260,-1,1098.53,314.01,88.06,152.52,76.3,-1,-1
260,-1,1168.46,311.13,58.02,117.57,66.4,-1,-1
260,-1,1184.3,310.34,52.89,86.75,41.4,-1,-1
260,-1,1191.69,305.52,39.85,77.54,37.1,-1,-1
261,-1,175.09,380.16,318.87,447.97,94.3,-1,-1
261,-1,1244.54,375.56,275.27,442.06,94.0,-1,-1
261,-1,884.84,341.35,151.22,227.47,92.2,-1,-1
261,-1,1098.64,313.96,88.31,152.4,76.5,-1,-1
261,-1,1168.45,310.71,58.22,117.06,68.6,-1,-1
261,-1,1184.35,310.2,52.85,86.95,39.9,-1,-1
261,-1,1191.85,305.01,38.27,75.07,37.7,-1,-1
262,-1,174.33,380.0,319.4,447.51,94.3,-1,-1
262,-1,1246.06,374.46,273.14,440.5,93.9,-1,-1
262,-1,885.12,341.0,150.76,226.79,92.3,-1,-1
262,-1,1099.25,314.86,87.65,149.84,76.2,-1,-1
262,-1,1168.63,309.25,59.51,117.51,73.5,-1,-1
262,-1,1190.95,303.73,35.76,72.42,36.7,-1,-1
262,-1,1180.8,310.15,54.1,87.17,32.7,-1,-1
263,-1,1244.09,377.33,275.63,432.15,94.4,-1,-1
263,-1,175.68,380.48,316.56,448.6,92.9,-1,-1
263,-1,885.23,341.04,151.62,226.29,92.3,-1,-1
263,-1,1099.16,314.96,87.62,149.54,76.1,-1,-1
263,-1,1168.74,309.72,59.17,117.71,74.0,-1,-1
263,-1,1191.53,303.82,34.6,71.22,34.3,-1,-1
263,-1,1181.36,310.47,53.21,88.88,30.6,-1,-1
264,-1,1243.97,377.34,275.72,432.09,94.4,-1,-1
264,-1,175.91,379.97,316.36,449.14,92.9,-1,-1
264,-1,885.22,341.1,151.86,226.53,92.2,-1,-1
264,-1,1099.32,314.92,87.45,149.65,76.2,-1,-1
264,-1,1168.59,309.65,58.52,117.74,72.8,-1,-1
264,-1,1191.37,303.93,35.26,72.57,35.3,-1,-1
264,-1,1182.01,310.18,52.71,87.74,31.7,-1,-1
265,-1,172.84,379.15,319.36,446.1,94.3,-1,-1
265,-1,1243.89,377.52,276.68,430.52,94.1,-1,-1
265,-1,885.28,340.72,151.52,226.38,92.2,-1,-1
265,-1,1096.93,314.46,86.83,150.59,77.2,-1,-1
265,-1,1169.64,309.42,54.35,116.65,68.3,-1,-1
265,-1,1190.42,304.12,37.41,76.07,42.5,-1,-1
265,-1,1185.02,309.04,49.76,84.22,36.8,-1,-1
265,-1,1177.35,309.68,51.11,100.06,26.4,-1,-1
266,-1,1243.32,374.65,274.76,433.88,95.8,-1,-1
266,-1,171.48,379.18,321.29,446.04,93.5,-1,-1
266,-1,884.43,340.55,150.99,226.5,92.0,-1,-1
266,-1,1096.95,313.56,87.65,151.25,77.0,-1,-1
266,-1,1168.62,309.41,48.46,117.28,58.5,-1,-1
266,-1,1189.97,304.32,40.7,80.92,53.7,-1,-1
267,-1,1239.23,373.64,275.16,432.83,95.2,-1,-1
267,-1,166.91,378.43,321.93,447.42,93.1,-1,-1
267,-1,882.54,339.79,149.07,228.07,91.7,-1,-1
267,-1,1089.51,310.23,87.14,154.9,82.8,-1,-1
267,-1,1169.47,307.44,43.5,121.8,55.4,-1,-1
267,-1,1186.41,303.97,40.41,85.56,52.1,-1,-1
268,-1,159.9,378.6,325.24,452.32,93.3,-1,-1
268,-1,1234.98,372.32,274.52,438.85,91.9,-1,-1
268,-1,878.74,340.19,148.95,227.65,91.7,-1,-1
268,-1,1088.91,312.35,87.3,149.77,89.0,-1,-1
268,-1,1165.9,308.7,49.94,118.27,63.3,-1,-1
268,-1,1180.17,306.41,45.99,91.59,47.3,-1,-1
269,-1,151.38,381.23,329.35,447.74,94.2,-1,-1
269,-1,1229.37,372.47,275.28,435.41,92.0,-1,-1
269,-1,874.17,338.41,152.66,230.02,91.4,-1,-1
269,-1,1085.96,311.26,85.96,151.69,84.1,-1,-1
269,-1,1159.28,308.38,51.46,117.95,60.1,-1,-1
269,-1,1165.57,305.28,53.49,111.53,59.9,-1,-1
269,-1,1172.11,306.69,50.58,91.74,37.7,-1,-1
269,-1,1151.42,308.17,43.89,121.55,26.0,-1,-1
270,-1,151.57,381.31,329.11,447.71,94.2,-1,-1
270,-1,1229.76,373.7,274.29,430.83,92.0,-1,-1
270,-1,874.17,338.39,152.6,230.0,91.4,-1,-1
270,-1,1085.92,311.21,86.21,151.49,83.2,-1,-1
270,-1,1165.73,305.2,53.65,111.24,60.3,-1,-1
270,-1,1159.26,308.21,51.5,118.06,60.0,-1,-1
270,-1,1172.04,306.58,50.64,92.66,38.7,-1,-1
271,-1,145.59,376.32,330.7,458.46,93.8,-1,-1
271,-1,1226.69,375.88,273.97,424.48,93.1,-1,-1
271,-1,870.85,338.22,148.69,230.62,91.2,-1,-1
271,-1,1081.84,310.88,85.01,152.13,82.2,-1,-1
271,-1,1162.07,305.96,49.38,116.15,59.5,-1,-1
271,-1,1151.71,309.76,52.89,118.13,56.4,-1,-1
271,-1,1172.02,303.88,41.94,93.04,52.9,-1,-1
272,-1,138.26,375.86,333.05,457.34,93.7,-1,-1
272,-1,1221.82,371.37,271.23,429.28,92.6,-1,-1
272,-1,866.4,337.15,150.41,231.18,91.1,-1,-1
272,-1,1075.53,310.66,88.71,153.37,79.6,-1,-1
272,-1,1143.2,308.06,58.88,117.55,78.4,-1,-1
272,-1,1170.32,302.86,34.5,74.81,28.7,-1,-1
272,-1,1160.2,306.92,45.89,92.34,27.9,-1,-1
273,-1,131.55,376.73,337.06,456.69,93.8,-1,-1
273,-1,1217.03,374.43,274.39,422.48,93.7,-1,-1
273,-1,862.85,337.44,149.04,229.59,91.5,-1,-1
273,-1,1071.25,311.93,88.84,151.65,78.0,-1,-1
273,-1,1141.63,307.77,57.39,118.19,68.4,-1,-1
273,-1,1154.79,306.37,46.92,111.15,56.7,-1,-1
273,-1,1161.96,305.5,42.77,95.24,36.1,-1,-1
273,-1,1067.04,309.24,57.41,142.05,25.2,-1,-1
274,-1,130.23,377.66,338.84,453.67,94.3,-1,-1
274,-1,1215.22,374.51,275.15,420.31,93.6,-1,-1
274,-1,860.83,337.46,149.31,227.83,91.4,-1,-1
274,-1,1067.05,312.19,86.99,150.87,79.7,-1,-1
274,-1,1146.28,306.72,47.79,120.75,67.5,-1,-1
274,-1,1153.84,306.48,47.32,108.32,60.1,-1,-1
274,-1,1161.24,303.89,43.68,84.24,43.5,-1,-1
275,-1,129.2,376.19,335.65,454.01,94.1,-1,-1
275,-1,1216.18,369.44,271.74,425.64,93.2,-1,-1
275,-1,860.46,337.95,149.49,227.2,91.6,-1,-1
275,-1,1066.79,312.93,87.21,150.73,88.0,-1,-1
275,-1,1136.52,307.48,58.59,118.49,69.8,-1,-1
275,-1,1151.9,307.26,48.32,110.36,56.6,-1,-1
275,-1,1161.56,303.54,43.03,83.55,48.0,-1,-1
275,-1,1125.46,308.39,59.89,117.69,29.1,-1,-1
276,-1,130.19,376.86,337.49,454.21,93.8,-1,-1
276,-1,1215.25,369.47,273.09,425.88,93.5,-1,-1
276,-1,860.38,338.22,149.83,226.18,91.4,-1,-1
276,-1,1066.74,312.64,86.67,150.83,87.4,-1,-1
276,-1,1129.85,308.51,66.82,116.55,72.2,-1,-1
276,-1,1163.02,303.31,41.61,81.48,57.5,-1,-1
276,-1,1150.76,306.88,51.27,108.63,54.7,-1,-1
276,-1,1123.93,306.12,59.1,113.76,27.4,-1,-1
277,-1,129.25,375.05,336.05,455.44,93.9,-1,-1
277,-1,1214.73,368.91,273.66,425.82,93.3,-1,-1
277,-1,860.37,338.63,150.23,225.17,91.3,-1,-1
277,-1,1066.77,313.24,87.65,149.91,91.1,-1,-1
277,-1,1128.06,307.08,67.51,118.64,71.7,-1,-1
277,-1,1162.2,303.31,43.28,81.6,56.0,-1,-1
277,-1,1146.92,306.51,55.0,111.89,55.0,-1,-1
277,-1,1152.63,305.48,51.84,90.88,34.7,-1,-1
278,-1,129.24,374.84,335.89,455.5,93.9,-1,-1
278,-1,1216.44,368.5,272.58,426.23,93.4,-1,-1
278,-1,1065.9,312.47,89.71,151.41,91.2,-1,-1
278,-1,860.8,337.43,149.28,226.74,91.1,-1,-1
278,-1,1130.17,306.38,65.09,119.68,73.1,-1,-1
278,-1,1145.61,305.95,53.98,109.77,57.7,-1,-1
278,-1,1159.48,303.57,43.43,78.65,42.3,-1,-1
279,-1,129.27,374.92,336.47,456.14,94.0,-1,-1
279,-1,1219.74,368.49,269.47,427.09,92.9,-1,-1
279,-1,1065.73,312.21,90.13,151.85,91.2,-1,-1
279,-1,860.75,335.0,150.25,227.72,90.9,-1,-1
279,-1,1131.58,307.65,63.5,118.07,73.0,-1,-1
279,-1,1145.11,307.27,54.29,109.57,55.8,-1,-1
279,-1,1154.69,305.66,49.22,81.76,29.5,-1,-1
280,-1,129.29,374.67,336.67,455.81,93.9,-1,-1
280,-1,1220.59,368.16,267.93,426.87,92.8,-1,-1
280,-1,1065.59,312.17,90.36,152.96,91.0,-1,-1
280,-1,861.5,334.45,149.57,228.1,90.8,-1,-1
280,-1,1131.65,307.42,63.59,117.83,74.0,-1,-1
280,-1,1153.57,305.65,49.29,81.28,27.0,-1,-1
281,-1,128.93,374.85,337.36,453.8,93.8,-1,-1
281,-1,1220.1,367.64,268.49,427.81,92.9,-1,-1
281,-1,863.2,334.3,147.86,227.85,90.6,-1,-1
281,-1,1064.87,311.89,90.7,151.97,90.3,-1,-1
281,-1,1131.32,307.27,63.67,118.13,74.0,-1,-1
281,-1,1154.51,305.63,48.61,80.52,27.6,-1,-1
282,-1,128.92,374.9,337.24,453.65,93.9,-1,-1
282,-1,1219.68,367.62,268.78,427.71,92.8,-1,-1
282,-1,863.35,334.28,147.66,228.22,90.6,-1,-1
282,-1,1064.81,311.86,90.73,152.05,90.5,-1,-1
282,-1,1131.47,307.22,63.67,118.21,73.9,-1,-1
282,-1,1154.44,305.63,48.63,80.85,27.4,-1,-1
283,-1,129.14,374.7,336.81,452.93,93.9,-1,-1
283,-1,1221.73,366.83,266.34,429.03,92.7,-1,-1
283,-1,864.51,333.69,146.19,228.97,90.6,-1,-1
283,-1,1064.8,311.27,90.24,151.32,88.4,-1,-1
283,-1,1129.88,307.49,64.16,117.54,73.4,-1,-1
283,-1,1154.96,305.8,47.83,79.8,26.6,-1,-1
284,-1,129.85,374.52,336.5,452.87,93.9,-1,-1
284,-1,1222.96,368.44,265.19,426.22,92.8,-1,-1
284,-1,864.67,333.4,146.81,229.6,90.7,-1,-1
284,-1,1064.19,311.24,90.99,151.18,88.9,-1,-1
284,-1,1128.01,307.31,65.62,117.78,73.6,-1,-1
284,-1,1154.89,305.75,47.2,77.66,26.7,-1,-1
284,-1,1139.39,308.26,58.75,99.42,25.8,-1,-1
285,-1,130.32,373.88,337.48,454.89,93.8,-1,-1
285,-1,1223.8,367.79,265.07,428.56,92.8,-1,-1
285,-1,866.07,333.53,145.7,230.17,90.8,-1,-1
285,-1,1064.06,311.19,91.0,151.23,88.1,-1,-1
285,-1,1127.85,307.55,65.59,117.75,73.7,-1,-1
285,-1,1138.43,308.59,58.99,100.24,27.3,-1,-1
